region_id,Persons_Total_Provided_unpaid_assistance,Persons_Total_No_unpaid_assistance_provided,Persons_Total_Unpaid_assistance_not_stated,Persons_Total_Total
1100101,0,0,514,514
1100102,61,384,38,483
1100103,0,15,0,15
1100104,0,13,0,13
1100105,30,183,9,222
1100106,31,149,14,194
1100107,27,151,21,199
1100108,27,148,21,196
1100109,31,194,22,247
1100110,55,342,25,422
1100111,65,369,20,454
1100112,39,284,18,341
1100113,42,288,24,354
1100114,35,236,27,298
1100115,50,302,45,397
1100116,54,278,25,357
1100117,31,167,7,205
1100118,23,222,21,266
1100119,28,179,21,228
1100120,40,284,14,338
1100121,21,142,16,179
1100122,26,187,11,224
1100123,36,210,22,268
1100124,45,257,27,329
1100125,50,255,26,331
1100126,23,179,18,220
1100127,46,272,26,344
1100128,26,169,18,213
1100129,37,292,29,358
1100130,53,158,34,245
1100131,42,181,17,240
1100132,59,383,52,494
1100133,42,221,9,272
1100134,51,238,7,296
1100135,46,233,22,301
1100136,68,306,23,397
1100137,20,150,18,188
1100138,42,256,46,344
1100139,22,135,21,178
1100140,36,179,17,232
1100141,41,416,29,486
1100142,39,188,16,243
1100143,46,243,13,302
1100144,19,147,9,175
1100145,27,210,29,266
1100146,29,289,31,349
1100147,49,354,54,457
1100148,50,217,42,309
1100149,54,240,25,319
1100150,30,184,18,232
1100151,18,133,101,252
1100152,29,103,27,159
1100153,53,319,29,401
1100154,51,359,21,431
1100155,36,183,29,248
1100156,44,261,3,308
1100157,60,333,52,445
1100158,34,224,9,267
1100159,3,79,3,85
1100160,0,9,3,12
1100161,25,232,18,275
1100201,74,367,41,482
1100202,42,226,34,302
1100203,45,207,23,275
1100204,15,202,13,230
1100205,55,334,62,451
1100206,44,266,23,333
1100207,51,341,13,405
1100208,39,204,18,261
1100209,22,136,13,171
1100210,39,202,12,253
1100211,20,116,16,152
1100212,30,242,23,295
1100213,30,186,11,227
1100214,26,158,22,206
1100215,26,172,22,220
1100216,57,290,22,369
1100217,38,213,25,276
1100218,41,197,29,267
1100219,47,218,25,290
1100220,34,202,31,267
1100221,18,181,16,215
1100222,59,335,17,411
1100223,37,292,27,356
1100224,24,165,24,213
1100225,26,205,19,250
1100226,53,400,21,474
1100227,39,260,17,316
1100228,44,233,16,293
1100229,17,136,12,165
1100230,29,166,22,217
1100231,54,314,41,409
1100232,31,122,13,166
1100233,35,158,16,209
1100301,56,376,32,464
1100302,9,104,3,116
1100303,28,164,19,211
1100304,51,326,21,398
1100305,51,273,21,345
1100306,51,229,19,299
1100307,67,413,125,605
1100308,42,198,14,254
1100309,40,292,34,366
1100310,33,276,41,350
1100311,51,338,57,446
1100312,44,349,43,436
1100313,49,247,15,311
1100314,68,305,25,398
1100401,17,122,21,160
1100402,34,185,25,244
1100403,5,67,6,78
1100404,48,500,31,579
1100405,27,222,12,261
1100406,26,160,10,196
1100407,31,296,26,353
1100408,29,208,12,249
1100409,15,92,6,113
1100410,45,236,21,302
1100411,24,140,23,187
1100412,24,195,29,248
1100413,24,161,10,195
1100414,19,156,9,184
1100415,32,270,18,320
1100416,36,223,18,277
1100417,21,168,11,200
1100418,0,0,0,0
1100419,26,103,13,142
1100420,35,273,26,334
1100421,24,158,15,197
1100422,34,189,11,234
1100423,21,102,0,123
1100424,29,189,6,224
1100425,63,331,21,415
1100426,32,229,10,271
1100427,18,153,12,183
1100428,40,255,16,311
1100429,25,171,21,217
1100430,12,151,3,166
1100431,51,366,46,463
1100432,31,193,9,233
1100433,32,193,15,240
1100434,17,199,3,219
1100501,12,100,12,124
1100502,34,265,27,326
1100503,39,289,15,343
1100504,74,349,27,450
1100505,65,350,46,461
1100506,36,248,44,328
1100507,18,146,46,210
1100508,30,121,15,166
1100509,37,248,29,314
1100510,39,230,44,313
1100511,18,158,15,191
1100512,56,272,48,376
1100513,32,196,24,252
1100514,21,232,26,279
1100515,39,247,61,347
1100516,22,170,34,226
1100517,54,342,35,431
1100518,28,141,6,175
1100519,17,181,21,219
1100520,52,223,9,284
1100521,25,163,30,218
1100522,19,150,16,185
1100523,15,138,21,174
1100524,31,194,29,254
1100525,32,214,34,280
1100526,24,128,12,164
1100527,39,268,28,335
1100528,0,154,10,164
1100529,31,151,14,196
1100530,27,184,9,220
1100601,68,363,30,461
1100602,34,251,37,322
1100603,20,185,24,229
1100604,60,296,37,393
1100605,36,199,24,259
1100606,30,214,20,264
1100607,17,161,18,196
1100608,37,232,36,305
1100609,45,251,24,320
1100610,35,146,23,204
1100611,31,201,31,263
1100612,42,237,20,299
1100613,63,292,26,381
1100614,29,170,10,209
1100615,18,115,3,136
1100616,28,246,21,295
1100617,31,269,21,321
1100618,24,144,14,182
1100619,63,246,36,345
1100620,44,207,19,270
1100621,37,202,24,263
1100701,26,168,12,206
1100702,37,217,21,275
1100703,53,211,23,287
1100704,47,298,39,384
1100705,32,199,27,258
1100706,17,149,9,175
1100707,36,200,17,253
1100708,56,247,33,336
1100709,17,182,23,222
1100710,48,245,38,331
1100801,24,243,22,289
1100802,54,390,35,479
1100803,45,214,40,299
1100804,22,279,31,332
1100805,27,139,38,204
1100806,51,243,23,317
1100807,39,309,35,383
1100808,64,320,24,408
1100809,0,0,0,0
1100810,28,168,15,211
1100811,32,221,14,267
1100812,13,163,3,179
1100813,29,296,9,334
1100814,39,340,23,402
1100815,31,345,31,407
1100816,32,285,47,364
1100817,21,239,9,269
1100818,25,200,30,255
1100819,44,303,24,371
1100820,28,186,12,226
1100821,32,313,40,385
1100822,15,164,27,206
1100823,18,141,22,181
1100901,29,154,10,193
1100902,38,226,21,285
1100903,79,466,43,588
1100904,26,251,40,317
1100905,46,281,16,343
1100906,56,487,56,599
1100907,29,277,43,349
1100908,33,352,62,447
1100909,24,380,66,470
1100910,37,305,23,365
1100911,25,270,49,344
1100912,30,196,17,243
1100913,49,432,42,523
1100914,41,287,28,356
1100915,57,491,70,618
1100916,42,298,35,375
1100917,31,172,25,228
1100918,56,360,41,457
1100919,34,284,45,363
1100920,33,198,123,354
1100921,25,258,28,311
1100922,46,468,38,552
1101001,3,82,17,102
1101002,36,256,21,313
1101003,38,216,31,285
1101004,16,199,13,228
1101005,48,496,39,583
1101006,28,335,48,411
1101007,12,203,16,231
1101008,36,324,28,388
1101009,44,243,35,322
1101010,24,238,19,281
1101011,0,25,6,31
1101012,9,65,3,77
1101013,0,0,0,0
1101014,19,114,9,142
1101015,34,416,56,506
1101101,37,234,25,296
1101102,21,145,15,181
1101103,13,172,12,197
1101104,36,279,41,356
1101105,43,319,49,411
1101106,36,237,28,301
1101107,39,198,38,275
1101108,28,281,36,345
1101109,40,188,16,244
1101110,48,209,15,272
1101111,42,259,29,330
1101112,23,115,7,145
1101113,18,72,3,93
1101114,33,194,18,245
1101115,28,157,10,195
1101116,35,172,40,247
1101117,44,165,15,224
1101118,27,244,14,285
1101119,26,188,30,244
1101120,55,348,13,416
1101121,35,200,9,244
1101122,27,199,15,241
1101123,21,127,18,166
1101124,46,529,32,607
1101125,42,319,23,384
1101126,59,297,23,379
1101127,29,206,24,259
1101128,27,162,27,216
1101129,29,231,17,277
1101130,56,361,37,454
1101131,14,155,9,178
1101132,26,194,9,229
1101133,33,223,9,265
1101134,42,194,11,247
1101135,43,154,15,212
1101136,24,206,10,240
1101137,22,223,7,252
1101138,26,327,12,365
1101139,16,149,6,171
1101140,36,266,9,311
1101201,18,133,15,166
1101202,15,158,3,176
1101203,29,342,25,396
1101204,23,186,15,224
1101205,16,209,6,231
1101206,30,221,5,256
1101207,30,158,9,197
1101208,33,334,13,380
1101209,68,414,28,510
1101210,42,317,21,380
1101211,39,351,9,399
1101212,19,201,9,229
1101213,40,322,16,378
1101214,47,339,13,399
1101215,27,306,9,342
1101216,24,210,12,246
1101217,0,12,9,21
1101218,38,334,18,390
1101219,34,419,50,503
1101220,55,292,24,371
1101221,14,201,0,215
1101222,35,334,16,385
1101223,47,367,22,436
1101224,33,386,25,444
1101225,0,0,0,0
1101226,0,0,0,0
1101227,20,279,9,308
1101228,37,280,12,329
1101229,37,261,30,328
1101230,22,152,12,186
1101231,21,219,0,240
1101232,33,320,3,356
1101301,27,183,20,230
1101302,53,285,52,390
1101303,26,165,21,212
1101304,43,317,19,379
1101305,33,133,7,173
1101306,38,113,7,158
1101307,27,184,22,233
1101308,36,149,11,196
1101401,35,210,17,262
1101402,48,217,21,286
1101403,42,262,28,332
1101404,47,287,38,372
1101405,46,285,33,364
1101406,61,314,25,400
1101407,52,266,18,336
1101408,20,138,10,168
1101409,36,302,27,365
1101410,40,275,32,347
1101411,37,227,147,411
1101412,50,313,22,385
1101413,34,224,31,289
1101414,19,121,10,150
1101415,25,215,15,255
1101416,52,308,16,376
1101417,0,10,0,10
1101418,32,255,12,299
1101501,0,0,0,0
1101502,3,12,0,15
1101503,20,143,10,173
1101504,26,121,15,162
1101505,18,67,3,88
1101506,25,238,23,286
1101507,21,158,6,185
1101508,41,234,31,306
1101509,52,329,18,399
1101510,51,228,29,308
1101511,24,161,12,197
1101512,21,134,21,176
1101513,34,248,24,306
1101601,9,96,14,119
1101602,52,269,20,341
1101603,51,173,8,232
1101604,10,133,9,152
1101605,17,141,19,177
1101606,33,259,15,307
1101607,23,147,24,194
1101608,17,184,6,207
1101609,10,142,65,217
1101610,44,417,36,497
1101611,8,183,186,377
1101612,9,99,16,124
1101613,16,149,3,168
1101614,13,200,22,235
1101615,32,220,26,278
1101616,34,286,54,374
1101617,23,227,85,335
1101618,33,283,109,425
1101619,41,295,27,363
1101620,13,130,43,186
1101701,54,391,52,497
1101702,24,139,20,183
1101703,43,272,38,353
1101704,39,231,42,312
1101705,27,135,37,199
1101706,46,283,52,381
1101707,0,3,0,3
1101708,40,252,33,325
1101709,43,391,38,472
1101710,33,236,52,321
1101711,29,182,24,235
1101712,49,325,24,398
1101713,39,256,42,337
1101714,0,0,0,0
1101715,0,0,0,0
1101716,57,270,37,364
1101717,33,175,20,228
1101718,39,250,53,342
1101719,47,220,24,291
1101720,21,172,15,208
1101721,42,235,28,305
1101722,48,353,29,430
1101801,22,231,18,271
1101802,28,212,14,254
1101803,38,235,11,284
1101804,28,131,12,171
1101805,23,162,6,191
1101806,48,303,37,388
1101807,60,258,103,421
1101808,61,338,111,510
1101809,22,190,16,228
1101810,25,187,24,236
1101811,43,195,24,262
1101812,39,284,33,356
1101813,39,160,6,205
1101814,28,173,18,219
1101815,28,190,21,239
1101816,43,235,21,299
1101817,44,364,30,438
1101818,40,311,38,389
1101819,40,221,21,282
1101820,28,160,39,227
1101821,26,144,13,183
1101822,36,308,41,385
1101823,40,277,63,380
1101824,0,0,0,0
1101901,40,280,65,385
1101902,46,278,37,361
1101903,27,194,23,244
1101904,42,288,50,380
1101905,46,227,57,330
1101906,34,251,40,325
1101907,28,222,36,286
1101908,50,182,19,251
1101909,23,217,24,264
1101910,14,103,3,120
1101911,41,289,37,367
1101912,60,239,25,324
1101913,44,307,23,374
1101914,63,429,28,520
1101915,24,130,7,161
1101916,59,309,19,387
1101917,79,377,15,471
1101918,31,170,8,209
1101919,21,141,7,169
1101920,28,184,16,228
1101921,7,119,9,135
1101922,26,192,13,231
1102001,31,221,9,261
1102002,58,339,22,419
1102003,23,229,31,283
1102004,29,208,37,274
1102005,37,182,10,229
1102006,56,199,48,303
1102007,41,178,22,241
1102008,35,257,5,297
1102009,0,0,0,0
1102010,3,0,0,3
1102011,27,204,30,261
1102012,0,0,0,0
1102013,21,111,12,144
1102014,38,122,0,160
1102015,20,106,12,138
1102016,50,178,27,255
1102017,23,171,7,201
1102018,41,278,16,335
1102019,56,232,24,312
1102020,58,323,42,423
1102021,0,0,0,0
1102022,30,190,21,241
1102023,25,188,8,221
1102024,36,163,22,221
1102025,59,238,17,314
1102026,31,102,3,136
1102027,31,132,15,178
1102028,50,238,15,303
1102029,47,142,37,226
1102030,46,238,31,315
1102031,16,107,9,132
1102032,19,157,56,232
1102101,42,216,32,290
1102102,21,120,30,171
1102103,39,279,16,334
1102104,52,285,30,367
1102105,50,190,12,252
1102106,59,377,71,507
1102107,49,346,34,429
1102201,3,39,0,42
1102301,25,267,32,324
1102302,51,275,13,339
1102303,26,174,15,215
1102304,18,112,9,139
1102305,60,305,31,396
1102306,28,213,27,268
1102307,28,193,22,243
1102308,61,314,48,423
1102309,38,228,21,287
1102310,0,0,7,7
1102401,25,156,39,220
1102402,41,184,34,259
1102403,32,157,22,211
1102404,47,227,16,290
1102405,31,159,6,196
1102406,37,148,11,196
1102407,29,156,15,200
1102408,34,177,30,241
1102409,32,183,12,227
1102410,32,140,10,182
1102411,28,164,20,212
1102412,32,174,21,227
1102501,0,0,0,0
1102502,29,197,13,239
1102503,21,193,51,265
1102504,23,204,31,258
1102505,20,142,41,203
1102506,45,204,15,264
1102507,30,163,18,211
1102508,55,393,35,483
1102509,6,77,10,93
1102510,29,201,4,234
1102511,38,282,30,350
1102512,52,375,27,454
1102513,42,255,31,328
1102514,33,123,11,167
1102515,24,275,31,330
1102516,29,163,18,210
1102517,32,211,11,254
1102518,40,254,15,309
1102519,24,197,20,241
1102520,42,386,36,464
1102521,18,173,22,213
1102522,38,238,14,290
1102523,19,102,6,127
1102524,27,181,9,217
1102525,41,273,32,346
1102526,29,237,3,269
1102527,42,276,55,373
1102528,49,417,45,511
1102529,36,239,21,296
1102530,46,227,41,314
1102601,52,324,25,401
1102602,68,368,23,459
1102603,42,234,15,291
1102604,47,215,36,298
1102605,63,333,37,433
1102606,23,195,16,234
1102607,54,281,27,362
1102608,44,231,21,296
1102609,40,270,22,332
1102610,35,144,12,191
1102611,29,169,10,208
1102612,20,142,14,176
1102613,27,158,7,192
1102614,55,361,39,455
1102615,42,258,6,306
1102616,16,131,8,155
1102617,32,141,6,179
1102618,38,186,15,239
1102619,41,215,12,268
1102620,31,166,24,221
1102621,31,183,30,244
1102622,29,163,6,198
1102623,24,185,27,236
1102701,31,161,10,202
1102702,33,223,37,293
1102703,22,118,12,152
1102704,32,161,32,225
1102705,41,288,46,375
1102706,53,335,98,486
1102707,52,331,48,431
1102708,39,236,27,302
1102709,60,356,38,454
1102710,33,126,12,171
1102711,0,0,0,0
1102712,57,261,23,341
1102713,43,281,29,353
1102714,0,0,0,0
1102715,0,21,0,21
1102716,0,0,0,0
1102717,29,161,18,208
1102718,38,211,30,279
1102719,47,244,25,316
1102720,27,197,6,230
1102721,53,361,48,462
1102722,21,63,3,87
1102723,21,172,20,213
1102724,40,253,30,323
1102725,37,233,32,302
1102726,26,151,4,181
1102727,62,233,39,334
1102728,26,178,29,233
1102729,71,337,47,455
1102801,0,0,0,0
1102802,55,353,41,449
1102803,59,340,45,444
1102804,26,145,9,180
1102805,23,213,18,254
1102806,53,318,37,408
1102807,42,234,24,300
1102808,33,249,9,291
1102809,44,410,14,468
1102810,45,272,45,362
1102811,46,266,12,324
1102812,33,247,15,295
1102813,40,214,45,299
1102814,29,279,18,326
1102815,26,205,12,243
1102816,28,171,21,220
1102817,39,213,38,290
1102818,42,243,13,298
1102901,31,185,19,235
1102902,27,177,18,222
1102903,37,261,29,327
1102904,48,294,23,365
1102905,36,251,21,308
1102906,22,113,25,160
1102907,36,197,16,249
1102908,52,265,20,337
1102909,57,237,26,320
1102910,57,301,32,390
1102911,46,313,25,384
1102912,48,309,35,392
1102913,35,179,39,253
1102914,43,204,20,267
1102915,56,316,26,398
1102916,16,253,18,287
1102917,39,147,13,199
1102918,35,248,36,319
1102919,27,208,36,271
1102920,0,9,0,9
1102921,0,0,0,0
1102922,39,288,14,341
1102923,32,238,20,290
1102924,26,316,21,363
1102925,47,311,37,395
1102926,30,218,27,275
1102927,57,355,31,443
1102928,100,474,57,631
1103001,62,249,19,330
1103002,43,379,30,452
1103003,24,130,13,167
1103004,26,192,28,246
1103005,18,179,29,226
1103006,21,234,20,275
1103007,31,243,29,303
1103008,18,120,23,161
1103009,42,236,25,303
1103010,29,249,24,302
1103011,61,291,74,426
1103012,37,291,15,343
1103101,26,213,21,260
1103102,28,155,116,299
1103103,36,256,35,327
1103104,42,269,39,350
1103105,54,341,35,430
1103106,16,151,15,182
1103107,0,14,0,14
1103108,18,157,7,182
1103109,13,167,9,189
1103110,39,290,21,350
1103111,34,200,21,255
1103112,25,96,9,130
1103113,53,292,24,369
1103114,53,280,26,359
1103115,50,338,24,412
1103116,56,326,22,404
1103117,32,236,18,286
1103118,35,220,21,276
1103119,46,254,20,320
1103120,47,261,21,329
1103121,34,162,15,211
1103122,38,265,15,318
1103123,47,248,33,328
1103124,32,225,17,274
1103125,26,160,18,204
1103126,37,271,53,361
1103127,30,215,13,258
1103128,15,263,83,361
1103129,52,372,29,453
1103130,32,192,6,230
1103131,75,428,92,595
1103132,0,13,0,13
1103133,35,259,18,312
1103134,41,287,29,357
1103135,47,265,33,345
1103136,41,242,21,304
1103137,12,223,30,265
1103138,63,316,33,412
1103201,36,250,18,304
1103202,46,273,47,366
1103203,54,440,30,524
1103204,30,312,54,396
1103205,30,152,29,211
1103206,0,27,18,45
1103207,18,163,27,208
1103208,41,320,26,387
1103209,63,482,18,563
1103210,17,113,21,151
1103211,54,333,28,415
1103212,47,289,46,382
1103213,3,0,0,3
1103214,65,404,29,498
1103215,22,103,18,143
1103216,30,192,30,252
1103217,21,101,34,156
1103218,43,364,52,459
1103219,24,258,12,294
1103220,27,271,22,320
1103221,16,217,43,276
1103222,49,473,50,572
1103223,0,0,0,0
1103224,38,361,38,437
1103225,24,145,21,190
1103226,33,157,39,229
1103227,42,329,70,441
1103228,86,417,86,589
1103229,23,218,28,269
1103230,48,315,49,412
1103231,46,323,22,391
1103232,43,266,60,369
1103233,31,198,8,237
1103234,77,462,22,561
1103235,39,227,26,292
1103236,19,311,117,447
1103237,22,232,48,302
1103238,27,231,10,268
1103239,57,425,61,543
1103240,31,263,29,323
1103241,25,271,57,353
1103242,39,359,86,484
1103243,66,336,41,443
1103244,47,462,111,620
1103301,21,146,3,170
1103302,40,304,30,374
1103303,25,237,13,275
1103304,35,225,18,278
1103305,24,206,15,245
1103306,20,181,10,211
1103307,21,123,3,147
1103308,43,260,20,323
1103309,0,74,0,74
1103310,21,207,30,258
1103311,38,233,28,299
1103312,23,210,16,249
1103313,31,188,12,231
1103314,31,215,15,261
1103315,60,502,38,600
1103316,0,0,0,0
1103317,43,315,17,375
1103318,26,128,12,166
1103319,30,240,24,294
1103320,0,4,0,4
1103401,38,262,6,306
1103402,41,223,24,288
1103403,58,358,41,457
1103404,27,183,18,228
1103405,58,215,20,293
1103406,16,104,9,129
1103407,24,169,25,218
1103408,30,221,23,274
1103409,24,207,10,241
1103410,28,267,19,314
1103411,51,317,16,384
1103412,43,325,17,385
1103413,51,252,12,315
1103414,50,256,33,339
1103415,18,107,19,144
1103416,40,308,36,384
1103417,39,257,31,327
1103418,38,403,105,546
1103419,35,221,3,259
1103501,51,430,19,500
1103502,35,212,31,278
1103503,44,305,20,369
1103504,42,283,23,348
1103505,30,302,18,350
1103506,49,341,19,409
1103507,24,206,15,245
1103508,64,269,6,339
1103509,38,228,16,282
1103510,37,304,13,354
1103511,49,302,21,372
1103512,23,223,15,261
1103513,32,231,14,277
1103514,43,252,17,312
1103515,29,180,45,254
1103516,25,145,18,188
1103517,4,16,0,20
1103601,21,142,9,172
1103602,13,154,16,183
1103603,39,359,21,419
1103604,36,196,9,241
1103605,29,251,18,298
1103606,28,157,15,200
1103607,30,124,9,163
1103608,23,229,17,269
1103609,25,200,19,244
1103610,47,410,24,481
1103611,28,223,19,270
1103612,15,105,13,133
1103613,42,252,11,305
1103614,47,350,26,423
1103615,26,152,6,184
1103616,31,169,17,217
1103617,36,236,19,291
1103618,13,176,18,207
1103619,37,316,14,367
1103620,46,303,27,376
1103621,77,357,35,469
1103622,32,221,12,265
1103701,56,437,41,534
1103702,48,333,41,422
1103703,62,415,62,539
1103704,20,154,9,183
1103705,43,294,19,356
1103706,42,226,18,286
1103707,43,318,36,397
1103708,35,144,21,200
1103709,66,373,27,466
1103710,36,224,57,317
1103711,23,207,9,239
1103712,35,181,33,249
1103713,45,436,56,537
1103714,33,281,78,392
1103801,37,293,24,354
1103802,56,333,21,410
1103803,48,201,22,271
1103804,34,319,32,385
1103805,38,178,7,223
1103806,37,170,11,218
1103807,35,268,21,324
1103808,26,196,44,266
1103809,56,320,26,402
1103810,27,232,6,265
1103811,43,300,26,369
1103812,33,214,24,271
1103813,42,315,25,382
1103814,46,321,33,400
1103815,42,196,18,256
1103816,34,250,6,290
1103817,41,220,21,282
1103901,58,390,41,489
1103902,41,257,13,311
1103903,31,156,24,211
1103904,59,355,32,446
1103905,29,312,16,357
1103906,40,313,20,373
1103907,60,348,25,433
1103908,39,250,19,308
1103909,49,397,27,473
1103910,45,511,51,607
1103911,62,375,26,463
1103912,38,377,20,435
1103913,51,383,18,452
1103914,40,202,14,256
1103915,36,284,24,344
1103916,50,320,30,400
1103917,28,236,18,282
1103918,35,327,31,393
1103919,23,272,47,342
1103920,39,374,49,462
1103921,50,335,154,539
1103922,32,373,31,436
1103923,38,170,12,220
1103924,21,148,16,185
1103925,22,298,24,344
1103926,50,318,56,424
1103927,39,297,33,369
1104001,25,218,12,255
1104002,34,187,30,251
1104003,47,200,12,259
1104004,52,307,16,375
1104005,29,229,12,270
1104006,59,328,36,423
1104007,35,211,27,273
1104008,0,0,0,0
1104009,48,336,48,432
1104010,25,197,38,260
1104011,42,233,29,304
1104012,25,168,26,219
1104013,51,343,28,422
1104014,21,202,304,527
1104015,30,126,18,174
1104016,57,341,66,464
1104017,75,386,58,519
1104018,35,273,42,350
1104019,36,266,26,328
1104020,50,236,39,325
1104021,38,232,25,295
1104022,21,155,21,197
1104023,14,193,20,227
1104024,45,341,63,449
1104025,29,171,24,224
1104026,55,369,74,498
1104027,37,181,14,232
1104028,34,266,15,315
1104029,39,277,34,350
1104030,24,196,45,265
1104031,34,206,38,278
1104032,23,136,15,174
1104033,37,244,11,292
1104034,46,342,20,408
1104035,31,183,16,230
1104036,42,223,18,283
1104037,30,173,20,223
1104038,32,193,13,238
1104039,82,355,43,480
1104040,42,234,35,311
1104041,22,204,22,248
1104042,34,215,32,281
1104043,54,337,40,431
1104044,28,200,34,262
1104045,46,270,54,370
1104046,40,287,42,369
1104047,44,290,27,361
1104048,36,287,27,350
1104049,46,254,25,325
1104050,39,205,24,268
1104051,50,279,27,356
1104052,41,218,25,284
1104053,63,331,30,424
1104054,33,207,41,281
1104055,45,368,26,439
1104056,29,284,17,330
1104057,65,394,31,490
1104058,36,213,22,271
1104101,32,307,27,366
1104102,65,363,37,465
1104103,37,248,24,309
1104104,49,273,25,347
1104105,24,209,21,254
1104106,36,249,25,310
1104107,37,142,7,186
1104108,0,0,0,0
1104109,26,267,42,335
1104110,51,298,12,361
1104111,15,146,14,175
1104112,31,291,25,347
1104113,51,217,0,268
1104114,54,359,40,453
1104115,34,216,24,274
1104116,36,254,12,302
1104117,23,158,12,193
1104118,0,0,0,0
1104119,35,281,30,346
1104120,26,273,24,323
1104121,34,237,14,285
1104122,32,188,17,237
1104123,47,230,25,302
1104124,42,271,30,343
1104125,42,309,26,377
1104201,70,280,36,386
1104202,48,350,30,428
1104203,34,190,12,236
1104204,42,267,63,372
1104205,49,322,78,449
1104206,0,0,0,0
1104207,68,318,31,417
1104208,57,313,57,427
1104209,39,151,24,214
1104210,33,275,33,341
1104211,44,269,47,360
1104212,3,3,3,9
1104213,64,399,54,517
1104214,49,364,36,449
1104215,33,235,30,298
1104216,30,223,27,280
1104217,55,264,45,364
1104218,32,278,16,326
1104219,44,232,40,316
1104220,68,311,58,437
1104221,66,300,61,427
1104222,29,280,43,352
1104223,39,239,24,302
1104224,37,293,27,357
1104225,52,306,32,390
1104226,33,281,28,342
1104227,39,221,17,277
1104228,36,280,28,344
1104229,33,203,27,263
1104230,42,258,35,335
1104231,54,411,40,505
1104232,46,218,29,293
1104233,66,273,35,374
1104301,19,82,15,116
1104302,34,244,12,290
1104303,61,307,22,390
1104304,34,235,24,293
1104305,39,222,23,284
1104306,0,6,0,6
1104307,33,175,12,220
1104308,28,170,12,210
1104309,34,236,24,294
1104310,18,134,14,166
1104311,36,282,28,346
1104312,71,615,126,812
1104313,39,204,41,284
1104314,15,168,13,196
1104315,49,234,22,305
1104316,33,204,21,258
1104317,38,234,30,302
1104318,27,204,36,267
1104319,48,268,16,332
1104320,32,291,20,343
1104321,27,241,7,275
1104322,34,200,13,247
1104323,36,273,51,360
1104324,54,360,14,428
1104325,34,316,25,375
1104326,41,392,22,455
1104327,40,261,7,308
1104328,12,195,15,222
1104329,33,174,15,222
1104330,38,367,40,445
1104401,33,221,21,275
1104402,31,250,19,300
1104403,20,167,10,197
1104404,85,391,37,513
1104405,32,201,9,242
1104406,29,190,12,231
1104407,50,280,30,360
1104408,34,199,9,242
1104409,32,203,27,262
1104410,16,93,111,220
1104411,14,228,34,276
1104412,62,389,33,484
1104413,0,0,0,0
1104414,52,297,24,373
1104415,48,266,14,328
1104416,64,411,37,512
1104417,30,340,45,415
1104418,0,0,0,0
1104419,57,284,18,359
1104420,25,218,28,271
1104421,26,184,45,255
1104422,43,313,24,380
1104423,54,312,36,402
1104424,39,186,18,243
1104425,22,156,9,187
1104426,37,248,22,307
1104427,21,159,27,207
1104428,32,239,22,293
1104429,58,326,18,402
1104430,33,195,9,237
1104431,21,205,13,239
1104432,30,163,19,212
1104433,27,193,37,257
1104434,60,378,41,479
1104435,35,190,11,236
1104436,45,283,27,355
1104437,27,186,21,234
1104438,43,251,35,329
1104439,37,259,19,315
1104440,19,135,205,359
1104441,37,223,21,281
1104442,29,246,18,293
1104443,19,151,9,179
1104444,35,228,16,279
1104445,51,259,41,351
1104446,95,335,60,490
1104447,78,245,41,364
1104448,24,243,20,287
1104449,33,205,33,271
1104450,27,258,10,295
1104451,41,256,20,317
1104452,15,152,0,167
1104453,47,226,12,285
1104454,28,122,6,156
1104455,39,290,28,357
1104456,46,276,26,348
1104457,31,231,14,276
1104458,36,217,18,271
1104459,39,239,11,289
1104501,43,258,22,323
1104502,25,209,21,255
1104503,14,193,0,207
1104504,58,327,25,410
1104505,50,352,31,433
1104506,56,333,50,439
1104507,52,326,42,420
1104508,32,233,13,278
1104509,37,251,24,312
1104510,55,368,28,451
1104511,52,344,64,460
1104512,27,260,32,319
1104513,58,377,56,491
1104514,25,275,33,333
1104515,22,206,22,250
1104516,42,351,27,420
1104517,25,164,22,211
1104518,61,358,43,462
1104519,26,177,26,229
1104520,0,0,0,0
1104521,50,283,22,355
1104522,27,219,17,263
1104523,36,162,8,206
1104524,68,347,34,449
1104601,42,244,26,312
1104602,24,171,20,215
1104603,40,303,13,356
1104604,40,273,53,366
1104605,35,152,12,199
1104606,49,249,12,310
1104607,54,309,23,386
1104608,39,295,39,373
1104609,51,272,41,364
1104610,19,174,18,211
1104611,39,190,36,265
1104612,29,189,24,242
1104613,0,0,0,0
1104614,32,195,15,242
1104615,21,175,18,214
1104616,46,262,46,354
1104617,35,306,29,370
1104618,56,335,39,430
1104619,41,304,37,382
1104620,47,257,31,335
1104621,30,181,14,225
1104622,36,168,16,220
1104623,6,7,0,13
1104624,57,308,39,404
1104625,79,432,73,584
1104701,49,322,13,384
1104702,3,172,6,181
1104703,27,145,6,178
1104704,61,368,35,464
1104705,40,325,16,381
1104706,32,281,13,326
1104707,67,320,25,412
1104708,61,367,9,437
1104709,35,320,24,379
1104710,21,207,24,252
1104711,28,340,55,423
1104712,68,294,25,387
1104713,70,443,50,563
1104714,26,123,12,161
1104715,40,314,20,374
1104716,56,280,15,351
1104717,39,223,18,280
1104718,46,238,29,313
1104719,54,417,23,494
1104720,22,178,8,208
1104721,38,318,21,377
1104722,53,310,29,392
1104723,37,189,18,244
1104724,15,212,59,286
1104725,33,174,9,216
1104726,24,220,20,264
1104727,36,227,12,275
1104728,50,378,22,450
1104729,33,361,19,413
1104730,22,223,12,257
1104731,46,365,11,422
1104732,29,280,37,346
1104733,11,118,10,139
1104734,31,180,8,219
1104735,60,341,19,420
1104736,55,317,31,403
1104737,6,6,0,12
1104801,25,177,19,221
1104802,42,246,32,320
1104803,40,328,27,395
1104804,31,201,39,271
1104805,40,240,32,312
1104806,32,166,11,209
1104807,68,342,20,430
1104808,35,172,28,235
1104809,39,257,26,322
1104810,63,383,43,489
1104811,40,368,44,452
1104812,65,327,28,420
1104813,50,344,28,422
1104814,70,421,50,541
1104815,47,221,31,299
1104816,35,236,15,286
1104817,51,297,29,377
1104818,61,332,59,452
1104819,54,305,35,394
1104820,29,146,26,201
1104821,55,353,75,483
1104822,43,344,47,434
1104823,27,207,22,256
1104824,58,390,53,501
1104825,36,295,38,369
1104826,39,279,26,344
1104827,57,356,23,436
1104828,56,308,35,399
1104829,41,301,29,371
1104830,41,318,51,410
1104831,40,241,16,297
1104832,38,326,22,386
1104833,46,286,31,363
1104834,44,176,33,253
1104835,38,182,18,238
1104836,58,312,23,393
1104837,64,345,38,447
1104838,33,204,18,255
1104839,62,565,49,676
1104840,34,196,16,246
1104841,44,203,17,264
1104842,46,215,20,281
1104843,39,240,37,316
1104844,34,173,14,221
1104845,67,252,52,371
1104846,58,329,59,446
1104847,18,180,21,219
1104901,34,261,29,324
1104902,25,192,31,248
1104903,51,244,37,332
1104904,31,221,16,268
1104905,54,278,43,375
1104906,24,172,26,222
1104907,12,137,15,164
1104908,26,129,4,159
1104909,0,0,0,0
1104910,38,234,22,294
1105001,50,386,42,478
1105002,36,202,20,258
1105003,41,306,27,374
1105004,24,192,9,225
1105005,42,258,16,316
1105006,40,224,30,294
1105007,40,247,16,303
1105008,82,441,27,550
1105009,39,284,14,337
1105010,28,202,15,245
1105011,47,235,40,322
1105012,37,208,24,269
1105013,31,249,26,306
1105014,0,0,0,0
1105015,27,169,30,226
1105016,0,3,0,3
1105017,48,270,69,387
1105018,44,194,11,249
1105019,64,219,15,298
1105020,40,251,26,317
1105021,53,290,49,392
1105022,43,274,16,333
1105023,101,625,58,784
1105024,56,215,26,297
1105025,47,197,31,275
1105026,45,341,25,411
1105101,58,339,17,414
1105102,40,234,18,292
1105103,34,159,8,201
1105104,11,132,3,146
1105105,0,0,0,0
1105106,56,316,25,397
1105107,9,48,21,78
1105108,38,321,21,380
1105109,20,172,6,198
1105110,23,213,27,263
1105111,26,176,3,205
1105112,17,206,9,232
1105113,20,222,18,260
1105114,32,228,18,278
1105115,23,161,21,205
1105116,33,173,12,218
1105201,75,321,53,449
1105202,35,331,25,391
1105203,42,204,23,269
1105204,55,254,22,331
1105205,60,317,37,414
1105206,48,243,16,307
1105207,47,278,18,343
1105208,24,250,16,290
1105209,44,218,19,281
1105210,35,209,14,258
1105211,0,0,0,0
1105212,0,3,0,3
1105213,30,181,0,211
1105214,18,165,6,189
1105215,36,174,8,218
1105216,54,252,31,337
1105301,40,291,54,385
1105302,41,218,24,283
1105303,46,307,30,383
1105304,35,223,20,278
1105305,71,355,36,462
1105306,37,296,37,370
1105307,44,376,34,454
1105308,17,199,29,245
1105309,34,191,21,246
1105310,49,207,30,286
1105311,25,172,37,234
1105312,20,185,9,214
1105313,22,147,19,188
1105314,56,260,34,350
1105315,51,399,59,509
1105316,73,350,65,488
1105317,39,176,19,234
1105318,34,147,27,208
1105319,16,128,13,157
1105320,27,196,28,251
1105321,53,406,46,505
1105322,5,55,3,63
1105323,6,12,6,24
1105324,58,255,30,343
1105325,38,232,34,304
1105326,39,218,47,304
1105327,23,185,53,261
1105328,53,335,64,452
1105329,33,292,120,445
1105330,43,275,85,403
1105331,31,198,54,283
1105332,28,236,52,316
1105333,29,181,63,273
1105334,54,373,66,493
1105335,37,222,57,316
1105336,27,168,9,204
1105337,43,289,25,357
1105401,55,288,27,370
1105402,28,191,45,264
1105403,36,213,37,286
1105404,46,277,61,384
1105405,29,176,14,219
1105406,50,334,63,447
1105407,48,375,31,454
1105408,58,450,59,567
1105409,33,202,25,260
1105410,37,238,19,294
1105411,38,243,32,313
1105412,58,252,19,329
1105413,50,207,21,278
1105414,39,273,26,338
1105415,0,6,0,6
1105416,0,0,0,0
1105417,31,181,38,250
1105418,56,328,97,481
1105419,53,403,51,507
1105420,48,267,41,356
1105421,45,248,36,329
1105422,37,278,18,333
1105423,58,254,18,330
1105424,22,177,26,225
1105501,31,198,33,262
1105502,58,357,31,446
1105503,33,248,25,306
1105504,0,18,3,21
1105505,19,211,32,262
1105506,40,292,49,381
1105507,41,335,29,405
1105508,34,223,32,289
1105509,22,282,19,323
1105510,30,164,21,215
1105511,42,308,30,380
1105512,17,136,8,161
1105513,15,186,26,227
1105514,37,146,7,190
1105601,48,385,29,462
1105602,52,361,63,476
1105603,54,339,28,421
1105604,19,137,15,171
1105605,60,351,31,442
1105606,31,173,16,220
1105607,40,303,21,364
1105608,53,305,31,389
1105609,19,146,20,185
1105610,41,480,33,554
1105611,61,492,43,596
1105612,35,275,19,329
1105613,52,323,22,397
1105614,40,284,21,345
1105615,34,349,37,420
1105616,0,3,0,3
1105617,18,163,15,196
1105618,38,382,63,483
1105619,59,531,30,620
1105620,27,198,15,240
1105621,0,0,0,0
1105622,32,245,18,295
1105623,35,235,11,281
1105624,40,255,36,331
1105625,22,168,28,218
1105626,29,283,36,348
1105627,40,289,0,329
1105701,41,313,40,394
1105702,38,322,20,380
1105703,51,314,40,405
1105704,54,274,34,362
1105705,0,12,6,18
1105706,42,269,7,318
1105707,64,390,38,492
1105708,34,185,20,239
1105709,47,279,29,355
1105710,69,406,59,534
1105711,54,217,30,301
1105712,31,214,34,279
1105713,22,181,20,223
1105714,33,178,16,227
1105715,30,192,30,252
1105716,65,262,44,371
1105717,63,339,28,430
1105718,30,274,44,348
1105719,52,256,46,354
1105720,26,177,21,224
1105801,39,267,20,326
1105802,38,213,6,257
1105803,41,354,18,413
1105804,50,272,14,336
1105805,35,166,49,250
1105806,37,256,16,309
1105807,16,152,24,192
1105808,19,173,24,216
1105809,27,130,16,173
1105810,59,418,22,499
1105811,36,242,13,291
1105812,44,365,18,427
1105813,39,288,22,349
1105814,27,285,16,328
1105815,33,242,18,293
1105816,17,198,9,224
1105817,47,380,57,484
1105818,55,375,49,479
1105819,42,281,20,343
1105820,24,219,26,269
1105821,27,230,30,287
1105822,36,240,65,341
1105823,44,400,52,496
1105824,31,357,73,461
1105825,39,290,30,359
1105826,61,308,30,399
1105827,30,235,38,303
1105828,26,226,24,276
1105829,30,291,32,353
1105830,25,188,26,239
1105831,30,140,4,174
1105832,37,305,16,358
1105833,21,129,24,174
1105834,43,247,29,319
1105835,30,245,21,296
1105836,25,221,18,264
1105837,28,193,18,239
1105838,48,262,23,333
1105839,56,373,26,455
1105840,42,311,21,374
1105841,10,438,12,460
1105842,17,211,14,242
1105843,61,273,62,396
1105844,41,280,24,345
1105845,42,346,31,419
1105846,57,392,28,477
1105847,51,387,46,484
1105848,39,348,46,433
1105849,0,0,470,470
1105850,27,197,10,234
1105851,31,251,46,328
1105852,0,0,0,0
1105853,30,185,33,248
1105854,41,224,29,294
1105855,30,237,21,288
1105856,21,174,30,225
1105857,28,183,28,239
1105901,42,217,15,274
1105902,35,193,24,252
1105903,23,180,15,218
1105904,0,0,0,0
1105905,45,272,59,376
1105906,27,185,42,254
1105907,40,174,31,245
1105908,22,172,32,226
1105909,60,528,27,615
1105910,30,262,15,307
1105911,35,212,21,268
1105912,29,203,15,247
1105913,49,322,17,388
1105914,37,235,12,284
1105915,50,221,31,302
1105916,39,253,5,297
1105917,38,445,25,508
1105918,19,245,19,283
1105919,60,414,32,506
1105920,4,178,9,191
1105921,42,243,0,285
1105922,39,246,11,296
1105923,50,436,37,523
1106001,26,108,12,146
1106002,25,126,9,160
1106003,34,154,29,217
1106004,33,288,22,343
1106005,52,222,22,296
1106006,69,350,21,440
1106007,18,136,19,173
1106008,40,229,7,276
1106009,36,202,24,262
1106010,55,294,58,407
1106011,33,199,13,245
1106012,32,220,7,259
1106013,40,218,16,274
1106014,30,142,12,184
1106015,26,146,9,181
1106016,48,257,21,326
1106017,29,134,9,172
1106018,23,172,19,214
1106019,36,218,21,275
1106020,30,162,14,206
1106021,3,0,182,185
1106101,29,131,11,171
1106102,27,262,24,313
1106103,45,217,12,274
1106104,25,160,5,190
1106105,17,168,24,209
1106106,42,229,33,304
1106107,21,87,118,226
1106108,34,271,24,329
1106109,24,110,15,149
1106110,37,200,18,255
1106111,21,196,9,226
1106112,21,238,35,294
1106113,0,7,0,7
1106114,23,175,22,220
1106115,17,134,3,154
1106116,45,195,19,259
1106201,38,270,24,332
1106202,40,259,45,344
1106203,36,250,29,315
1106204,35,255,32,322
1106205,34,252,24,310
1106206,39,211,37,287
1106207,20,162,24,206
1106208,27,128,15,170
1106209,38,159,31,228
1106210,29,214,23,266
1106211,32,204,41,277
1106212,13,113,16,142
1106213,47,229,16,292
1106214,25,169,19,213
1106215,25,122,26,173
1106216,21,49,0,70
1106217,41,196,12,249
1106218,40,158,24,222
1106219,36,259,23,318
1106220,36,217,6,259
1106221,10,97,15,122
1106222,31,207,27,265
1106223,0,9,3,12
1106224,3,18,0,21
1106225,0,0,0,0
1106301,0,0,0,0
1106302,0,0,0,0
1106303,42,333,54,429
1106304,72,391,65,528
1106305,30,177,15,222
1106306,21,182,19,222
1106307,0,3,0,3
1106308,41,237,18,296
1106309,54,271,48,373
1106310,33,240,36,309
1106311,46,260,55,361
1106312,22,212,55,289
1106313,22,156,12,190
1106314,20,145,0,165
1106315,52,272,34,358
1106316,44,213,37,294
1106317,27,219,31,277
1106318,17,134,102,253
1106319,28,148,86,262
1106320,10,77,51,138
1106321,33,199,27,259
1106322,17,155,13,185
1106323,45,320,21,386
1106324,31,168,30,229
1106325,50,280,19,349
1106326,29,147,0,176
1106327,19,119,9,147
1106328,41,302,23,366
1106329,25,118,3,146
1106401,20,111,13,144
1106402,24,168,16,208
1106403,32,193,18,243
1106404,48,247,19,314
1106405,31,186,21,238
1106406,36,205,20,261
1106407,24,311,25,360
1106408,51,324,24,399
1106409,24,189,21,234
1106410,24,169,12,205
1106411,28,152,7,187
1106412,35,171,0,206
1106413,30,201,14,245
1106414,36,216,18,270
1106415,31,164,12,207
1106416,23,139,23,185
1106417,36,194,32,262
1106418,27,151,15,193
1106501,30,235,34,299
1106502,27,194,33,254
1106503,35,164,35,234
1106504,46,229,27,302
1106505,40,203,21,264
1106506,29,250,30,309
1106507,33,252,31,316
1106508,39,311,36,386
1106509,37,309,30,376
1106510,31,197,9,237
1106511,45,316,36,397
1106512,38,246,35,319
1106513,32,212,35,279
1106514,30,196,19,245
1106515,71,340,36,447
1106516,15,140,12,167
1106517,21,114,8,143
1106518,22,193,9,224
1106519,25,188,13,226
1106520,24,171,9,204
1106521,26,155,26,207
1106522,30,127,9,166
1106523,29,261,19,309
1106524,15,123,6,144
1106525,14,135,24,173
1106526,53,290,34,377
1106527,24,173,27,224
1106528,47,247,23,317
1106529,27,193,6,226
1106601,25,118,34,177
1106602,14,128,6,148
1106603,35,155,21,211
1106604,35,246,24,305
1106605,48,226,34,308
1106606,29,141,6,176
1106607,52,230,45,327
1106608,19,132,10,161
1106609,30,155,16,201
1106610,43,184,23,250
1106611,42,201,21,264
1106612,64,195,18,277
1106613,21,132,21,174
1106701,34,235,46,315
1106702,43,254,15,312
1106703,45,225,18,288
1106704,18,124,17,159
1106705,31,188,19,238
1106706,29,166,12,207
1106707,40,135,32,207
1106708,58,269,25,352
1106709,40,228,30,298
1106710,50,346,33,429
1106711,21,154,56,231
1106712,49,354,52,455
1106713,38,198,28,264
1106714,44,221,38,303
1106715,48,334,62,444
1106716,36,225,30,291
1106717,21,186,21,228
1106718,43,223,28,294
1106719,34,223,59,316
1106720,32,210,36,278
1106721,26,125,29,180
1106722,33,159,24,216
1106723,77,255,28,360
1106724,21,237,31,289
1106725,20,149,21,190
1106726,20,259,22,301
1106727,34,241,57,332
1106728,10,130,12,152
1106729,60,388,46,494
1106801,16,140,10,166
1106802,43,151,16,210
1106803,35,177,27,239
1106804,23,124,16,163
1106805,58,232,32,322
1106806,23,161,26,210
1106807,32,182,20,234
1106808,45,232,29,306
1106809,43,246,35,324
1106810,34,208,27,269
1106811,36,192,19,247
1106901,12,161,9,182
1106902,48,353,25,426
1106903,30,112,12,154
1106904,34,243,24,301
1106905,28,85,4,117
1106906,29,195,21,245
1106907,31,197,15,243
1106908,20,144,18,182
1106909,18,109,9,136
1106910,28,190,12,230
1106911,28,122,20,170
1106912,38,194,22,254
1106913,28,159,15,202
1106914,37,271,31,339
1106915,35,231,33,299
1106916,32,262,32,326
1106917,20,177,27,224
1106918,15,196,15,226
1106919,26,262,25,313
1107001,53,260,19,332
1107002,9,54,5,68
1107003,55,422,65,542
1107004,10,87,6,103
1107005,67,448,30,545
1107006,51,352,33,436
1107007,26,149,28,203
1107008,12,96,38,146
1107009,0,0,0,0
1107010,50,286,18,354
1107011,60,297,31,388
1107012,33,268,30,331
1107013,32,229,17,278
1107014,44,276,13,333
1107015,45,288,27,360
1107016,36,241,12,289
1107017,24,197,0,221
1107018,49,358,43,450
1107019,35,320,73,428
1107020,49,284,40,373
1107021,49,319,100,468
1107022,24,156,39,219
1107023,43,307,56,406
1107024,21,158,14,193
1107025,15,185,6,206
1107026,33,172,9,214
1107027,51,401,47,499
1107028,60,316,34,410
1107029,35,240,18,293
1107030,28,182,12,222
1107031,0,0,316,316
1107032,41,346,37,424
1107101,32,146,9,187
1107102,28,181,13,222
1107103,30,211,22,263
1107104,22,133,7,162
1107105,15,174,12,201
1107106,59,305,30,394
1107107,58,320,51,429
1107108,21,147,22,190
1107109,22,154,3,179
1107110,34,199,19,252
1107111,17,152,24,193
1107112,36,191,26,253
1107113,31,197,15,243
1107114,22,163,21,206
1107115,33,187,15,235
1107116,33,208,40,281
1107117,45,237,9,291
1107118,0,0,0,0
1107119,31,167,4,202
1107120,31,188,21,240
1107121,27,107,7,141
1107122,38,250,34,322
1107123,24,105,15,144
1107124,32,249,40,321
1107125,22,124,3,149
1107126,10,66,18,94
1107127,34,182,7,223
1107128,36,239,36,311
1107201,27,276,27,330
1107202,26,258,39,323
1107203,9,178,21,208
1107204,45,221,72,338
1107205,43,293,51,387
1107206,34,183,18,235
1107207,15,104,6,125
1107208,55,358,53,466
1107209,29,221,16,266
1107210,26,292,76,394
1107211,37,370,29,436
1107212,28,183,18,229
1107213,58,504,38,600
1107214,26,195,15,236
1107215,28,222,27,277
1107216,48,271,32,351
1107217,39,364,29,432
1107218,37,275,18,330
1107219,59,389,46,494
1107220,33,304,47,384
1107221,45,230,30,305
1107222,24,117,12,153
1107223,35,435,66,536
1107224,37,309,45,391
1107301,0,0,0,0
1107302,38,164,9,211
1107303,47,240,35,322
1107304,25,173,9,207
1107305,27,128,15,170
1107306,21,160,15,196
1107307,52,221,25,298
1107308,30,188,21,239
1107309,24,114,4,142
1107310,32,192,21,245
1107311,29,125,18,172
1107312,17,155,10,182
1107313,10,90,20,120
1107314,23,191,16,230
1107401,18,152,15,185
1107402,27,183,18,228
1107403,41,310,20,371
1107404,39,274,35,348
1107405,41,292,50,383
1107406,33,111,12,156
1107407,32,205,32,269
1107408,28,157,12,197
1107409,56,306,90,452
1107410,32,148,43,223
1107411,37,250,9,296
1107412,35,274,43,352
1107413,34,288,48,370
1107414,50,291,24,365
1107415,45,302,51,398
1107416,25,302,22,349
1107417,23,171,32,226
1107418,20,232,19,271
1107419,39,209,38,286
1107420,41,290,25,356
1107421,26,275,28,329
1107422,26,262,18,306
1107423,39,225,23,287
1107424,43,306,27,376
1107425,59,292,32,383
1107426,27,201,30,258
1107501,0,0,0,0
1107601,29,166,15,210
1107602,22,119,24,165
1107603,35,300,47,382
1107604,16,204,28,248
1107605,48,229,30,307
1107606,48,344,30,422
1107607,30,186,28,244
1107608,49,268,13,330
1107609,24,184,14,222
1107610,30,194,24,248
1107611,21,154,15,190
1107612,21,134,28,183
1107613,19,148,15,182
1107614,27,224,26,277
1107615,48,285,5,338
1107616,29,289,23,341
1107617,31,303,45,379
1107618,20,125,35,180
1107619,28,150,29,207
1107620,13,122,8,143
1107621,39,187,10,236
1107701,31,198,17,246
1107702,32,387,31,450
1107703,46,232,10,288
1107704,25,183,31,239
1107705,10,156,34,200
1107706,31,180,24,235
1107707,45,335,42,422
1107708,65,338,28,431
1107709,37,235,8,280
1107710,22,253,24,299
1107711,40,311,59,410
1107712,12,160,8,180
1107713,32,378,36,446
1107714,30,229,22,281
1107715,49,246,35,330
1107716,52,275,40,367
1107717,31,260,14,305
1107718,35,315,24,374
1107719,33,280,24,337
1107720,30,287,45,362
1107721,23,229,15,267
1107722,30,159,24,213
1107723,39,311,29,379
1107724,24,178,14,216
1107725,15,151,21,187
1107726,50,301,39,390
1107727,29,252,24,305
1107728,50,252,25,327
1107729,37,249,30,316
1107730,39,262,36,337
1107731,52,357,33,442
1107732,21,150,15,186
1107733,43,271,45,359
1107734,18,163,20,201
1107735,0,0,0,0
1107736,9,81,3,93
1107737,23,151,3,177
1107738,15,132,12,159
1107739,12,83,56,151
1107740,46,392,29,467
1107741,33,164,15,212
1107742,30,208,21,259
1107743,16,168,34,218
1107744,25,246,24,295
1107745,26,229,14,269
1107746,52,282,30,364
1107747,39,179,48,266
1107748,14,228,23,265
1107749,23,150,40,213
1107750,46,245,62,353
1107751,30,211,40,281
1107752,39,259,106,404
1107753,28,237,27,292
1107754,41,291,12,344
1107801,42,218,15,275
1107802,15,177,18,210
1107803,54,354,26,434
1107804,23,259,27,309
1107805,44,245,16,305
1107806,45,368,31,444
1107807,41,196,15,252
1107808,41,252,56,349
1107809,9,111,9,129
1107810,27,164,4,195
1107811,17,163,21,201
1107812,29,212,43,284
1107813,12,123,6,141
1107814,38,229,17,284
1107815,41,264,15,320
1107816,22,206,5,233
1107817,54,411,16,481
1107818,43,309,28,380
1107819,26,203,15,244
1107820,30,171,9,210
1107821,27,123,15,165
1107822,68,307,24,399
1107823,21,223,8,252
1107824,44,294,30,368
1107825,32,229,19,280
1107826,42,267,8,317
1107827,18,372,22,412
1107828,34,335,30,399
1107829,39,305,30,374
1107830,51,334,18,403
1107831,27,294,6,327
1107832,97,882,89,1068
1107833,29,315,21,365
1107834,56,349,13,418
1107835,52,279,19,350
1107836,26,214,16,256
1107837,24,223,94,341
1107838,25,159,29,213
1107839,22,219,32,273
1107901,30,160,27,217
1107902,26,224,9,259
1107903,27,200,9,236
1107904,21,286,25,332
1107905,23,189,24,236
1107906,17,108,5,130
1107907,41,196,12,249
1107908,26,205,24,255
1107909,37,156,5,198
1107910,24,119,10,153
1107911,33,178,13,224
1107912,25,153,12,190
1107913,52,271,9,332
1107914,34,214,21,269
1107915,29,207,10,246
1107916,23,142,15,180
1107917,24,138,17,179
1107918,27,158,24,209
1107919,33,208,13,254
1107920,27,140,18,185
1107921,37,188,18,243
1107922,44,237,15,296
1107923,17,98,0,115
1107924,52,322,30,404
1107925,58,365,15,438
1107926,10,87,9,106
1107927,33,234,18,285
1107928,20,205,18,243
1107929,54,301,20,375
1107930,52,289,6,347
1107931,23,96,4,123
1107932,23,148,12,183
1107933,16,57,0,73
1107934,50,199,9,258
1107935,19,159,12,190
1107936,47,246,13,306
1108001,31,238,17,286
1108002,9,34,3,46
1108003,24,203,24,251
1108004,3,16,9,28
1108005,27,159,29,215
1108006,47,203,23,273
1108007,65,279,46,390
1108008,25,171,54,250
1108009,43,205,33,281
1108010,60,310,24,394
1108011,44,239,33,316
1108012,67,316,46,429
1108013,19,65,12,96
1108014,42,185,53,280
1108015,62,309,28,399
1108016,29,214,8,251
1108017,53,306,36,395
1108018,38,260,31,329
1108019,62,286,55,403
1108020,43,236,31,310
1108021,36,180,19,235
1108022,45,183,23,251
1108023,33,232,38,303
1108024,26,187,25,238
1108025,47,308,21,376
1108026,0,0,240,240
1108027,34,255,19,308
1108028,39,233,18,290
1108029,45,313,20,378
1108030,57,291,18,366
1108031,54,270,33,357
1108032,37,193,21,251
1108033,48,262,16,326
1108034,51,231,17,299
1108035,36,245,12,293
1108036,22,96,15,133
1108037,39,225,44,308
1108038,31,179,15,225
1108039,49,264,14,327
1108040,53,339,20,412
1108041,49,326,28,403
1108042,32,199,19,250
1108043,62,251,24,337
1108044,49,337,21,407
1108045,74,393,52,519
1108046,16,246,25,287
1108047,31,164,23,218
1108048,51,207,27,285
1108049,23,119,23,165
1108050,46,258,23,327
1108051,0,0,0,0
1108101,31,170,35,236
1108102,63,270,29,362
1108103,31,160,13,204
1108104,12,107,25,144
1108105,44,185,25,254
1108106,39,188,22,249
1108107,35,148,10,193
1108108,49,225,21,295
1108109,27,188,25,240
1108110,42,156,21,219
1108111,0,0,0,0
1108112,36,178,18,232
1108113,64,212,20,296
1108114,48,284,25,357
1108115,42,156,16,214
1108116,28,139,6,173
1108117,43,206,4,253
1108118,35,188,6,229
1108119,20,119,21,160
1108120,44,255,34,333
1108121,54,222,25,301
1108122,30,171,14,215
1108123,43,184,22,249
1108124,40,250,26,316
1108125,7,151,15,173
1108126,17,116,9,142
1108127,29,112,7,148
1108128,33,201,11,245
1108129,38,171,17,226
1108130,55,208,26,289
1108131,41,226,16,283
1108132,65,206,7,278
1108133,45,161,18,224
1108134,71,316,43,430
1108135,72,311,31,414
1108136,55,263,29,347
1108137,29,156,15,200
1108138,29,161,6,196
1108139,48,170,15,233
1108140,31,155,12,198
1108141,21,131,5,157
1108142,54,209,13,276
1108143,43,234,9,286
1108144,38,211,24,273
1108145,33,204,40,277
1108146,44,261,23,328
1108147,33,234,17,284
1108148,21,102,6,129
1108149,22,129,12,163
1108150,24,142,14,180
1108201,15,16,3,34
1108202,21,207,28,256
1108203,67,370,42,479
1108204,72,504,53,629
1108205,43,239,22,304
1108206,9,31,0,40
1108207,55,392,23,470
1108208,26,124,9,159
1108209,30,130,14,174
1108210,6,3,0,9
1108211,56,269,24,349
1108212,33,228,21,282
1108213,42,235,9,286
1108214,40,231,12,283
1108215,44,377,41,462
1108216,41,258,32,331
1108217,26,136,15,177
1108218,37,152,8,197
1108219,41,228,15,284
1108220,24,127,21,172
1108221,53,317,48,418
1108222,76,292,43,411
1108223,21,112,3,136
1108224,43,223,23,289
1108225,34,108,25,167
1108226,30,196,26,252
1108227,39,227,19,285
1108228,32,221,33,286
1108229,31,229,19,279
1108230,38,255,16,309
1108231,56,199,21,276
1108232,53,344,27,424
1108233,72,400,36,508
1108234,66,278,18,362
1108235,47,189,12,248
1108236,3,7,0,10
1108237,44,335,24,403
1108238,51,290,39,380
1108239,30,145,0,175
1108240,53,286,35,374
1108241,82,281,22,385
1108242,48,199,18,265
1108243,39,321,36,396
1108244,77,365,71,513
1108245,47,265,21,333
1108301,55,291,18,364
1108302,23,136,9,168
1108303,37,275,9,321
1108304,28,159,12,199
1108305,42,263,12,317
1108306,25,110,6,141
1108307,51,199,10,260
1108308,35,192,6,233
1108309,39,205,22,266
1108310,43,241,12,296
1108311,20,147,12,179
1108312,29,190,15,234
1108313,25,241,18,284
1108314,47,293,15,355
1108315,37,223,9,269
1108316,28,218,22,268
1108317,27,232,18,277
1108401,11,161,14,186
1108402,0,0,0,0
1108403,40,276,69,385
1108404,57,267,30,354
1108405,26,139,27,192
1108406,32,187,9,228
1108407,37,275,23,335
1108408,20,204,13,237
1108409,56,316,35,407
1108410,35,234,15,284
1108411,18,121,4,143
1108412,33,144,3,180
1108413,53,291,23,367
1108414,58,319,39,416
1108415,46,312,28,386
1108416,35,231,19,285
1108417,38,201,12,251
1108418,32,223,42,297
1108419,32,272,15,319
1108420,21,113,12,146
1108421,45,256,18,319
1108422,11,129,13,153
1108423,28,126,18,172
1108424,21,153,18,192
1108425,28,186,12,226
1108426,51,282,43,376
1108427,48,306,41,395
1108428,32,193,15,240
1108429,39,217,51,307
1108430,43,279,10,332
1108431,74,307,30,411
1108432,33,180,29,242
1108433,55,407,41,503
1108434,18,180,31,229
1108435,29,241,37,307
1108436,51,337,66,454
1108437,61,469,66,596
1108438,53,257,16,326
1108439,41,362,19,422
1108440,46,264,26,336
1108441,30,180,72,282
1108442,25,179,12,216
1108443,50,276,36,362
1108444,46,344,29,419
1108501,0,0,0,0
1108502,40,233,107,380
1108503,0,24,0,24
1108504,26,240,18,284
1108505,36,238,21,295
1108506,28,226,15,269
1108507,29,272,47,348
1108508,37,191,53,281
1108509,19,130,20,169
1108510,27,389,41,457
1108511,19,171,67,257
1108512,46,332,41,419
1108513,29,187,14,230
1108514,37,224,18,279
1108515,30,182,16,228
1108516,22,194,15,231
1108517,52,301,18,371
1108518,35,244,17,296
1108519,24,203,23,250
1108520,3,67,7,77
1108521,0,13,3,16
1108522,0,14,0,14
1108523,29,150,21,200
1108524,28,378,24,430
1108525,31,274,17,322
1108526,20,159,23,202
1108527,56,393,41,490
1108528,29,296,42,367
1108529,58,340,23,421
1108530,33,220,45,298
1108531,39,272,37,348
1108601,45,251,15,311
1108602,16,153,9,178
1108603,15,183,15,213
1108604,29,171,12,212
1108605,24,156,24,204
1108606,15,104,0,119
1108607,24,128,16,168
1108608,26,206,21,253
1108609,48,251,12,311
1108610,19,123,12,154
1108611,25,207,24,256
1108612,5,174,25,204
1108613,18,224,20,262
1108701,17,125,13,155
1108702,42,135,31,208
1108703,34,188,32,254
1108704,41,123,6,170
1108705,27,121,19,167
1108706,21,141,9,171
1108707,26,159,14,199
1108708,25,121,13,159
1108709,39,298,35,372
1108710,29,164,11,204
1108711,17,169,5,191
1108712,29,117,6,152
1108713,32,187,25,244
1108801,0,0,0,0
1108802,49,420,23,492
1108803,33,247,16,296
1108804,19,193,6,218
1108805,15,128,16,159
1108806,29,267,7,303
1108807,0,0,0,0
1108808,47,286,20,353
1108809,31,229,31,291
1108810,27,214,22,263
1108811,49,359,30,438
1108812,48,349,19,416
1108813,34,265,26,325
1108814,30,237,18,285
1108815,51,317,24,392
1108816,51,229,19,299
1108817,34,316,9,359
1108818,67,323,15,405
1108819,30,230,33,293
1108820,51,421,61,533
1108901,22,215,21,258
1108902,57,384,31,472
1108903,23,169,12,204
1108904,47,287,29,363
1108905,48,343,30,421
1108906,47,173,29,249
1108907,18,113,0,131
1108908,74,449,28,551
1108909,23,258,51,332
1108910,28,192,27,247
1108911,43,366,33,442
1108912,45,273,16,334
1108913,0,3,0,3
1108914,60,317,27,404
1108915,51,251,18,320
1108916,22,220,10,252
1108917,39,264,21,324
1108918,31,172,12,215
1108919,48,218,30,296
1108920,24,124,12,160
1108921,38,211,32,281
1108922,44,174,8,226
1108923,55,297,41,393
1108924,31,315,32,378
1108925,43,135,17,195
1108926,59,263,41,363
1108927,0,0,0,0
1108928,43,239,16,298
1108929,34,266,27,327
1108930,37,215,33,285
1108931,22,153,12,187
1108932,43,302,12,357
1108933,34,289,25,348
1108934,58,266,24,348
1108935,56,253,22,331
1108936,0,38,13,51
1108937,16,130,25,171
1108938,3,15,0,18
1108939,36,209,27,272
1108940,31,235,31,297
1108941,30,175,23,228
1108942,0,6,3,9
1108943,36,255,34,325
1108944,41,244,36,321
1108945,21,258,9,288
1108946,59,366,43,468
1108947,39,229,18,286
1108948,49,307,39,395
1108949,40,263,7,310
1108950,49,277,9,335
1108951,45,220,4,269
1108952,13,87,6,106
1108953,0,0,0,0
1108954,29,217,9,255
1108955,48,187,12,247
1108956,35,203,9,247
1109001,44,221,18,283
1109002,0,0,0,0
1109003,28,188,25,241
1109004,43,176,12,231
1109005,20,86,6,112
1109006,52,251,29,332
1109007,52,232,24,308
1109008,37,293,41,371
1109009,36,206,22,264
1109010,33,217,32,282
1109011,38,201,9,248
1109012,19,138,10,167
1109013,64,274,29,367
1109014,33,192,18,243
1109015,46,278,18,342
1109101,54,398,34,486
1109102,37,255,18,310
1109103,43,214,23,280
1109104,63,358,40,461
1109105,57,281,29,367
1109106,39,227,15,281
1109107,51,301,16,368
1109108,36,208,18,262
1109109,33,250,21,304
1109110,38,193,28,259
1109111,53,278,15,346
1109112,63,384,16,463
1109113,28,186,36,250
1109114,21,162,19,202
1109115,40,133,12,185
1109116,30,150,16,196
1109117,0,0,0,0
1109118,31,209,22,262
1109119,84,524,57,665
1109120,66,388,59,513
1109121,20,195,19,234
1109122,74,351,51,476
1109123,50,288,36,374
1109124,56,331,38,425
1109125,31,188,27,246
1109126,44,316,33,393
1109127,42,293,27,362
1109128,35,218,25,278
1109201,40,309,96,445
1109202,49,289,41,379
1109203,10,105,27,142
1109204,27,229,58,314
1109205,16,117,15,148
1109206,6,45,0,51
1109207,20,292,39,351
1109208,33,212,34,279
1109209,29,189,36,254
1109210,17,93,3,113
1109211,21,149,54,224
1109212,23,175,56,254
1109213,31,146,55,232
1109301,6,57,0,63
1109302,20,235,23,278
1109303,26,197,35,258
1109304,29,347,39,415
1109305,25,240,27,292
1109306,21,156,48,225
1109307,29,205,30,264
1109308,20,140,26,186
1109309,36,249,37,322
1109310,17,262,44,323
1109311,12,230,29,271
1109312,12,102,10,124
1109313,28,239,27,294
1109314,26,284,30,340
1109401,22,181,32,235
1109402,13,166,29,208
1109403,42,217,24,283
1109404,25,172,4,201
1109405,20,128,3,151
1109406,27,183,11,221
1109407,30,145,17,192
1109408,22,154,18,194
1109409,13,147,16,176
1109410,45,241,25,311
1109411,34,223,55,312
1109412,32,243,26,301
1109413,33,157,23,213
1109414,57,249,25,331
1109501,16,187,23,226
1109502,24,135,21,180
1109503,32,361,43,436
1109504,23,194,30,247
1109505,43,362,27,432
1109506,28,138,4,170
1109507,21,159,47,227
1109508,44,356,58,458
1109509,16,171,18,205
1109510,31,191,31,253
1109511,45,301,29,375
1109512,18,171,33,222
1109513,59,311,48,418
1109514,23,157,12,192
1109515,0,0,0,0
1109601,42,212,58,312
1109602,32,253,22,307
1109603,6,81,11,98
1109604,16,121,9,146
1109605,9,84,4,97
1109606,20,81,40,141
1109607,15,112,35,162
1109608,13,23,5,41
1109609,0,66,3,69
1109610,9,155,20,184
1109611,24,189,48,261
1109612,24,191,47,262
1109613,21,141,27,189
1109614,10,191,27,228
1109615,42,307,28,377
1109616,12,132,6,150
1109617,15,135,9,159
1109618,35,249,45,329
1109619,25,178,75,278
1109620,31,138,42,211
1109621,40,204,57,301
1109622,45,311,75,431
1109623,56,229,40,325
1109624,40,239,25,304
1109701,35,159,36,230
1109702,24,143,18,185
1109703,32,195,32,259
1109704,20,106,136,262
1109705,36,259,41,336
1109706,40,257,30,327
1109707,27,195,33,255
1109708,28,166,31,225
1109709,24,193,22,239
1109710,3,35,0,38
1109711,33,141,12,186
1109712,44,236,36,316
1109713,50,289,35,374
1109714,43,275,36,354
1109715,30,236,17,283
1109716,24,145,34,203
1109717,43,248,25,316
1109718,31,229,15,275
1109719,63,311,28,402
1109720,29,239,28,296
1109721,42,252,29,323
1109722,43,207,31,281
1109723,29,268,28,325
1109724,48,323,27,398
1109725,57,265,27,349
1109726,24,139,27,190
1109727,21,119,38,178
1109728,48,254,40,342
1109729,36,252,39,327
1109730,50,274,18,342
1109731,23,136,27,186
1109732,12,138,17,167
1109733,28,211,41,280
1109734,34,306,32,372
1109735,39,208,87,334
1109736,26,122,24,172
1109737,39,232,45,316
1109738,45,281,63,389
1109739,40,198,43,281
1109740,52,286,90,428
1109741,36,200,40,276
1109742,50,283,72,405
1109743,26,244,30,300
1109744,45,354,34,433
1109745,61,261,39,361
1109746,45,244,47,336
1109747,49,316,52,417
1109748,42,220,30,292
1109749,44,204,40,288
1109750,38,239,14,291
1109751,57,261,54,372
1109752,5,51,12,68
1109801,7,72,12,91
1109802,30,294,50,374
1109803,12,149,13,174
1109804,14,184,7,205
1109805,16,115,6,137
1109806,20,185,18,223
1109807,35,279,29,343
1109808,24,113,0,137
1109809,18,127,3,148
1109810,21,96,46,163
1109811,28,121,3,152
1109901,30,167,26,223
1109902,36,296,47,379
1109903,55,287,69,411
1109904,47,329,59,435
1109905,24,170,18,212
1109906,35,140,10,185
1109907,30,180,23,233
1109908,28,169,20,217
1109909,15,97,15,127
1109910,28,176,25,229
1109911,27,99,4,130
1109912,22,154,17,193
1109913,18,183,15,216
1109914,29,157,15,201
1109915,22,158,16,196
1109916,83,335,40,458
1109917,24,71,6,101
1109918,27,86,18,131
1109919,12,152,18,182
1109920,59,242,22,323
1109921,36,167,22,225
1109922,21,89,6,116
1109923,35,205,18,258
1109924,23,175,22,220
1109925,20,112,9,141
1109926,43,170,18,231
1109927,18,81,6,105
1109928,36,203,53,292
1109929,16,96,26,138
1110001,57,294,19,370
1110002,22,182,24,228
1110003,27,200,15,242
1110004,36,283,26,345
1110005,34,312,18,364
1110006,47,353,33,433
1110007,23,268,12,303
1110008,23,170,31,224
1110009,58,195,24,277
1110010,24,111,21,156
1110011,38,271,58,367
1110012,31,180,21,232
1110013,28,210,30,268
1110014,27,228,29,284
1110015,45,428,37,510
1110016,51,231,12,294
1110017,63,335,38,436
1110018,50,302,31,383
1110019,28,184,18,230
1110020,38,230,7,275
1110021,24,102,9,135
1110022,53,327,37,417
1110023,29,179,11,219
1110024,17,319,23,359
1110025,29,272,8,309
1110026,50,302,13,365
1110027,48,270,24,342
1110101,33,353,41,427
1110102,63,348,20,431
1110103,48,313,15,376
1110104,29,234,9,272
1110105,43,387,24,454
1110106,17,167,9,193
1110107,44,372,27,443
1110108,27,270,20,317
1110109,25,252,23,300
1110110,25,242,35,302
1110111,29,210,29,268
1110112,34,203,17,254
1110113,28,205,14,247
1110114,45,204,14,263
1110115,45,316,40,401
1110116,41,123,14,178
1110117,11,233,20,264
1110118,50,340,60,450
1110119,58,367,29,454
1110120,55,340,18,413
1110121,62,347,23,432
1110122,27,163,18,208
1110123,40,344,27,411
1110124,12,253,18,283
1110125,45,222,19,286
1110126,30,189,8,227
1110127,31,274,30,335
1110128,45,312,33,390
1110129,61,311,18,390
1110130,40,298,26,364
1110131,66,404,9,479
1110132,53,253,20,326
1110133,40,172,18,230
1110134,65,395,15,475
1110135,46,237,38,321
1110136,16,296,49,361
1110137,21,91,40,152
1110201,48,250,27,325
1110202,51,193,30,274
1110203,32,176,25,233
1110204,40,243,27,310
1110205,32,307,17,356
1110206,41,203,24,268
1110207,31,234,22,287
1110208,36,221,34,291
1110209,27,186,27,240
1110210,12,123,11,146
1110211,28,215,33,276
1110212,54,393,45,492
1110213,42,332,20,394
1110214,47,282,23,352
1110215,58,447,34,539
1110216,68,486,30,584
1110217,12,110,18,140
1110218,6,30,3,39
1110301,25,159,13,197
1110302,33,120,18,171
1110303,29,233,15,277
1110304,27,212,21,260
1110305,36,154,19,209
1110306,24,200,10,234
1110307,40,258,19,317
1110308,29,50,6,85
1110309,26,143,22,191
1110310,24,143,25,192
1110311,51,272,45,368
1110312,18,112,14,144
1110313,23,157,16,196
1110314,14,150,15,179
1110315,14,115,18,147
1110316,31,272,54,357
1110317,50,313,39,402
1110318,22,121,12,155
1110401,57,294,25,376
1110402,63,331,43,437
1110403,34,132,7,173
1110404,15,117,6,138
1110405,37,159,18,214
1110406,33,220,44,297
1110407,24,177,33,234
1110408,15,63,15,93
1110409,32,243,31,306
1110410,24,183,29,236
1110411,14,230,56,300
1110412,38,176,21,235
1110413,18,197,29,244
1110414,0,0,0,0
1110415,13,63,0,76
1110416,34,174,15,223
1110501,24,170,30,224
1110502,40,212,33,285
1110503,31,187,49,267
1110504,49,306,33,388
1110505,33,304,21,358
1110506,26,196,23,245
1110507,21,206,20,247
1110508,31,211,25,267
1110509,63,329,63,455
1110510,28,160,22,210
1110511,12,105,11,128
1110512,44,287,33,364
1110513,40,298,33,371
1110514,12,98,0,110
1110515,54,383,36,473
1110516,30,225,18,273
1110517,39,235,30,304
1110518,6,104,7,117
1110601,9,37,0,46
1110602,18,55,3,76
1110603,9,25,3,37
1110604,21,102,27,150
1110605,45,270,49,364
1110606,60,259,48,367
1110607,43,278,53,374
1110608,15,195,24,234
1110609,53,313,44,410
1110610,23,126,21,170
1110611,36,223,15,274
1110612,26,183,24,233
1110613,10,79,9,98
1110614,56,296,25,377
1110615,36,270,32,338
1110616,34,204,479,717
1110617,47,258,42,347
1110618,39,317,21,377
1110619,40,238,32,310
1110620,33,193,13,239
1110621,37,279,34,350
1110622,31,155,33,219
1110623,62,302,66,430
1110624,60,216,36,312
1110701,41,306,42,389
1110702,46,324,17,387
1110703,36,230,16,282
1110704,49,237,23,309
1110705,19,221,25,265
1110706,46,196,18,260
1110707,33,254,29,316
1110708,33,233,10,276
1110709,28,194,9,231
1110710,31,172,27,230
1110711,27,193,22,242
1110712,37,248,20,305
1110713,17,171,18,206
1110714,46,300,31,377
1110715,39,315,21,375
1110716,55,363,26,444
1110717,22,145,18,185
1110718,20,144,9,173
1110719,23,138,7,168
1110720,40,277,28,345
1110721,45,476,19,540
1110722,33,250,18,301
1110723,56,386,37,479
1110801,47,339,65,451
1110802,63,470,67,600
1110803,0,82,18,100
1110804,0,0,466,466
1110805,59,352,19,430
1110806,23,210,24,257
1110807,41,264,51,356
1110808,58,232,37,327
1110809,23,152,9,184
1110810,49,225,31,305
1110811,47,249,27,323
1110812,42,288,47,377
1110813,37,309,26,372
1110814,22,112,16,150
1110815,31,166,9,206
1110816,47,274,33,354
1110817,62,254,21,337
1110818,3,302,15,320
1110819,42,284,26,352
1110820,53,267,31,351
1110821,41,236,20,297
1110822,72,311,41,424
1110823,20,109,7,136
1110824,28,105,12,145
1110825,58,309,25,392
1110826,12,129,12,153
1110827,7,39,3,49
1110828,0,0,0,0
1110829,41,228,38,307
1110830,57,406,58,521
1110831,23,149,14,186
1110832,48,216,35,299
1110833,22,205,15,242
1110834,22,283,62,367
1110835,15,129,18,162
1110836,76,359,36,471
1110837,70,394,46,510
1110838,29,209,6,244
1110839,41,194,18,253
1110840,25,195,29,249
1110841,32,223,37,292
1110842,37,222,21,280
1110843,37,252,13,302
1110844,28,231,27,286
1110845,46,342,58,446
1110846,31,182,33,246
1110847,79,368,71,518
1110848,22,132,14,168
1110849,52,299,45,396
1110850,38,273,30,341
1110851,37,238,38,313
1110852,23,142,24,189
1110853,53,264,30,347
1110901,45,160,10,215
1110902,25,159,7,191
1110903,35,202,24,261
1110904,22,122,13,157
1110905,50,223,12,285
1110906,48,200,19,267
1110907,25,144,4,173
1110908,28,197,32,257
1110909,45,286,41,372
1110910,28,210,21,259
1110911,22,161,3,186
1110912,43,210,24,277
1110913,20,186,17,223
1110914,47,257,16,320
1110915,40,193,7,240
1110916,34,291,28,353
1110917,39,158,6,203
1110918,32,141,8,181
1110919,30,149,35,214
1110920,50,235,23,308
1110921,12,110,14,136
1110922,50,257,11,318
1110923,34,115,7,156
1111001,21,126,6,153
1111002,61,336,25,422
1111003,27,200,15,242
1111004,19,157,20,196
1111005,30,162,12,204
1111006,31,193,9,233
1111007,44,316,34,394
1111008,35,159,19,213
1111009,42,223,30,295
1111010,35,164,20,219
1111011,56,267,12,335
1111012,52,203,22,277
1111013,27,107,9,143
1111014,37,195,30,262
1111015,30,158,6,194
1111016,18,153,6,177
1111017,27,164,21,212
1111018,23,151,18,192
1111019,37,193,9,239
1111020,41,208,18,267
1111021,39,220,7,266
1111022,29,206,22,257
1111023,46,238,12,296
1111024,29,191,8,228
1111025,38,158,7,203
1111026,28,162,0,190
1111027,49,336,58,443
1111101,35,332,30,397
1111102,27,175,10,212
1111103,22,138,22,182
1111104,32,114,29,175
1111105,27,255,29,311
1111106,36,168,29,233
1111107,26,133,15,174
1111108,49,265,34,348
1111109,29,197,12,238
1111110,35,253,42,330
1111111,60,308,49,417
1111112,27,176,4,207
1111113,66,352,36,454
1111114,46,292,45,383
1111115,64,323,37,424
1111116,49,354,28,431
1111117,48,197,8,253
1111118,27,141,16,184
1111119,46,285,23,354
1111120,44,290,15,349
1111121,35,202,3,240
1111122,17,187,11,215
1111123,46,248,20,314
1111124,45,281,33,359
1111125,59,284,25,368
1111126,73,331,21,425
1111127,66,298,38,402
1111128,39,285,43,367
1111129,41,228,40,309
1111130,58,324,33,415
1111131,34,190,30,254
1111132,33,219,16,268
1111133,39,192,31,262
1111134,25,209,24,258
1111135,30,180,28,238
1111136,44,205,26,275
1111137,0,0,0,0
1111138,25,134,12,171
1111139,0,0,0,0
1111140,42,224,27,293
1111141,26,177,4,207
1111142,6,13,9,28
1111143,27,136,9,172
1111144,21,147,16,184
1111145,25,105,14,144
1111146,0,0,0,0
1111147,55,332,58,445
1111201,21,229,15,265
1111202,27,197,17,241
1111203,41,363,34,438
1111204,29,215,15,259
1111205,23,200,31,254
1111206,19,214,18,251
1111207,37,197,27,261
1111208,20,130,15,165
1111209,45,324,34,403
1111210,41,419,42,502
1111211,19,111,9,139
1111212,33,226,18,277
1111213,42,274,34,350
1111214,45,287,37,369
1111215,27,194,26,247
1111216,27,197,20,244
1111217,15,207,9,231
1111218,30,222,27,279
1111219,17,310,30,357
1111220,7,80,10,97
1111221,29,172,21,222
1111222,26,202,51,279
1111223,24,149,24,197
1111224,31,228,12,271
1111225,14,161,9,184
1111226,30,173,3,206
1111227,43,291,18,352
1111228,9,148,15,172
1111229,31,215,15,261
1111230,47,283,42,372
1111231,42,312,22,376
1111232,25,221,6,252
1111233,24,357,23,404
1111234,21,227,12,260
1111235,38,309,16,363
1111236,31,386,31,448
1111237,27,196,6,229
1111238,15,210,12,237
1111239,50,393,24,467
1111240,29,236,13,278
1111241,13,112,15,140
1111242,24,295,17,336
1111243,34,498,45,577
1111301,24,155,24,203
1111302,28,254,21,303
1111303,15,119,12,146
1111304,36,185,45,266
1111305,37,224,25,286
1111306,28,243,34,305
1111307,25,94,3,122
1111308,17,111,21,149
1111309,40,257,22,319
1111310,24,143,24,191
1111311,44,239,27,310
1111312,76,279,28,383
1111313,37,177,9,223
1111314,38,283,24,345
1111315,29,186,13,228
1111401,27,173,46,246
1111402,52,322,55,429
1111403,18,142,14,174
1111404,46,302,12,360
1111405,60,378,47,485
1111406,28,81,9,118
1111407,46,387,11,444
1111408,38,234,47,319
1111409,53,194,31,278
1111410,75,303,63,441
1111411,23,235,43,301
1111412,37,245,17,299
1111501,41,258,9,308
1111502,45,237,53,335
1111503,33,204,43,280
1111504,29,159,15,203
1111505,50,359,29,438
1111506,62,315,42,419
1111507,39,209,22,270
1111508,51,312,38,401
1111509,50,392,24,466
1111510,31,185,18,234
1111511,47,257,21,325
1111512,39,233,21,293
1111513,50,188,47,285
1111514,50,355,22,427
1111515,54,321,21,396
1111516,35,280,17,332
1111517,41,272,25,338
1111518,32,185,16,233
1111519,38,290,18,346
1111520,49,301,18,368
1111521,15,116,18,149
1111522,74,435,57,566
1111523,45,309,13,367
1111524,22,167,7,196
1111525,6,63,0,69
1111526,76,408,21,505
1111527,49,222,18,289
1111528,29,267,28,324
1111529,62,373,37,472
1111530,42,256,17,315
1111531,26,218,22,266
1111532,36,256,37,329
1111533,50,350,51,451
1111534,46,212,28,286
1111535,54,303,19,376
1111536,13,243,41,297
1111537,17,140,15,172
1111538,43,333,4,380
1111539,38,233,9,280
1111540,75,371,65,511
1111541,58,396,22,476
1111542,38,215,32,285
1111543,63,356,36,455
1111544,45,241,31,317
1111545,35,229,19,283
1111546,33,315,14,362
1111547,56,331,34,421
1111548,39,219,21,279
1111549,18,136,15,169
1111550,39,231,23,293
1111551,34,205,15,254
1111552,37,246,30,313
1111553,38,240,17,295
1111554,54,358,43,455
1111555,31,250,12,293
1111556,45,278,12,335
1111557,15,193,7,215
1111558,21,195,4,220
1111559,39,243,5,287
1111560,42,214,9,265
1111561,39,221,15,275
1111562,0,0,0,0
1111563,21,124,25,170
1111564,9,29,0,38
1111565,34,248,15,297
1111601,49,284,24,357
1111602,53,315,23,391
1111603,30,164,15,209
1111604,50,355,31,436
1111605,39,297,12,348
1111606,57,419,21,497
1111607,24,96,21,141
1111608,44,238,15,297
1111609,29,160,19,208
1111610,50,278,23,351
1111611,19,168,16,203
1111612,44,391,21,456
1111613,38,223,4,265
1111614,44,311,21,376
1111615,52,266,18,336
1111616,41,213,11,265
1111701,26,154,38,218
1111702,43,298,18,359
1111703,59,370,34,463
1111704,23,248,18,289
1111705,28,222,12,262
1111706,29,172,9,210
1111707,16,116,3,135
1111708,51,316,27,394
1111709,25,173,10,208
1111710,36,287,12,335
1111711,48,335,24,407
1111712,46,402,28,476
1111713,37,370,13,420
1111714,34,364,31,429
1111715,36,182,13,231
1111716,23,313,35,371
1111717,37,282,14,333
1111718,32,279,13,324
1111719,63,317,30,410
1111720,46,217,13,276
1111721,41,216,40,297
1111722,40,272,24,336
1111723,36,375,18,429
1111724,32,294,12,338
1111725,52,255,60,367
1111726,23,152,19,194
1111727,36,144,10,190
1111728,21,133,14,168
1111729,56,402,31,489
1111730,38,142,25,205
1111731,55,304,23,382
1111732,73,380,18,471
1111733,36,305,19,360
1111734,38,240,13,291
1111735,27,177,37,241
1111736,42,329,35,406
1111737,45,286,27,358
1111738,53,312,36,401
1111739,54,458,48,560
1111740,20,206,20,246
1111741,26,207,24,257
1111742,6,200,12,218
1111743,38,255,27,320
1111744,3,7,3,13
1111801,55,377,12,444
1111802,36,228,18,282
1111803,34,179,11,224
1111804,48,320,28,396
1111805,38,331,12,381
1111806,41,319,18,378
1111807,30,252,12,294
1111808,45,278,21,344
1111809,25,226,12,263
1111810,55,302,15,372
1111811,54,198,12,264
1111812,45,341,11,397
1111813,25,137,7,169
1111814,21,131,7,159
1111815,0,0,0,0
1111816,41,368,18,427
1111817,32,234,6,272
1111818,35,234,23,292
1111819,51,324,22,397
1111820,27,149,36,212
1111821,49,294,33,376
1111822,31,319,18,368
1111901,22,181,19,222
1111902,32,244,22,298
1111903,56,313,59,428
1111904,41,229,27,297
1111905,55,405,45,505
1111906,21,170,16,207
1111907,9,58,18,85
1111908,0,0,0,0
1111909,28,130,16,174
1111910,27,161,15,203
1111911,23,175,18,216
1111912,29,162,35,226
1111913,45,252,12,309
1111914,37,216,14,267
1111915,38,316,27,381
1111916,41,240,21,302
1111917,0,0,0,0
1111918,31,163,9,203
1112001,0,10,0,10
1112002,46,226,24,296
1112003,45,197,11,253
1112004,46,289,15,350
1112005,3,9,0,12
1112006,69,362,46,477
1112007,30,155,12,197
1112008,58,339,41,438
1112009,39,294,20,353
1112010,64,407,25,496
1112011,32,170,17,219
1112012,30,208,24,262
1112013,49,264,12,325
1112014,49,310,13,372
1112015,19,148,18,185
1112016,51,336,33,420
1112017,0,0,0,0
1112018,70,328,36,434
1112101,68,330,110,508
1112102,57,298,23,378
1112103,38,195,33,266
1112104,30,170,11,211
1112105,31,192,17,240
1112106,36,299,63,398
1112107,19,144,10,173
1112108,51,328,34,413
1112109,31,252,37,320
1112110,18,149,21,188
1112111,0,0,0,0
1112112,0,0,0,0
1112113,3,0,3,6
1112114,3,15,0,18
1112115,43,294,39,376
1112116,47,252,24,323
1112117,0,47,0,47
1112118,39,246,21,306
1112119,48,329,21,398
1112120,28,160,20,208
1112121,14,46,12,72
1112122,26,140,12,178
1112123,61,299,103,463
1112124,53,272,28,353
1112125,32,228,74,334
1112126,10,141,35,186
1112127,57,307,35,399
1112128,40,218,6,264
1112129,28,166,10,204
1112130,35,260,15,310
1112131,64,326,90,480
1112132,61,528,67,656
1112133,43,239,16,298
1112134,36,471,21,528
1112135,4,33,9,46
1112136,35,264,35,334
1112137,24,255,35,314
1112138,53,424,22,499
1112139,31,238,18,287
1112140,41,185,20,246
1112141,49,277,55,381
1112142,45,245,13,303
1112143,56,308,59,423
1112144,45,170,24,239
1112145,44,313,82,439
1112146,50,237,206,493
1112147,24,193,16,233
1112148,49,279,28,356
1112149,49,278,62,389
1112150,29,198,18,245
1112151,37,302,49,388
1112152,45,217,13,275
1112153,30,224,20,274
1112154,50,263,23,336
1112155,23,241,3,267
1112156,30,222,26,278
1112201,71,421,28,520
1112202,31,184,36,251
1112203,0,0,0,0
1112204,43,211,34,288
1112205,38,258,25,321
1112206,32,277,30,339
1112207,50,275,49,374
1112208,35,209,29,273
1112209,45,280,31,356
1112210,75,358,53,486
1112211,26,250,36,312
1112212,59,331,50,440
1112213,26,163,9,198
1112214,33,206,22,261
1112215,39,253,26,318
1112216,38,220,14,272
1112217,39,277,12,328
1112218,31,228,9,268
1112219,41,299,21,361
1112220,39,208,31,278
1112221,43,342,35,420
1112222,37,279,29,345
1112223,47,272,39,358
1112224,32,192,35,259
1112225,49,287,14,350
1112226,44,349,26,419
1112227,46,397,21,464
1112228,39,336,23,398
1112229,48,374,38,460
1112230,61,319,60,440
1112231,30,138,13,181
1112232,0,5,0,5
1112233,18,143,9,170
1112234,28,178,8,214
1112301,21,128,7,156
1112302,21,199,3,223
1112303,46,248,22,316
1112304,35,268,13,316
1112305,33,335,15,383
1112306,21,96,15,132
1112307,30,159,10,199
1112308,49,295,11,355
1112309,25,205,12,242
1112310,62,376,38,476
1112311,23,248,19,290
1112312,34,197,15,246
1112313,28,268,21,317
1112314,31,212,18,261
1112315,27,155,16,198
1112401,28,180,13,221
1112402,27,161,21,209
1112403,35,244,15,294
1112404,44,253,24,321
1112405,61,409,43,513
1112406,39,196,21,256
1112407,34,141,6,181
1112408,36,207,30,273
1112409,40,154,28,222
1112410,55,270,31,356
1112411,43,320,40,403
1112412,39,152,14,205
1112413,75,263,31,369
1112414,9,67,0,76
1112415,0,0,0,0
1112416,0,0,0,0
1112501,23,116,8,147
1112502,49,260,27,336
1112503,45,178,24,247
1112504,13,198,21,232
1112505,0,0,0,0
1112506,59,339,38,436
1112507,53,362,44,459
1112508,0,0,0,0
1112509,7,131,31,169
1112510,32,168,19,219
1112511,46,255,36,337
1112512,46,196,29,271
1112513,41,337,25,403
1112514,9,63,4,76
1112515,35,250,59,344
1112516,40,231,23,294
1112517,38,246,47,331
1112518,48,340,13,401
1112519,31,253,18,302
1112520,40,212,14,266
1112521,34,326,11,371
1112522,30,211,13,254
1112523,26,204,12,242
1112524,25,318,14,357
1112525,48,299,24,371
1112526,28,190,9,227
1112527,37,367,23,427
1112528,34,308,18,360
1112529,32,208,12,252
1112530,33,317,31,381
1112531,21,188,15,224
1112532,26,142,20,188
1112533,0,0,0,0
1112534,14,135,13,162
1112535,18,205,12,235
1112536,25,152,7,184
1112537,40,237,10,287
1112601,10,101,21,132
1112602,6,69,285,360
1112603,36,252,24,312
1112604,50,242,15,307
1112605,21,186,15,222
1112606,22,160,14,196
1112607,31,203,37,271
1112608,22,122,15,159
1112609,33,285,18,336
1112610,36,284,30,350
1112611,17,141,11,169
1112612,26,186,24,236
1112613,36,291,22,349
1112614,26,289,35,350
1112615,3,72,30,105
1112616,18,156,11,185
1112617,32,287,64,383
1112618,16,214,9,239
1112619,15,122,6,143
1112620,44,248,13,305
1112621,30,209,89,328
1112622,29,282,53,364
1112623,41,284,19,344
1112624,33,219,45,297
1112625,28,222,35,285
1112626,22,153,12,187
1112627,28,243,5,276
1112628,23,127,12,162
1112629,24,216,37,277
1112630,26,349,15,390
1112631,51,411,54,516
1112632,19,133,15,167
1112633,18,169,9,196
1112634,19,167,24,210
1112635,0,0,0,0
1112701,44,271,30,345
1112702,24,205,18,247
1112703,24,259,21,304
1112704,0,0,0,0
1112705,8,114,34,156
1112706,31,279,36,346
1112707,27,138,3,168
1112708,28,198,33,259
1112709,38,232,25,295
1112710,40,311,37,388
1112711,17,172,23,212
1112712,44,302,32,378
1112801,30,358,16,404
1112802,40,316,43,399
1112803,39,225,25,289
1112804,48,349,74,471
1112805,29,260,14,303
1112806,39,216,7,262
1112807,27,155,15,197
1112808,42,236,25,303
1112809,40,354,18,412
1112810,51,355,15,421
1112811,25,368,46,439
1112812,26,305,22,353
1112813,36,275,35,346
1112901,38,262,33,333
1112902,41,337,19,397
1112903,50,309,13,372
1112904,41,255,24,320
1112905,10,137,16,163
1112906,20,216,21,257
1112907,35,202,12,249
1112908,38,199,37,274
1112909,22,170,11,203
1112910,35,184,20,239
1112911,15,138,3,156
1112912,39,191,11,241
1112913,16,258,10,284
1112914,24,143,41,208
1112915,20,153,34,207
1112916,42,271,38,351
1112917,35,213,25,273
1112918,24,165,21,210
1112919,3,153,13,169
1112920,19,181,7,207
1112921,39,247,33,319
1112922,56,291,52,399
1112923,48,335,39,422
1113001,30,250,16,296
1113002,57,361,38,456
1113003,31,209,30,270
1113004,53,314,48,415
1113005,90,355,50,495
1113006,69,401,40,510
1113007,62,307,35,404
1113008,84,338,34,456
1113009,51,208,16,275
1113010,58,354,55,467
1113011,32,184,51,267
1113012,43,218,40,301
1113013,42,288,20,350
1113014,48,290,27,365
1113015,37,277,43,357
1113016,50,282,27,359
1113017,40,264,48,352
1113018,0,20,0,20
1113019,43,306,46,395
1113020,36,183,52,271
1113021,64,363,35,462
1113022,54,270,19,343
1113023,38,233,18,289
1113024,41,268,66,375
1113025,57,255,40,352
1113026,57,225,36,318
1113027,44,251,30,325
1113028,52,264,41,357
1113029,39,225,49,313
1113030,54,261,43,358
1113031,77,283,48,408
1113032,31,162,32,225
1113033,65,261,41,367
1113034,47,212,36,295
1113035,0,10,0,10
1113036,28,214,43,285
1113037,0,0,0,0
1113038,62,283,34,379
1113039,0,0,0,0
1113040,21,152,19,192
1113041,61,416,30,507
1113042,47,247,30,324
1113043,39,255,76,370
1113044,47,299,43,389
1113045,20,204,12,236
1113046,67,361,48,476
1113047,27,172,34,233
1113048,53,368,35,456
1113049,74,343,57,474
1113050,39,284,31,354
1113051,0,0,0,0
1113052,31,180,26,237
1113053,56,306,64,426
1113054,34,133,13,180
1113055,37,325,57,419
1113056,14,88,19,121
1113057,134,624,86,844
1113058,21,155,19,195
1113059,47,306,29,382
1113060,29,213,27,269
1113061,45,276,55,376
1113062,57,263,33,353
1113063,53,409,35,497
1113064,20,176,24,220
1113065,42,260,36,338
1113066,47,259,20,326
1113067,16,118,12,146
1113101,36,179,30,245
1113102,35,216,22,273
1113103,45,217,13,275
1113104,21,171,21,213
1113105,44,335,55,434
1113106,41,210,15,266
1113107,43,240,26,309
1113108,25,207,19,251
1113109,54,378,25,457
1113110,23,136,15,174
1113111,31,223,15,269
1113112,0,3,0,3
1113113,57,229,4,290
1113114,66,425,27,518
1113115,40,253,22,315
1113116,15,135,12,162
1113117,76,339,39,454
1113118,45,329,32,406
1113119,55,280,22,357
1113120,54,249,27,330
1113121,29,144,5,178
1113122,15,155,29,199
1113123,20,220,20,260
1113124,50,246,21,317
1113125,22,146,13,181
1113126,55,271,46,372
1113127,43,256,17,316
1113128,55,355,52,462
1113129,57,268,13,338
1113130,29,192,21,242
1113131,39,267,20,326
1113132,37,207,13,257
1113133,19,175,10,204
1113134,60,287,107,454
1113135,32,185,15,232
1113136,21,160,19,200
1113137,56,376,42,474
1113138,52,420,88,560
1113139,84,385,56,525
1113140,45,223,22,290
1113141,30,145,6,181
1113142,16,145,7,168
1113143,70,320,18,408
1113144,49,255,12,316
1113145,28,185,30,243
1113146,54,305,18,377
1113147,36,256,30,322
1113148,58,295,32,385
1113149,32,219,21,272
1113150,52,368,45,465
1113151,36,171,11,218
1113152,48,310,37,395
1113153,21,145,18,184
1113154,52,293,29,374
1113155,34,283,39,356
1113156,30,124,16,170
1113157,65,371,27,463
1113158,48,295,32,375
1113201,31,223,9,263
1113202,38,214,22,274
1113203,39,182,25,246
1113204,52,358,3,413
1113205,30,244,18,292
1113206,38,242,15,295
1113207,24,206,7,237
1113208,25,129,4,158
1113209,18,128,12,158
1113210,31,214,6,251
1113211,49,369,14,432
1113212,30,172,0,202
1113213,29,274,9,312
1113214,57,285,12,354
1113215,46,392,9,447
1113216,50,243,11,304
1113217,65,332,24,421
1113218,21,180,6,207
1113219,30,258,6,294
1113301,3,27,0,30
1113401,0,0,0,0
1113402,41,284,13,338
1113403,48,285,7,340
1113404,54,293,7,354
1113405,28,140,9,177
1113406,61,330,43,434
1113407,34,189,16,239
1113408,39,185,9,233
1113409,20,164,0,184
1113410,28,181,12,221
1113411,40,184,7,231
1113412,29,156,9,194
1113413,13,180,10,203
1113414,38,227,10,275
1113415,55,303,18,376
1113416,41,216,17,274
1113417,42,332,31,405
1113418,45,160,28,233
1113419,51,281,28,360
1113420,58,323,28,409
1113421,51,254,25,330
1113422,59,333,24,416
1113423,40,243,12,295
1113424,53,355,23,431
1113425,19,150,12,181
1113426,33,251,7,291
1113427,16,118,6,140
1113428,39,138,3,180
1113429,36,240,31,307
1113430,37,218,29,284
1113431,35,194,0,229
1113432,41,205,3,249
1113433,49,189,8,246
1113434,38,298,17,353
1113435,31,317,25,373
1113436,29,216,10,255
1113437,21,127,22,170
1113438,60,202,31,293
1113439,45,304,37,386
1113440,42,209,13,264
1113441,0,4,0,4
1113442,61,314,28,403
1113443,27,178,13,218
1113444,18,167,3,188
1113445,16,152,4,172
1113501,0,4,3,7
1113601,44,309,17,370
1113602,34,256,15,305
1113603,52,322,31,405
1113604,46,259,19,324
1113605,33,256,27,316
1113606,17,115,9,141
1113607,44,253,17,314
1113608,21,87,9,117
1113609,21,274,15,310
1113610,43,350,11,404
1113611,21,200,12,233
1113612,37,243,13,293
1113613,56,339,20,415
1113614,50,295,6,351
1113615,79,391,6,476
1113616,0,0,0,0
1113617,47,292,25,364
1113618,43,270,8,321
1113619,47,275,28,350
1113620,27,226,6,259
1113621,45,283,28,356
1113622,34,338,15,387
1113623,42,232,27,301
1113624,21,194,3,218
1113625,54,305,29,388
1113626,23,134,15,172
1113627,23,146,5,174
1113628,28,171,15,214
1113629,31,234,23,288
1113630,38,212,24,274
1113631,34,148,10,192
1113632,37,192,15,244
1113633,34,406,18,458
1113634,17,191,15,223
1113635,37,324,16,377
1113701,16,141,18,175
1113702,49,376,18,443
1113703,0,4,0,4
1113704,38,156,36,230
1113705,25,197,12,234
1113706,39,295,27,361
1113707,32,162,30,224
1113708,41,167,3,211
1113709,30,195,9,234
1113710,45,340,52,437
1113711,58,267,35,360
1113712,39,271,16,326
1113713,60,347,40,447
1113714,37,335,34,406
1113715,42,273,26,341
1113716,53,265,22,340
1113717,36,187,15,238
1113718,39,221,28,288
1113719,0,4,0,4
1113720,0,0,0,0
1113721,0,13,0,13
1113722,32,167,19,218
1113801,35,239,18,292
1113802,42,208,19,269
1113803,24,205,16,245
1113804,48,202,21,271
1113805,39,384,40,463
1113806,39,235,18,292
1113807,43,220,21,284
1113808,35,202,9,246
1113809,64,353,33,450
1113810,29,217,18,264
1113811,67,299,22,388
1113812,45,264,19,328
1113813,48,251,15,314
1113814,23,235,12,270
1113815,50,314,15,379
1113816,38,172,10,220
1113817,18,163,9,190
1113818,6,115,6,127
1113819,12,44,3,59
1113820,58,268,14,340
1113821,37,287,19,343
1113901,0,28,0,28
1113902,0,6,0,6
1113903,19,148,3,170
1113904,56,328,23,407
1113905,58,288,24,370
1113906,29,213,15,257
1113907,41,240,26,307
1113908,62,361,21,444
1113909,39,263,25,327
1113910,28,217,6,251
1113911,0,0,0,0
1113912,41,333,13,387
1113913,22,188,14,224
1113914,44,202,13,259
1113915,48,244,14,306
1113916,37,240,23,300
1113917,24,158,20,202
1113918,0,0,0,0
1113919,75,313,33,421
1114001,40,304,8,352
1114002,26,98,0,124
1114003,37,234,25,296
1114004,42,210,9,261
1114005,21,145,9,175
1114006,66,338,33,437
1114007,48,413,17,478
1114008,26,142,6,174
1114009,68,386,24,478
1114010,33,189,15,237
1114011,45,241,15,301
1114012,79,326,29,434
1114013,37,244,12,293
1114014,18,284,29,331
1114015,22,144,15,181
1114016,34,137,9,180
1114017,59,289,9,357
1114018,36,172,30,238
1114019,24,159,18,201
1114020,32,147,24,203
1114101,38,278,27,343
1114102,0,0,0,0
1114103,9,91,4,104
1114104,43,266,27,336
1114105,30,132,0,162
1114106,26,218,9,253
1114107,31,219,11,261
1114108,29,260,15,304
1114109,74,541,26,641
1114110,19,235,15,269
1114111,0,0,0,0
1114112,55,403,38,496
1114113,40,231,16,287
1114114,40,246,11,297
1114115,40,196,15,251
1114116,76,336,12,424
1114117,44,262,35,341
1114118,15,175,21,211
1114119,57,333,31,421
1114120,42,320,16,378
1114121,41,317,35,393
1114122,79,371,38,488
1114123,43,328,6,377
1114124,31,165,28,224
1114125,69,417,28,514
1114126,23,115,11,149
1114127,23,242,13,278
1114128,61,358,24,443
1114129,37,329,29,395
1114130,42,371,28,441
1114131,39,293,6,338
1114132,45,326,3,374
1114201,59,339,32,430
1114202,49,252,18,319
1114203,0,18,0,18
1114204,36,234,15,285
1114205,46,264,15,325
1114206,48,254,15,317
1114207,45,234,25,304
1114208,50,302,22,374
1114209,51,205,21,277
1114210,26,152,10,188
1114211,50,296,12,358
1114212,44,231,19,294
1114213,44,194,8,246
1114214,47,230,23,300
1114215,32,205,21,258
1114216,43,247,12,302
1114217,51,264,18,333
1114218,83,327,15,425
1114219,25,193,3,221
1114220,54,239,20,313
1114221,3,19,3,25
1114222,55,342,35,432
1114223,48,207,8,263
1114224,46,237,25,308
1114225,57,338,31,426
1114226,51,243,42,336
1114301,33,175,30,238
1114302,55,347,38,440
1114303,40,265,23,328
1114304,39,220,26,285
1114305,35,170,9,214
1114306,39,261,15,315
1114307,48,242,14,304
1114308,44,171,36,251
1114309,30,189,22,241
1114310,48,273,39,360
1114311,52,241,47,340
1114312,0,0,0,0
1114313,37,257,22,316
1114314,46,248,59,353
1114315,61,257,51,369
1114316,29,217,25,271
1114317,82,378,54,514
1114318,62,255,18,335
1114319,63,284,35,382
1114320,35,222,27,284
1114321,62,375,50,487
1114322,35,200,12,247
1114323,36,254,27,317
1114324,25,152,25,202
1114325,46,383,60,489
1114326,70,301,34,405
1114327,33,172,21,226
1114328,35,185,25,245
1114329,21,131,50,202
1114330,31,203,10,244
1114331,58,229,29,316
1114332,29,235,28,292
1114333,45,307,39,391
1114334,62,370,30,462
1114335,55,303,45,403
1114336,43,274,32,349
1114337,45,244,27,316
1114338,43,174,33,250
1114339,42,276,30,348
1114340,40,154,23,217
1114341,40,164,27,231
1114342,52,231,22,305
1114343,36,218,32,286
1114344,87,324,24,435
1114345,58,316,28,402
1114346,54,378,21,453
1114347,67,281,46,394
1114348,57,286,17,360
1114349,47,384,41,472
1114350,71,329,33,433
1114401,73,257,13,343
1114402,69,382,15,466
1114403,15,159,22,196
1114404,55,298,16,369
1114405,38,255,37,330
1114406,47,225,24,296
1114407,49,346,13,408
1114408,20,212,28,260
1114409,26,178,6,210
1114410,37,227,21,285
1114411,41,240,27,308
1114412,25,152,36,213
1114413,30,228,9,267
1114414,57,297,24,378
1114415,16,121,10,147
1114416,36,151,11,198
1114417,70,393,37,500
1114418,11,400,46,457
1114419,27,172,15,214
1114420,3,88,9,100
1114421,59,272,21,352
1114422,59,305,32,396
1114423,66,418,27,511
1114424,58,308,28,394
1114425,50,341,35,426
1114426,75,349,26,450
1114427,49,291,71,411
1114428,73,345,37,455
1114429,44,251,24,319
1114430,56,275,28,359
1114431,67,393,24,484
1114432,48,268,13,329
1114433,71,383,42,496
1114434,50,283,15,348
1114435,53,355,38,446
1114436,39,460,39,538
1114437,32,311,38,381
1114438,30,159,15,204
1114439,28,223,15,266
1114440,53,259,11,323
1114441,22,241,26,289
1114442,50,246,21,317
1114443,53,290,18,361
1114444,51,486,47,584
1114445,68,349,42,459
1114446,39,248,9,296
1114447,53,224,6,283
1114448,20,147,0,167
1114501,25,205,18,248
1114502,64,333,34,431
1114503,40,272,16,328
1114504,41,237,14,292
1114505,58,352,36,446
1114506,0,0,0,0
1114507,33,243,17,293
1114508,38,209,16,263
1114509,49,245,23,317
1114510,66,317,26,409
1114511,23,221,25,269
1114512,54,249,18,321
1114513,24,136,18,178
1114514,48,180,16,244
1114515,36,259,18,313
1114516,61,421,38,520
1114517,49,274,20,343
1114518,60,347,15,422
1114519,50,213,21,284
1114520,53,297,35,385
1114521,37,185,27,249
1114522,36,245,27,308
1114523,40,370,22,432
1114524,35,195,18,248
1114525,39,190,22,251
1114526,35,267,27,329
1114527,65,227,45,337
1114528,74,277,73,424
1114529,70,287,45,402
1114530,18,58,6,82
1114531,29,255,18,302
1114532,26,210,21,257
1114533,61,300,21,382
1114534,63,282,27,372
1114535,49,382,28,459
1114536,18,162,4,184
1114537,34,200,20,254
1114538,45,285,35,365
1114539,56,328,9,393
1114601,15,210,16,241
1114602,39,286,40,365
1114603,50,385,29,464
1114604,23,237,40,300
1114605,42,361,36,439
1114606,34,272,30,336
1114607,41,234,18,293
1114608,41,217,18,276
1114609,70,385,40,495
1114610,51,323,18,392
1114611,52,328,14,394
1114612,40,262,28,330
1114613,35,189,16,240
1114614,71,461,33,565
1114615,38,327,23,388
1114616,50,296,26,372
1114617,66,305,15,386
1114618,30,372,27,429
1114619,14,152,9,175
1114620,33,166,9,208
1114621,27,115,30,172
1114622,61,327,24,412
1114623,42,235,7,284
1114624,37,251,31,319
1114625,49,291,10,350
1114626,72,409,16,497
1114627,61,386,14,461
1114628,46,240,15,301
1114629,42,275,12,329
1114630,82,336,27,445
1114631,34,253,15,302
1114632,39,235,29,303
1114633,25,244,15,284
1114634,54,299,18,371
1114635,80,384,25,489
1114636,47,276,25,348
1114637,66,384,17,467
1114638,6,26,0,32
1114639,37,176,24,237
1114640,73,326,37,436
1114641,27,230,31,288
1114642,40,239,18,297
1114643,59,273,17,349
1114644,54,240,21,315
1114645,70,360,41,471
1114646,50,361,41,452
1114701,45,340,33,418
1114702,35,339,11,385
1114703,29,162,33,224
1114704,36,284,19,339
1114705,43,311,31,385
1114706,31,172,15,218
1114707,0,0,0,0
1114708,57,276,19,352
1114709,26,200,15,241
1114710,0,5,0,5
1114711,49,287,12,348
1114712,37,274,43,354
1114713,59,383,42,484
1114714,22,122,24,168
1114715,18,119,12,149
1114716,14,206,14,234
1114717,3,59,7,69
1114718,25,203,15,243
1114719,35,166,21,222
1114720,40,236,21,297
1114721,42,269,12,323
1114722,43,302,21,366
1114723,14,268,25,307
1114724,50,286,30,366
1114801,50,268,19,337
1114802,58,250,9,317
1114803,46,178,3,227
1114804,57,313,33,403
1114805,35,209,17,261
1114806,0,0,0,0
1114807,27,227,23,277
1114808,50,270,48,368
1114809,31,206,12,249
1114810,47,289,30,366
1114811,55,283,16,354
1114812,0,0,0,0
1114813,36,254,11,301
1114814,28,129,9,166
1114815,24,167,15,206
1114816,25,185,12,222
1114817,0,0,0,0
1114818,11,139,6,156
1114819,25,154,10,189
1114820,29,178,33,240
1114821,65,252,9,326
1114822,61,311,27,399
1114823,18,181,14,213
1114824,52,335,23,410
1114825,69,295,23,387
1114826,79,385,48,512
1114827,64,312,20,396
1114828,33,227,26,286
1114829,34,181,29,244
1114830,29,211,21,261
1114831,39,271,13,323
1114901,0,0,0,0
1114902,40,320,24,384
1114903,30,292,29,351
1114904,23,125,12,160
1114905,53,322,33,408
1114906,12,129,9,150
1114907,52,269,27,348
1114908,66,477,72,615
1114909,52,283,15,350
1114910,18,199,30,247
1114911,61,381,38,480
1114912,51,308,24,383
1114913,23,232,25,280
1114914,44,226,12,282
1114915,45,260,6,311
1114916,41,388,12,441
1114917,59,526,44,629
1114918,19,238,25,282
1114919,45,456,54,555
1114920,28,277,29,334
1114921,70,549,96,715
1114922,45,352,55,452
1114923,50,445,59,554
1114924,57,349,42,448
1114925,39,375,36,450
1114926,42,497,47,586
1114927,50,414,47,511
1114928,39,404,44,487
1114929,75,464,81,620
1114930,34,401,35,470
1114931,39,198,15,252
1114932,44,517,65,626
1114933,49,248,11,308
1114934,53,421,33,507
1114935,31,308,9,348
1114936,42,224,31,297
1114937,47,301,80,428
1114938,37,366,32,435
1114939,58,361,22,441
1114940,0,7,0,7
1114941,37,406,13,456
1114942,40,182,8,230
1114943,49,258,24,331
1114944,27,132,3,162
1114945,31,362,130,523
1114946,43,367,11,421
1114947,36,300,38,374
1114948,48,346,38,432
1114949,33,334,15,382
1114950,28,310,40,378
1114951,34,338,50,422
1114952,49,395,21,465
1114953,76,499,121,696
1114954,51,341,39,431
1114955,34,238,19,291
1114956,75,716,194,985
1114957,32,267,17,316
1114958,24,173,27,224
1114959,29,209,19,257
1114960,36,219,32,287
1114961,46,264,23,333
1115001,43,221,21,285
1115002,51,351,12,414
1115003,64,393,18,475
1115004,57,320,31,408
1115005,49,275,24,348
1115006,53,387,14,454
1115007,35,239,25,299
1115008,50,314,39,403
1115009,41,211,17,269
1115010,25,242,22,289
1115011,55,274,7,336
1115012,25,140,9,174
1115013,26,152,3,181
1115014,72,424,27,523
1115015,37,299,37,373
1115016,32,164,14,210
1115017,54,376,30,460
1115018,26,188,6,220
1115019,55,306,35,396
1115020,20,207,30,257
1115021,39,302,30,371
1115022,68,434,39,541
1115023,41,265,3,309
1115024,40,406,47,493
1115025,19,154,3,176
1115026,40,251,31,322
1115027,73,431,48,552
1115028,11,137,18,166
1115029,59,292,14,365
1115030,64,338,22,424
1115031,61,337,18,416
1115032,29,211,18,258
1115033,69,372,35,476
1115034,31,174,27,232
1115035,41,249,7,297
1115036,76,388,33,497
1115037,18,194,9,221
1115038,33,226,0,259
1115039,37,196,11,244
1115040,58,403,34,495
1115041,32,284,22,338
1115042,36,274,18,328
1115043,0,6,3,9
1115044,36,183,21,240
1115101,64,396,92,552
1115102,16,118,15,149
1115103,39,177,10,226
1115104,39,212,10,261
1115105,58,206,29,293
1115106,15,121,12,148
1115107,34,105,32,171
1115108,41,261,29,331
1115109,34,172,28,234
1115110,42,248,29,319
1115111,68,449,37,554
1115112,55,299,35,389
1115113,0,0,0,0
1115114,28,205,21,254
1115201,65,323,39,427
1115202,51,218,19,288
1115203,39,235,19,293
1115204,48,357,94,499
1115205,42,284,53,379
1115206,59,299,32,390
1115207,32,171,38,241
1115208,57,342,43,442
1115209,31,185,24,240
1115210,49,290,37,376
1115211,54,283,25,362
1115212,56,266,37,359
1115213,52,220,26,298
1115214,49,426,34,509
1115215,0,8,0,8
1115216,46,272,38,356
1115217,39,222,29,290
1115218,63,413,64,540
1115219,41,289,39,369
1115220,28,162,32,222
1115221,91,354,56,501
1115222,28,192,36,256
1115223,0,0,0,0
1115224,11,79,0,90
1115225,44,246,48,338
1115226,27,204,19,250
1115227,23,182,30,235
1115228,54,302,20,376
1115229,33,230,37,300
1115230,51,261,30,342
1115231,74,313,27,414
1115232,50,234,23,307
1115233,62,371,46,479
1115234,28,120,157,305
1115235,45,251,34,330
1115236,19,159,23,201
1115301,40,205,14,259
1115302,25,125,8,158
1115303,53,386,27,466
1115304,55,338,31,424
1115305,21,133,21,175
1115306,39,141,24,204
1115307,62,318,27,407
1115308,42,151,24,217
1115309,33,132,10,175
1115310,21,150,9,180
1115311,49,238,43,330
1115312,29,163,32,224
1115313,43,273,7,323
1115314,36,139,10,185
1115315,53,282,28,363
1115316,70,346,26,442
1115401,56,331,106,493
1115402,0,0,0,0
1115403,0,0,0,0
1115404,33,148,25,206
1115405,68,382,47,497
1115406,30,225,34,289
1115407,37,142,21,200
1115408,58,290,32,380
1115409,24,261,31,316
1115410,52,202,37,291
1115411,42,218,38,298
1115412,37,254,24,315
1115413,76,408,58,542
1115414,51,256,38,345
1115415,35,206,40,281
1115416,30,232,27,289
1115417,0,11,0,11
1115418,26,154,36,216
1115419,18,151,15,184
1115501,48,313,24,385
1115502,47,186,37,270
1115503,16,123,15,154
1115504,75,263,17,355
1115505,42,151,15,208
1115506,41,159,47,247
1115507,33,132,32,197
1115508,40,177,36,253
1115509,38,193,18,249
1115510,42,279,22,343
1115511,54,295,39,388
1115512,43,326,45,414
1115513,27,138,19,184
1115514,44,255,67,366
1115515,34,203,33,270
1115516,17,222,25,264
1115517,31,288,34,353
1115518,33,147,25,205
1115519,54,283,30,367
1115520,25,158,31,214
1115521,51,327,32,410
1115522,74,321,30,425
1115523,34,157,10,201
1115524,41,204,13,258
1115525,28,158,40,226
1115526,46,267,16,329
1115527,38,256,18,312
1115528,37,174,27,238
1115529,45,206,35,286
1115530,37,219,30,286
1115531,43,147,16,206
1115532,63,351,30,444
1115533,22,140,13,175
1115534,35,172,18,225
1115535,0,3,472,475
1115536,22,151,23,196
1115537,9,70,9,88
1115538,46,232,50,328
1115539,12,52,0,64
1115540,58,279,12,349
1115601,48,161,28,237
1115602,48,237,22,307
1115603,41,224,29,294
1115604,42,207,19,268
1115605,20,193,34,247
1115606,23,182,20,225
1115607,35,154,30,219
1115608,43,170,32,245
1115609,45,245,15,305
1115610,43,139,32,214
1115611,35,241,31,307
1115612,35,238,27,300
1115613,45,149,6,200
1115614,35,241,31,307
1115615,43,281,30,354
1115616,23,134,23,180
1115617,22,140,12,174
1115618,30,125,15,170
1115619,45,177,15,237
1115620,51,286,30,367
1115621,43,121,18,182
1115622,53,226,25,304
1115623,40,215,16,271
1115624,55,359,25,439
1115625,39,168,29,236
1115626,36,171,16,223
1115627,45,183,23,251
1115628,38,213,43,294
1115701,68,300,54,422
1115702,26,162,18,206
1115703,34,125,6,165
1115704,38,254,28,320
1115705,30,172,16,218
1115706,35,177,17,229
1115707,23,133,18,174
1115708,31,144,16,191
1115709,39,265,25,329
1115710,18,247,37,302
1115711,32,239,40,311
1115712,34,144,11,189
1115713,24,189,38,251
1115714,58,263,27,348
1115715,20,122,3,145
1115801,54,271,58,383
1115802,56,353,44,453
1115803,44,194,11,249
1115804,65,326,43,434
1115805,76,361,59,496
1115806,58,237,40,335
1115807,0,0,0,0
1115808,0,0,0,0
1115809,38,146,30,214
1115810,35,206,12,253
1115811,50,257,35,342
1115812,0,3,0,3
1115813,37,200,5,242
1115814,64,336,46,446
1115815,33,189,31,253
1115816,77,314,51,442
1115817,42,303,26,371
1115818,61,307,42,410
1115819,44,209,36,289
1115901,52,259,28,339
1115902,15,161,24,200
1115903,61,304,27,392
1115904,14,71,6,91
1115905,86,531,64,681
1115906,36,236,33,305
1115907,16,155,9,180
1115908,46,223,18,287
1115909,64,327,21,412
1115910,39,158,13,210
1115911,48,226,12,286
1115912,32,171,24,227
1115913,6,94,9,109
1115914,37,195,19,251
1115915,42,218,25,285
1115916,46,264,12,322
1115917,35,190,20,245
1115918,44,175,27,246
1115919,0,61,0,61
1115920,64,333,33,430
1115921,26,145,21,192
1115922,19,122,18,159
1116001,65,331,33,429
1116002,36,218,25,279
1116003,32,159,15,206
1116004,25,214,13,252
1116005,43,207,13,263
1116006,43,231,33,307
1116007,45,218,35,298
1116008,15,122,7,144
1116009,49,203,42,294
1116010,0,0,0,0
1116011,14,88,12,114
1116012,0,0,0,0
1116013,58,291,27,376
1116014,33,228,21,282
1116015,51,242,37,330
1116016,26,180,22,228
1116017,78,288,19,385
1116101,37,247,18,302
1116201,33,260,21,314
1116202,17,146,0,163
1116203,42,196,18,256
1116204,46,391,15,452
1116205,24,147,12,183
1116206,52,286,16,354
1116207,30,185,18,233
1116208,40,184,24,248
1116209,12,140,12,164
1116210,46,353,21,420
1116211,30,217,26,273
1116212,19,125,18,162
1116213,25,204,32,261
1116214,33,166,7,206
1116215,27,208,23,258
1116216,12,81,12,105
1116217,39,227,27,293
1116218,48,289,12,349
1116219,39,184,14,237
1116220,44,214,19,277
1116221,22,156,12,190
1116222,32,163,19,214
1116223,37,179,33,249
1116224,50,232,22,304
1116225,40,176,25,241
1116226,0,9,3,12
1116227,23,166,15,204
1116228,29,187,25,241
1116229,60,336,33,429
1116230,60,284,21,365
1116231,43,204,23,270
1116232,45,332,49,426
1116233,0,12,3,15
1116234,35,174,24,233
1116235,18,165,16,199
1116236,41,193,11,245
1116237,59,342,22,423
1116238,19,88,3,110
1116239,42,261,21,324
1116240,0,0,0,0
1116241,40,180,26,246
1116242,41,276,50,367
1116243,57,262,39,358
1116244,47,250,18,315
1116245,30,139,6,175
1116246,40,198,5,243
1116247,63,293,139,495
1116248,59,247,19,325
1116249,69,407,71,547
1116250,0,0,0,0
1116251,20,118,6,144
1116301,28,255,12,295
1116302,36,214,20,270
1116303,55,431,33,519
1116304,51,301,32,384
1116305,61,282,14,357
1116306,34,178,18,230
1116307,67,533,45,645
1116308,49,344,28,421
1116309,45,277,20,342
1116310,44,223,21,288
1116311,47,369,29,445
1116312,41,316,6,363
1116313,39,205,20,264
1116314,26,179,6,211
1116315,45,353,100,498
1116316,30,262,48,340
1116317,28,250,21,299
1116318,41,265,27,333
1116319,0,0,0,0
1116320,61,321,43,425
1116321,34,228,9,271
1116322,43,201,27,271
1116323,29,217,16,262
1116324,34,189,16,239
1116325,0,0,0,0
1116326,33,332,6,371
1116327,44,259,8,311
1116328,16,199,9,224
1116329,25,187,6,218
1116330,27,168,10,205
1116331,20,174,16,210
1116332,40,233,8,281
1116333,26,202,6,234
1116334,39,223,27,289
1116335,36,261,48,345
1116336,29,221,29,279
1116337,53,220,20,293
1116338,41,251,13,305
1116339,50,311,14,375
1116340,20,174,12,206
1116341,64,460,26,550
1116342,48,332,30,410
1116343,31,245,27,303
1116344,26,148,6,180
1116345,26,233,27,286
1116346,43,372,38,453
1116347,27,168,13,208
1116348,29,181,22,232
1116349,50,303,18,371
1116350,68,351,27,446
1116351,40,261,21,322
1116352,37,288,21,346
1116353,32,201,15,248
1116354,52,329,22,403
1116355,33,259,30,322
1116356,28,169,26,223
1116357,43,289,62,394
1116358,46,332,24,402
1116359,56,372,18,446
1116360,54,268,16,338
1116361,59,311,24,394
1116362,29,297,35,361
1116363,66,382,23,471
1116364,51,360,9,420
1116365,28,233,20,281
1116366,40,270,13,323
1116367,60,482,38,580
1116401,32,184,74,290
1116402,41,350,37,428
1116403,3,33,0,36
1116404,28,181,20,229
1116405,40,301,9,350
1116406,46,420,67,533
1116407,64,354,65,483
1116408,51,307,35,393
1116409,39,190,34,263
1116410,77,460,58,595
1116411,42,381,78,501
1116412,30,270,28,328
1116413,45,370,51,466
1116414,36,260,24,320
1116415,26,172,12,210
1116416,52,245,25,322
1116417,18,152,0,170
1116418,48,263,23,334
1116419,65,346,60,471
1116420,44,270,43,357
1116421,42,388,48,478
1116422,75,395,45,515
1116423,53,322,25,400
1116424,47,348,19,414
1116425,47,357,26,430
1116426,33,261,18,312
1116427,52,308,59,419
1116428,52,262,30,344
1116429,36,209,25,270
1116430,56,222,41,319
1116431,14,163,26,203
1116432,23,175,36,234
1116433,43,240,22,305
1116434,52,328,51,431
1116435,0,0,0,0
1116436,26,113,35,174
1116437,0,12,3,15
1116438,33,215,22,270
1116501,38,231,22,291
1116502,36,159,15,210
1116503,32,129,22,183
1116504,29,168,33,230
1116505,44,258,23,325
1116506,42,249,18,309
1116507,46,251,19,316
1116508,13,80,24,117
1116509,70,245,18,333
1116510,27,126,16,169
1116511,34,148,36,218
1116512,32,188,10,230
1116513,58,234,22,314
1116514,33,223,10,266
1116515,42,190,29,261
1116516,52,310,36,398
1116601,22,130,3,155
1116602,37,192,24,253
1116603,51,177,79,307
1116604,44,295,30,369
1116605,38,220,28,286
1116606,35,253,20,308
1116607,38,280,21,339
1116608,34,235,13,282
1116609,33,233,96,362
1116610,36,165,12,213
1116611,75,311,41,427
1116612,42,218,22,282
1116613,9,89,9,107
1116614,61,380,13,454
1116615,53,243,26,322
1116616,28,165,17,210
1116617,0,9,0,9
1116618,36,258,24,318
1116619,60,385,27,472
1116620,47,251,24,322
1116621,37,204,23,264
1116622,44,247,33,324
1116623,40,141,0,181
1116624,38,180,13,231
1116625,35,161,11,207
1116626,41,236,37,314
1116627,41,199,9,249
1116628,27,129,16,172
1116629,41,221,25,287
1116701,39,203,22,264
1116702,53,322,42,417
1116703,29,220,9,258
1116704,29,163,22,214
1116705,44,172,19,235
1116706,27,188,16,231
1116707,4,17,0,21
1116708,62,343,30,435
1116709,39,168,21,228
1116710,15,183,7,205
1116711,44,233,28,305
1116712,24,121,18,163
1116713,77,334,29,440
1116714,38,271,20,329
1116715,53,273,17,343
1116801,50,356,36,442
1116802,23,132,23,178
1116803,50,291,29,370
1116804,31,192,3,226
1116805,37,275,22,334
1116806,96,388,15,499
1116807,33,159,21,213
1116808,45,234,35,314
1116809,41,221,25,287
1116810,3,35,0,38
1116811,25,129,18,172
1116812,56,296,24,376
1116813,42,230,8,280
1116814,26,133,13,172
1116815,49,366,18,433
1116816,60,274,20,354
1116817,20,142,15,177
1116818,35,240,31,306
1116819,39,312,34,385
1116820,52,250,39,341
1116821,18,92,4,114
1116822,34,284,28,346
1116823,27,189,9,225
1116824,43,238,9,290
1116825,35,289,9,333
1116826,25,124,10,159
1116827,26,116,4,146
1116828,0,0,0,0
1116829,35,201,18,254
1116901,52,325,35,412
1116902,38,185,36,259
1116903,35,284,31,350
1116904,47,213,16,276
1116905,29,171,22,222
1116906,12,95,6,113
1116907,56,269,16,341
1116908,46,176,20,242
1116909,46,229,34,309
1116910,30,157,10,197
1116911,38,214,15,267
1116912,40,200,15,255
1116913,40,239,32,311
1116914,42,186,12,240
1116915,56,334,20,410
1116916,63,327,30,420
1116917,28,151,24,203
1116918,72,287,21,380
1116919,37,236,10,283
1116920,41,182,25,248
1116921,29,151,21,201
1116922,50,294,52,396
1116923,44,205,44,293
1116924,27,177,15,219
1116925,23,132,4,159
1116926,45,221,26,292
1116927,27,77,12,116
1116928,50,194,45,289
1116929,49,280,53,382
1116930,23,157,29,209
1116931,58,281,67,406
1116932,33,159,11,203
1116933,43,183,24,250
1116934,23,189,15,227
1116935,54,228,30,312
1116936,19,125,33,177
1116937,34,199,18,251
1116938,32,182,20,234
1116939,23,171,18,212
1116940,23,184,54,261
1116941,23,202,30,255
1116942,28,165,25,218
1116943,55,303,38,396
1116944,25,164,24,213
1116945,26,126,15,167
1116946,26,204,38,268
1116947,19,113,9,141
1116948,52,317,33,402
1116949,65,350,46,461
1116950,23,240,44,307
1116951,7,50,6,63
1116952,22,323,33,378
1116953,16,58,10,84
1116954,51,257,33,341
1116955,38,221,29,288
1116956,43,204,10,257
1116957,44,229,15,288
1116958,39,201,17,257
1116959,58,240,30,328
1116960,39,242,28,309
1117001,102,528,47,677
1117002,0,0,0,0
1117003,22,124,23,169
1117004,28,187,27,242
1117005,55,244,37,336
1117006,46,246,29,321
1117007,24,148,23,195
1117008,54,226,35,315
1117009,0,0,0,0
1117010,33,189,23,245
1117011,0,0,0,0
1117012,68,347,39,454
1117013,40,195,18,253
1117014,48,273,24,345
1117015,78,317,22,417
1117016,33,167,15,215
1117017,41,183,22,246
1117018,0,0,0,0
1117019,25,174,30,229
1117020,45,237,9,291
1117021,27,218,24,269
1117022,57,216,60,333
1117023,48,187,23,258
1117024,39,190,34,263
1117025,30,168,16,214
1117026,28,162,15,205
1117027,49,265,18,332
1117028,34,169,15,218
1117029,8,98,3,109
1117030,22,114,18,154
1117031,33,266,33,332
1117032,59,285,34,378
1117033,44,221,16,281
1117034,55,342,27,424
1117035,0,0,6,6
1117036,12,62,3,77
1117037,47,215,39,301
1117038,25,134,13,172
1117039,48,211,30,289
1117101,28,169,21,218
1117102,44,296,32,372
1117103,23,203,23,249
1117104,40,204,40,284
1117105,47,234,41,322
1117106,73,317,21,411
1117107,64,270,28,362
1117108,42,289,33,364
1117109,45,220,16,281
1117110,28,157,7,192
1117111,39,263,25,327
1117112,23,97,15,135
1117113,35,216,18,269
1117114,25,219,15,259
1117115,34,151,19,204
1117201,39,274,14,327
1117202,55,322,18,395
1117203,35,285,20,340
1117204,31,234,21,286
1117205,40,284,21,345
1117206,49,400,15,464
1117207,35,284,31,350
1117208,46,322,15,383
1117209,22,214,12,248
1117210,59,244,17,320
1117211,34,231,12,277
1117212,24,243,21,288
1117213,34,208,15,257
1117214,47,328,29,404
1117215,28,194,12,234
1117216,30,213,10,253
1117217,44,353,33,430
1117218,21,167,9,197
1117219,34,294,36,364
1117220,50,348,39,437
1117221,43,590,23,656
1117222,33,283,30,346
1117223,55,419,22,496
1117224,40,242,45,327
1117225,12,118,9,139
1117226,26,106,9,141
1117227,50,409,19,478
1117228,44,262,27,333
1117229,46,371,44,461
1117230,3,3,0,6
1117301,20,74,0,94
1117302,37,172,11,220
1117303,14,171,25,210
1117304,46,209,68,323
1117305,50,240,25,315
1117306,60,306,53,419
1117307,59,365,48,472
1117308,22,163,40,225
1117309,55,341,32,428
1117310,9,130,13,152
1117311,55,332,57,444
1117312,44,269,46,359
1117313,21,154,25,200
1117314,38,238,37,313
1117315,33,219,15,267
1117316,48,224,18,290
1117317,15,191,9,215
1117318,43,268,29,340
1117319,26,228,39,293
1117320,41,246,10,297
1117321,55,356,17,428
1117322,33,257,15,305
1117323,15,69,3,87
1117324,34,171,4,209
1117325,20,167,24,211
1117326,40,209,33,282
1117401,36,224,18,278
1117402,37,357,33,427
1117403,52,335,22,409
1117404,50,342,71,463
1117405,50,312,27,389
1117406,61,361,24,446
1117407,27,369,47,443
1117408,45,253,34,332
1117409,38,313,51,402
1117410,61,298,54,413
1117411,22,256,21,299
1117412,33,151,29,213
1117413,41,256,18,315
1117414,44,394,37,475
1117415,57,344,36,437
1117416,28,309,22,359
1117417,23,264,21,308
1117418,31,347,24,402
1117419,6,0,0,6
1117420,0,0,0,0
1117421,4,0,0,4
1117422,0,6,0,6
1117423,12,201,33,246
1117424,18,203,13,234
1117425,34,305,21,360
1117426,49,347,58,454
1117427,22,149,33,204
1117428,40,258,30,328
1117429,26,181,3,210
1117501,41,302,18,361
1117502,28,161,6,195
1117503,30,264,20,314
1117504,37,244,16,297
1117505,41,274,29,344
1117506,16,200,10,226
1117507,46,258,10,314
1117508,55,325,12,392
1117509,30,284,42,356
1117510,29,144,9,182
1117511,33,246,46,325
1117512,28,175,18,221
1117513,41,222,23,286
1117514,39,251,15,305
1117515,9,118,45,172
1117516,43,256,6,305
1117517,38,215,15,268
1117518,18,170,11,199
1117519,29,166,26,221
1117520,13,142,12,167
1117521,22,154,21,197
1117522,47,232,35,314
1117523,42,221,27,290
1117524,44,189,45,278
1117525,31,190,3,224
1117526,19,133,25,177
1117527,46,199,9,254
1117528,66,360,40,466
1117529,30,189,14,233
1117530,0,6,0,6
1117531,20,220,15,255
1117532,9,99,3,111
1117533,41,117,11,169
1117534,8,82,7,97
1117601,66,324,66,456
1117602,22,191,7,220
1117603,32,219,21,272
1117604,46,350,31,427
1117605,60,302,33,395
1117606,33,220,19,272
1117607,56,352,47,455
1117608,22,230,28,280
1117609,34,252,24,310
1117610,53,368,45,466
1117611,43,291,33,367
1117612,42,253,37,332
1117613,41,330,62,433
1117614,35,322,30,387
1117615,33,285,25,343
1117616,32,213,28,273
1117617,25,236,16,277
1117618,33,151,18,202
1117619,40,177,13,230
1117620,58,291,45,394
1117621,32,238,25,295
1117622,37,284,28,349
1117623,27,142,13,182
1117624,26,210,34,270
1117625,16,100,15,131
1117626,0,3,0,3
1117627,41,276,27,344
1117628,51,340,17,408
1117629,7,119,26,152
1117630,16,152,18,186
1117631,24,220,21,265
1117632,35,250,21,306
1117633,69,334,18,421
1117634,75,451,28,554
1117635,19,143,10,172
1117636,53,428,35,516
1117701,27,207,29,263
1117702,22,138,16,176
1117703,18,109,21,148
1117704,28,246,31,305
1117705,41,190,31,262
1117706,14,104,16,134
1117707,39,138,17,194
1117708,33,140,12,185
1117709,33,129,9,171
1117710,13,104,12,129
1117711,15,133,18,166
1117712,37,201,17,255
1117801,25,182,3,210
1117802,46,239,38,323
1117803,23,125,21,169
1117804,22,176,18,216
1117805,40,241,15,296
1117806,0,0,0,0
1117807,35,160,36,231
1117808,33,142,15,190
1117809,15,122,10,147
1117810,6,80,0,86
1117811,27,153,18,198
1117812,27,168,30,225
1117813,31,195,33,259
1117814,23,193,28,244
1117815,38,209,60,307
1117816,4,16,0,20
1117817,57,265,23,345
1117818,29,120,9,158
1117819,15,184,12,211
1117820,32,150,9,191
1117821,40,261,24,325
1117822,28,153,33,214
1117901,42,196,35,273
1117902,14,94,8,116
1117903,34,263,39,336
1117904,39,196,43,278
1117905,29,142,19,190
1117906,42,262,21,325
1117907,33,290,30,353
1117908,44,275,46,365
1117909,35,200,36,271
1117910,33,245,42,320
1117911,14,127,10,151
1118001,16,161,3,180
1118002,14,100,15,129
1118003,35,308,20,363
1118004,52,262,41,355
1118005,30,201,23,254
1118006,29,213,32,274
1118007,50,266,31,347
1118008,22,192,27,241
1118009,13,98,21,132
1118010,32,134,20,186
1118011,26,214,31,271
1118012,40,296,34,370
1118013,61,396,38,495
1118014,0,0,3,3
1118015,0,7,0,7
1118016,0,0,0,0
1118017,23,150,79,252
1118018,11,136,15,162
1118019,9,48,3,60
1118020,42,278,21,341
1118021,16,139,14,169
1118101,22,222,16,260
1118102,45,326,44,415
1118103,19,135,21,175
1118104,30,194,18,242
1118105,13,106,15,134
1118106,41,227,28,296
1118107,0,0,0,0
1118108,32,231,14,277
1118109,38,224,29,291
1118110,43,196,20,259
1118111,26,236,26,288
1118112,21,154,19,194
1118113,24,220,12,256
1118114,41,263,18,322
1118115,41,237,18,296
1118116,43,351,28,422
1118117,19,157,15,191
1118118,42,264,16,322
1118119,27,272,33,332
1118120,34,220,32,286
1118201,21,143,25,189
1118202,3,0,0,3
1118203,35,169,35,239
1118204,38,217,35,290
1118205,30,169,19,218
1118206,24,148,14,186
1118207,47,238,50,335
1118208,19,142,18,179
1118209,26,155,9,190
1118210,29,160,20,209
1118211,40,211,27,278
1118212,41,187,26,254
1118213,52,276,27,355
1118214,39,238,33,310
1118215,36,224,18,278
1118216,18,225,25,268
1118217,19,210,32,261
1118218,26,172,34,232
1118219,47,301,43,391
1118220,48,232,29,309
1118221,24,172,21,217
1118222,42,295,40,377
1118223,0,0,0,0
1118224,34,178,4,216
1118301,13,159,13,185
1118302,39,303,30,372
1118303,21,139,14,174
1118304,29,200,13,242
1118305,49,379,39,467
1118306,27,191,49,267
1118307,18,92,38,148
1118308,27,217,34,278
1118309,28,166,37,231
1118310,36,152,12,200
1118311,20,153,16,189
1118312,42,241,22,305
1118313,19,190,24,233
1118314,18,157,20,195
1118315,41,259,42,342
1118316,28,257,12,297
1118317,46,334,45,425
1118318,41,216,29,286
1118319,34,243,14,291
1118320,25,177,15,217
1118321,9,100,5,114
1118322,3,55,0,58
1118401,57,353,41,451
1118402,21,148,3,172
1118403,52,349,30,431
1118404,33,192,37,262
1118405,3,62,9,74
1118406,7,137,20,164
1118407,45,325,60,430
1118408,44,240,43,327
1118409,25,217,38,280
1118410,24,210,18,252
1118411,27,258,9,294
1118412,31,258,19,308
1118413,19,208,18,245
1118414,22,221,15,258
1118415,26,253,27,306
1118501,30,241,13,284
1118502,36,275,21,332
1118503,60,356,44,460
1118504,26,267,39,332
1118505,71,392,64,527
1118506,43,293,37,373
1118507,19,155,12,186
1118508,15,162,16,193
1118509,27,166,6,199
1118510,43,213,18,274
1118511,29,109,12,150
1118512,37,206,6,249
1118513,31,179,24,234
1118514,9,103,13,125
1118515,23,168,16,207
1118516,54,236,39,329
1118517,46,276,33,355
1118518,41,229,33,303
1118519,41,227,96,364
1118520,34,186,31,251
1118521,32,188,26,246
1118522,13,117,21,151
1118523,46,241,43,330
1118524,45,232,38,315
1118525,35,216,24,275
1118526,21,209,48,278
1118527,37,289,24,350
1118601,26,797,33,856
1118602,45,302,12,359
1118603,55,316,12,383
1118604,51,399,34,484
1118605,48,338,6,392
1118606,29,235,17,281
1118607,17,329,63,409
1118608,37,224,24,285
1118609,43,278,21,342
1118610,40,163,32,235
1118611,29,172,4,205
1118612,43,254,25,322
1118613,24,227,20,271
1118614,34,264,34,332
1118615,56,307,33,396
1118616,43,293,9,345
1118617,47,219,4,270
1118618,47,349,39,435
1118619,24,131,12,167
1118620,40,268,12,320
1118621,51,231,11,293
1118622,31,289,36,356
1118623,54,265,24,343
1118624,52,389,28,469
1118625,18,141,21,180
1118626,31,171,15,217
1118627,50,260,31,341
1118628,25,167,20,212
1118629,32,235,29,296
1118630,50,298,77,425
1118631,29,231,67,327
1118632,34,301,31,366
1118633,33,199,37,269
1118634,18,153,16,187
1118635,21,125,21,167
1118636,39,215,37,291
1118637,48,341,35,424
1118638,43,311,44,398
1118639,21,230,32,283
1118640,48,256,28,332
1118641,34,299,27,360
1118642,49,368,22,439
1118643,41,372,76,489
1118644,53,355,37,445
1118645,22,249,39,310
1118646,20,137,15,172
1118647,19,197,17,233
1118648,47,262,33,342
1118649,46,281,66,393
1118650,58,242,51,351
1118651,49,237,18,304
1118652,20,278,19,317
1118653,26,171,15,212
1118654,50,410,96,556
1118701,53,287,38,378
1118702,28,218,34,280
1118703,44,326,57,427
1118704,71,349,54,474
1118705,20,123,5,148
1118706,31,210,8,249
1118707,37,304,18,359
1118708,46,203,6,255
1118709,22,158,7,187
1118710,18,143,9,170
1118711,32,187,20,239
1118712,32,190,23,245
1118801,47,254,15,316
1118802,34,241,32,307
1118803,55,278,37,370
1118804,22,201,35,258
1118805,51,259,19,329
1118806,45,229,18,292
1118807,33,234,16,283
1118808,35,191,12,238
1118809,26,109,7,142
1118810,44,308,14,366
1118811,18,137,24,179
1118812,20,140,6,166
1118813,33,109,3,145
1118814,22,218,15,255
1118815,36,194,19,249
1118816,29,162,13,204
1118817,34,191,6,231
1118818,32,210,32,274
1118819,23,122,12,157
1118901,15,144,20,179
1118902,18,212,4,234
1118903,23,246,24,293
1118904,35,159,5,199
1118905,32,248,28,308
1118906,21,147,27,195
1118907,41,249,20,310
1118908,24,247,27,298
1118909,7,105,4,116
1118910,16,100,6,122
1118911,20,184,12,216
1118912,18,106,6,130
1119001,28,135,9,172
1119002,45,290,28,363
1119003,27,208,39,274
1119004,35,197,24,256
1119005,36,186,19,241
1119006,19,238,29,286
1119007,30,169,28,227
1119008,41,225,34,300
1119009,42,312,36,390
1119010,40,304,35,379
1119011,38,163,30,231
1119012,56,260,32,348
1119013,67,422,51,540
1119014,30,171,21,222
1119015,47,241,23,311
1119016,19,180,22,221
1119017,37,291,25,353
1119018,54,238,36,328
1119019,22,77,9,108
1119020,16,140,14,170
1119021,70,315,142,527
1119022,45,218,20,283
1119023,29,137,13,179
1119024,31,144,18,193
1119025,31,159,4,194
1119101,48,278,33,359
1119102,38,234,13,285
1119103,41,200,18,259
1119104,12,141,27,180
1119105,28,185,12,225
1119106,53,323,21,397
1119107,32,230,27,289
1119108,30,199,20,249
1119109,34,200,32,266
1119110,47,242,36,325
1119111,53,355,45,453
1119112,28,282,32,342
1119113,54,313,39,406
1119114,64,380,31,475
1119115,10,85,154,249
1119116,19,123,16,158
1119117,50,311,20,381
1119118,64,293,51,408
1119119,51,323,30,404
1119120,39,244,15,298
1119121,34,187,18,239
1119122,35,261,12,308
1119123,48,338,54,440
1119124,36,285,24,345
1119125,48,356,39,443
1119126,15,152,14,181
1119127,38,274,41,353
1119128,33,187,31,251
1119201,39,159,23,221
1119202,27,126,22,175
1119203,26,158,12,196
1119204,24,146,9,179
1119205,33,232,15,280
1119206,49,253,15,317
1119207,41,240,36,317
1119208,37,250,20,307
1119209,24,126,7,157
1119210,39,265,27,331
1119211,40,250,24,314
1119212,59,325,36,420
1119213,33,184,18,235
1119214,21,118,12,151
1119215,60,391,24,475
1119301,25,184,23,232
1119302,30,205,15,250
1119303,27,122,0,149
1119304,41,193,19,253
1119305,24,71,0,95
1119306,32,204,19,255
1119307,34,181,15,230
1119308,19,173,17,209
1119309,48,210,4,262
1119310,26,166,3,195
1119311,26,123,15,164
1119312,34,117,19,170
1119313,34,156,17,207
1119314,44,185,15,244
1119315,31,220,27,278
1119316,55,319,37,411
1119317,28,181,21,230
1119318,41,131,21,193
1119319,38,276,36,350
1119320,29,125,18,172
1119401,16,79,18,113
1119402,48,242,29,319
1119403,39,263,29,331
1119404,40,214,22,276
1119405,28,144,13,185
1119406,57,242,35,334
1119407,37,238,13,288
1119408,56,215,21,292
1119409,20,142,12,174
1119410,29,134,30,193
1119411,18,142,15,175
1119412,23,263,70,356
1119413,15,114,50,179
1119414,23,212,4,239
1119415,35,156,29,220
1119416,39,165,17,221
1119417,29,207,12,248
1119418,42,229,31,302
1119419,35,196,12,243
1119420,17,87,9,113
1119421,12,74,0,86
1119422,30,252,17,299
1119423,37,112,24,173
1119424,20,117,18,155
1119501,6,28,0,34
1119502,13,164,19,196
1119503,28,245,157,430
1119504,50,352,45,447
1119505,24,197,23,244
1119506,22,225,72,319
1119507,15,179,21,215
1119508,26,301,42,369
1119509,12,264,61,337
1119510,36,315,16,367
1119511,32,263,22,317
1119512,6,56,0,62
1119513,18,263,18,299
1119514,30,208,27,265
1119515,29,158,24,211
1119516,30,249,45,324
1119517,41,218,94,353
1119518,25,156,40,221
1119519,37,305,99,441
1119520,39,206,82,327
1119521,19,174,55,248
1119522,22,206,30,258
1119523,38,190,18,246
1119524,0,0,0,0
1119525,0,0,6,6
1119601,28,170,21,219
1119602,6,105,9,120
1119603,21,106,12,139
1119604,32,160,9,201
1119605,54,351,25,430
1119606,31,212,17,260
1119607,53,85,0,138
1119608,28,238,23,289
1119609,13,113,15,141
1119610,9,60,6,75
1119611,20,112,7,139
1119612,36,262,15,313
1119613,18,148,18,184
1119614,38,250,52,340
1119615,19,167,9,195
1119616,29,208,21,258
1119617,18,165,37,220
1119618,61,384,29,474
1119701,15,161,21,197
1119702,23,190,23,236
1119703,21,187,18,226
1119704,22,140,11,173
1119705,41,230,4,275
1119706,30,243,36,309
1119707,31,182,19,232
1119708,26,258,42,326
1119709,19,194,9,222
1119710,16,195,56,267
1119711,18,185,37,240
1119712,39,138,12,189
1119713,34,190,21,245
1119714,36,225,39,300
1119715,31,200,22,253
1119716,0,15,0,15
1119717,40,268,28,336
1119718,18,116,24,158
1119719,18,176,23,217
1119720,22,150,29,201
1119721,48,360,30,438
1119722,40,294,29,363
1119801,34,286,45,365
1119802,17,151,15,183
1119803,32,281,20,333
1119804,35,222,27,284
1119805,19,131,7,157
1119806,14,172,25,211
1119807,20,112,6,138
1119808,54,322,37,413
1119809,31,173,13,217
1119810,23,98,7,128
1119811,34,247,34,315
1119812,17,213,31,261
1119813,41,345,33,419
1119814,39,223,36,298
1119901,46,272,60,378
1119902,33,242,30,305
1119903,33,285,27,345
1119904,34,193,26,253
1119905,42,289,46,377
1119906,36,262,42,340
1119907,51,318,12,381
1119908,47,278,37,362
1119909,6,180,31,217
1119910,17,135,9,161
1119911,28,95,6,129
1119912,46,295,38,379
1119913,36,247,38,321
1119914,26,220,29,275
1119915,61,422,43,526
1119916,48,374,129,551
1119917,20,190,12,222
1119918,52,298,37,387
1119919,39,253,27,319
1119920,24,89,9,122
1119921,50,430,64,544
1120001,42,360,51,453
1120002,32,241,32,305
1120003,47,279,28,354
1120004,12,96,29,137
1120005,28,141,24,193
1120006,32,250,25,307
1120007,23,211,12,246
1120008,20,166,18,204
1120009,13,151,21,185
1120010,35,227,28,290
1120011,18,143,15,176
1120012,62,343,18,423
1120013,23,204,13,240
1120101,54,361,39,454
1120102,19,146,10,175
1120103,64,212,14,290
1120104,51,175,26,252
1120105,45,241,43,329
1120106,32,323,31,386
1120107,30,175,13,218
1120108,38,292,17,347
1120109,22,169,20,211
1120110,39,208,28,275
1120111,49,224,28,301
1120112,21,157,16,194
1120113,30,219,14,263
1120114,26,193,16,235
1120115,53,282,27,362
1120116,50,321,33,404
1120117,42,258,42,342
1120118,18,154,7,179
1120119,27,206,16,249
1120120,29,121,26,176
1120121,35,259,30,324
1120122,0,57,0,57
1120201,45,384,23,452
1120202,25,156,9,190
1120203,38,271,17,326
1120204,59,589,43,691
1120205,35,338,25,398
1120206,31,211,18,260
1120207,55,437,12,504
1120208,32,200,21,253
1120209,57,363,34,454
1120210,24,141,22,187
1120211,10,184,6,200
1120212,41,267,24,332
1120213,29,177,18,224
1120214,48,331,21,400
1120215,19,168,21,208
1120216,21,164,13,198
1120217,31,137,18,186
1120218,29,213,30,272
1120219,25,219,26,270
1120220,41,301,23,365
1120221,26,120,18,164
1120222,17,153,9,179
1120223,31,315,10,356
1120224,20,145,12,177
1120225,37,312,48,397
1120226,22,209,33,264
1120227,41,302,34,377
1120228,19,170,32,221
1120229,0,0,0,0
1120230,20,224,31,275
1120231,46,351,86,483
1120232,26,232,58,316
1120233,19,93,16,128
1120234,29,198,25,252
1120235,42,308,50,400
1120236,35,191,45,271
1120237,45,275,52,372
1120238,27,127,26,180
1120239,19,245,37,301
1120240,42,269,36,347
1120241,43,295,30,368
1120242,31,180,27,238
1120243,51,271,24,346
1120244,29,304,27,360
1120245,46,233,32,311
1120246,49,234,10,293
1120247,24,140,0,164
1120248,57,290,31,378
1120249,28,171,18,217
1120250,34,295,23,352
1120251,41,271,40,352
1120252,21,190,19,230
1120253,39,237,30,306
1120301,33,240,18,291
1120302,34,268,31,333
1120303,22,179,20,221
1120304,36,139,130,305
1120305,31,210,34,275
1120306,43,329,95,467
1120307,20,200,34,254
1120308,32,208,38,278
1120309,32,373,21,426
1120310,16,186,36,238
1120311,16,143,50,209
1120312,26,178,27,231
1120313,17,191,21,229
1120314,39,325,34,398
1120315,31,267,27,325
1120316,59,233,20,312
1120317,49,187,21,257
1120318,45,281,24,350
1120319,51,299,47,397
1120320,53,338,39,430
1120321,30,238,34,302
1120322,57,346,39,442
1120323,40,256,35,331
1120324,45,264,51,360
1120325,72,494,57,623
1120326,62,358,25,445
1120327,37,242,25,304
1120328,38,226,7,271
1120329,54,300,19,373
1120330,33,267,23,323
1120331,9,22,9,40
1120332,0,6,0,6
1120333,24,217,17,258
1120334,29,132,27,188
1120335,46,314,29,389
1120336,10,142,26,178
1120401,0,36,3,39
1120402,29,197,20,246
1120403,24,221,17,262
1120404,19,199,17,235
1120405,38,195,27,260
1120406,29,159,53,241
1120407,49,440,30,519
1120408,44,293,28,365
1120409,29,233,25,287
1120410,38,199,38,275
1120411,44,258,46,348
1120412,40,309,49,398
1120413,46,240,18,304
1120501,3,74,12,89
1120502,20,104,10,134
1120503,14,127,6,147
1120504,21,126,9,156
1120505,19,132,16,167
1120506,80,353,27,460
1120507,33,307,17,357
1120508,30,180,6,216
1120509,31,133,13,177
1120510,27,162,9,198
1120511,20,128,4,152
1120512,94,694,33,821
1120513,32,221,15,268
1120514,73,456,29,558
1120515,21,198,30,249
1120516,31,188,24,243
1120517,43,241,20,304
1120518,29,213,12,254
1120519,26,145,12,183
1120520,14,85,6,105
1120521,18,110,9,137
1120522,42,166,22,230
1120523,46,247,42,335
1120524,35,152,33,220
1120525,31,136,27,194
1120526,43,229,39,311
1120527,31,257,19,307
1120528,40,272,15,327
1120529,78,355,14,447
1120530,15,112,18,145
1120531,38,237,39,314
1120532,54,238,24,316
1120533,31,233,28,292
1120534,42,180,14,236
1120535,21,171,21,213
1120536,28,174,22,224
1120537,38,197,29,264
1120538,57,321,27,405
1120539,23,158,0,181
1120540,7,95,6,108
1120541,30,193,17,240
1120542,46,265,9,320
1120543,24,245,15,284
1120544,38,243,20,301
1120545,40,194,22,256
1120546,36,208,15,259
1120547,45,239,39,323
1120548,27,217,37,281
1120549,35,160,0,195
1120550,46,334,39,419
1120551,17,115,3,135
1120552,54,255,12,321
1120601,23,122,9,154
1120602,33,200,24,257
1120603,32,169,9,210
1120604,42,233,6,281
1120605,57,260,27,344
1120606,56,315,41,412
1120607,0,0,0,0
1120608,25,185,34,244
1120609,50,275,82,407
1120610,61,382,41,484
1120611,49,261,27,337
1120612,65,333,18,416
1120613,35,195,21,251
1120614,25,201,16,242
1120615,73,360,29,462
1120616,31,247,45,323
1120617,26,185,29,240
1120618,46,254,18,318
1120619,53,343,43,439
1120620,64,324,17,405
1120621,45,292,10,347
1120622,39,243,22,304
1120623,53,404,39,496
1120624,42,248,9,299
1120625,38,231,15,284
1120626,59,368,23,450
1120627,53,383,12,448
1120628,46,256,13,315
1120629,49,261,28,338
1120630,32,220,28,280
1120631,47,217,40,304
1120632,24,218,16,258
1120633,55,381,55,491
1120634,49,328,26,403
1120635,24,263,26,313
1120636,30,203,26,259
1120637,43,237,28,308
1120638,68,354,30,452
1120639,46,278,44,368
1120640,57,326,15,398
1120641,40,287,6,333
1120642,44,206,29,279
1120701,48,284,40,372
1120702,52,280,36,368
1120703,53,233,35,321
1120704,30,141,14,185
1120705,58,256,35,349
1120706,45,192,34,271
1120707,53,278,37,368
1120708,46,302,23,371
1120709,51,286,48,385
1120710,0,0,0,0
1120711,39,226,18,283
1120712,50,361,57,468
1120713,35,183,18,236
1120714,0,0,0,0
1120715,65,358,41,464
1120716,18,177,27,222
1120801,37,257,19,313
1120802,20,216,15,251
1120803,29,197,22,248
1120804,29,144,6,179
1120805,67,297,26,390
1120806,22,182,20,224
1120807,47,276,11,334
1120808,46,272,16,334
1120809,30,183,9,222
1120810,26,252,24,302
1120811,42,254,12,308
1120812,32,222,16,270
1120813,37,197,29,263
1120814,71,285,28,384
1120815,38,265,19,322
1120816,33,209,16,258
1120817,45,344,19,408
1120818,40,234,29,303
1120819,32,296,32,360
1120820,39,245,13,297
1120821,38,263,45,346
1120822,67,279,13,359
1120823,0,0,0,0
1120824,15,134,14,163
1120825,46,260,27,333
1120826,70,325,14,409
1120827,65,324,20,409
1120828,43,272,21,336
1120829,29,182,10,221
1120830,32,193,5,230
1120831,13,211,16,240
1120832,38,182,9,229
1120833,43,168,24,235
1120834,30,191,9,230
1120835,51,273,21,345
1120836,56,285,48,389
1120837,41,257,31,329
1120838,31,180,21,232
1120839,39,306,24,369
1120840,53,280,31,364
1120841,50,314,18,382
1120842,33,201,8,242
1120843,18,212,17,247
1120844,32,167,17,216
1120845,34,255,24,313
1120846,34,253,6,293
1120847,21,177,15,213
1120848,36,227,15,278
1120849,42,262,18,322
1120850,33,183,6,222
1120851,16,198,22,236
1120852,37,233,20,290
1120853,39,214,18,271
1120854,33,163,20,216
1120855,49,392,28,469
1120856,40,192,17,249
1120857,54,205,19,278
1120858,39,274,35,348
1120859,44,315,27,386
1120860,68,348,42,458
1120861,28,188,33,249
1120862,48,298,21,367
1120863,43,276,30,349
1120864,29,251,21,301
1120865,0,17,0,17
1120866,28,140,9,177
1120901,37,321,27,385
1120902,0,0,3,3
1120903,35,224,16,275
1120904,34,224,4,262
1120905,53,299,45,397
1120906,72,321,26,419
1120907,49,287,31,367
1120908,33,202,24,259
1120909,35,207,15,257
1120910,26,216,12,254
1120911,30,188,15,233
1120912,30,167,17,214
1120913,66,304,16,386
1120914,51,332,19,402
1120915,58,388,36,482
1120916,57,280,9,346
1120917,45,360,12,417
1120918,61,347,34,442
1120919,49,233,15,297
1120920,43,245,23,311
1120921,61,359,25,445
1120922,64,316,37,417
1120923,65,257,28,350
1120924,48,285,11,344
1120925,57,302,45,404
1120926,46,266,31,343
1120927,42,275,18,335
1120928,53,362,26,441
1120929,16,173,15,204
1120930,30,226,17,273
1120931,50,279,27,356
1120932,63,331,26,420
1120933,49,281,33,363
1120934,27,287,23,337
1120935,48,240,18,306
1120936,41,243,46,330
1120937,0,7,0,7
1120938,0,0,0,0
1120939,32,317,30,379
1120940,33,279,21,333
1120941,45,248,15,308
1120942,40,260,12,312
1120943,49,284,21,354
1120944,68,284,21,373
1120945,29,291,19,339
1120946,35,320,12,367
1120947,47,307,18,372
1120948,40,376,8,424
1120949,33,213,15,261
1120950,42,319,22,383
1120951,25,248,26,299
1120952,57,278,21,356
1120953,54,314,24,392
1120954,67,351,29,447
1120955,52,292,23,367
1120956,60,278,17,355
1121001,24,106,31,161
1121002,17,140,3,160
1121003,39,256,10,305
1121004,27,186,18,231
1121005,33,240,12,285
1121006,47,291,25,363
1121007,53,404,30,487
1121008,31,337,18,386
1121009,90,560,37,687
1121010,10,94,105,209
1121011,21,188,12,221
1121012,39,194,38,271
1121013,66,299,84,449
1121014,27,200,25,252
1121015,40,219,25,284
1121016,39,247,10,296
1121017,34,200,4,238
1121018,60,307,55,422
1121019,32,160,33,225
1121020,47,261,50,358
1121021,47,237,33,317
1121022,41,234,21,296
1121101,25,176,12,213
1121102,42,192,0,234
1121103,67,335,52,454
1121104,39,233,0,272
1121105,37,245,5,287
1121106,36,233,24,293
1121107,34,232,8,274
1121108,56,369,24,449
1121109,0,9,0,9
1121110,49,285,18,352
1121201,32,277,23,332
1121202,39,235,27,301
1121203,40,142,15,197
1121204,80,347,35,462
1121205,51,228,22,301
1121206,54,277,32,363
1121207,60,335,59,454
1121208,49,253,5,307
1121209,42,268,19,329
1121210,28,175,8,211
1121211,40,235,28,303
1121212,58,338,18,414
1121213,28,126,18,172
1121214,46,246,56,348
1121215,43,258,43,344
1121216,49,294,44,387
1121217,37,284,39,360
1121218,32,257,56,345
1121219,39,161,33,233
1121220,0,0,0,0
1121221,40,186,30,256
1121222,49,299,51,399
1121223,44,253,41,338
1121224,89,411,36,536
1121225,74,395,49,518
1121226,34,221,43,298
1121227,70,395,24,489
1121301,0,0,3,3
1121302,0,0,0,0
1121303,59,347,21,427
1121304,40,261,27,328
1121305,44,321,24,389
1121306,48,258,21,327
1121307,59,359,19,437
1121308,59,355,18,432
1121309,14,153,4,171
1121310,59,319,17,395
1121311,52,316,12,380
1121312,58,300,20,378
1121313,35,186,7,228
1121314,44,378,20,442
1121315,66,307,15,388
1121316,13,132,9,154
1121317,51,288,15,354
1121318,53,276,14,343
1121319,37,284,17,338
1121320,25,163,6,194
1121321,48,247,12,307
1121322,64,352,20,436
1121323,51,360,15,426
1121324,46,343,25,414
1121325,67,366,18,451
1121326,56,303,15,374
1121327,51,295,21,367
1121328,36,203,11,250
1121329,42,213,55,310
1121330,46,249,4,299
1121401,56,305,32,393
1121402,49,232,14,295
1121403,65,370,41,476
1121404,47,292,17,356
1121405,0,3,0,3
1121406,63,340,26,429
1121407,43,292,35,370
1121408,29,192,18,239
1121409,29,162,9,200
1121410,69,398,37,504
1121411,28,248,9,285
1121412,17,119,15,151
1121413,51,272,25,348
1121414,71,403,30,504
1121415,62,368,33,463
1121416,37,246,21,304
1121417,34,256,27,317
1121418,0,0,0,0
1121419,43,253,27,323
1121420,0,6,0,6
1121421,41,268,24,333
1121422,54,335,23,412
1121423,44,218,23,285
1121424,36,206,26,268
1121425,35,223,24,282
1121426,35,251,26,312
1121427,38,342,30,410
1121428,59,333,24,416
1121429,39,200,3,242
1121430,52,254,21,327
1121431,26,182,8,216
1121432,46,362,16,424
1121433,41,243,25,309
1121434,32,197,13,242
1121501,32,151,17,200
1121502,40,239,27,306
1121503,56,240,21,317
1121504,31,202,25,258
1121505,45,275,35,355
1121506,35,281,18,334
1121507,53,270,48,371
1121508,51,319,21,391
1121509,62,267,9,338
1121510,56,259,37,352
1121511,33,258,24,315
1121512,28,174,3,205
1121513,49,318,18,385
1121514,21,149,18,188
1121515,0,0,0,0
1121516,52,311,36,399
1121517,44,329,35,408
1121518,52,321,35,408
1121519,37,241,26,304
1121520,44,159,21,224
1121521,6,34,3,43
1121522,77,288,21,386
1121523,0,0,0,0
1121524,53,253,15,321
1121525,46,229,4,279
1121601,39,226,11,276
1121602,29,248,27,304
1121603,85,454,56,595
1121604,49,282,28,359
1121605,36,155,9,200
1121606,60,270,34,364
1121607,64,379,38,481
1121608,60,355,28,443
1121609,52,318,27,397
1121610,47,256,19,322
1121611,28,176,12,216
1121612,61,414,21,496
1121613,36,225,17,278
1121614,26,215,21,262
1121615,57,371,26,454
1121616,39,310,33,382
1121617,79,472,25,576
1121701,20,282,36,338
1121702,30,226,17,273
1121703,29,153,17,199
1121704,43,298,26,367
1121705,41,320,25,386
1121706,55,243,15,313
1121707,46,196,43,285
1121708,32,222,31,285
1121709,47,203,18,268
1121710,20,162,15,197
1121711,57,345,29,431
1121712,37,211,22,270
1121713,28,143,17,188
1121714,34,268,15,317
1121715,0,29,3,32
1121716,22,233,8,263
1121717,59,505,7,571
1121718,0,0,0,0
1121719,30,250,24,304
1121720,21,123,6,150
1121721,60,377,29,466
1121722,35,334,20,389
1121723,65,381,32,478
1121724,30,228,10,268
1121725,46,410,14,470
1121726,4,53,3,60
1121727,6,0,0,6
1121728,38,267,3,308
1121729,44,275,10,329
1121730,32,246,3,281
1121731,40,321,10,371
1121801,31,249,12,292
1121802,48,178,17,243
1121803,34,159,19,212
1121804,0,3,0,3
1121805,26,178,14,218
1121806,0,3,0,3
1121807,22,112,3,137
1121808,20,132,0,152
1121809,46,217,117,380
1121810,36,172,3,211
1121811,40,264,21,325
1121812,69,432,38,539
1121813,30,135,8,173
1121814,52,355,31,438
1121815,21,190,9,220
1121816,28,252,22,302
1121817,0,197,3,200
1121818,36,202,37,275
1121819,25,195,12,232
1121820,36,168,12,216
1121821,32,171,14,217
1121822,71,379,26,476
1121823,38,178,21,237
1121824,12,75,9,96
1121825,46,245,20,311
1121826,40,246,14,300
1121827,35,211,35,281
1121828,41,222,12,275
1121829,24,104,13,141
1121830,45,246,38,329
1121831,44,374,43,461
1121832,44,383,32,459
1121833,24,204,13,241
1121834,56,371,28,455
1121835,54,250,24,328
1121836,28,200,18,246
1121837,56,322,28,406
1121838,9,63,3,75
1121839,27,149,12,188
1121840,36,247,21,304
1121841,37,199,15,251
1121842,66,325,40,431
1121843,18,221,15,254
1121901,35,192,27,254
1121902,55,184,31,270
1121903,53,307,17,377
1121904,37,262,22,321
1121905,25,127,15,167
1121906,28,131,3,162
1121907,30,145,20,195
1121908,58,288,18,364
1121909,30,204,7,241
1121910,67,377,50,494
1121911,43,256,17,316
1121912,19,120,12,151
1121913,54,202,24,280
1121914,51,300,40,391
1121915,28,164,17,209
1121916,26,298,29,353
1121917,44,324,43,411
1121918,39,253,53,345
1121919,35,183,15,233
1121920,36,200,35,271
1121921,0,4,0,4
1121922,14,73,3,90
1121923,66,288,20,374
1121924,15,173,7,195
1121925,45,212,12,269
1121926,36,218,19,273
1121927,0,0,0,0
1121928,40,191,22,253
1121929,25,164,53,242
1121930,51,305,39,395
1121931,43,270,25,338
1121932,80,406,67,553
1121933,35,191,13,239
1121934,45,330,41,416
1121935,54,326,26,406
1121936,34,238,15,287
1121937,42,219,13,274
1121938,55,379,19,453
1121939,39,166,13,218
1122001,43,263,23,329
1122002,26,232,23,281
1122003,47,260,17,324
1122004,45,286,17,348
1122005,68,317,27,412
1122006,43,388,21,452
1122007,57,296,17,370
1122008,0,12,9,21
1122009,50,302,37,389
1122010,44,350,20,414
1122011,67,353,21,441
1122012,39,248,10,297
1122013,50,341,30,421
1122014,57,232,6,295
1122015,35,189,12,236
1122016,48,288,17,353
1122017,46,280,14,340
1122018,31,197,17,245
1122019,48,185,11,244
1122020,67,405,28,500
1122021,78,423,35,536
1122101,42,263,19,324
1122102,21,107,13,141
1122103,21,186,21,228
1122104,47,210,15,272
1122105,13,170,11,194
1122106,52,283,18,353
1122107,39,206,18,263
1122108,18,137,12,167
1122109,31,139,9,179
1122110,26,243,6,275
1122111,36,215,17,268
1122112,59,269,33,361
1122113,38,196,16,250
1122114,31,199,28,258
1122115,47,248,24,319
1122116,25,133,7,165
1122117,21,206,22,249
1122118,23,144,15,182
1122119,30,129,23,182
1122120,21,126,6,153
1122201,46,230,5,281
1122202,39,247,15,301
1122203,44,334,20,398
1122204,50,341,20,411
1122205,48,257,12,317
1122206,67,317,24,408
1122207,75,356,23,454
1122208,25,300,29,354
1122209,18,137,9,164
1122210,51,309,31,391
1122211,35,221,11,267
1122212,69,302,23,394
1122213,18,153,17,188
1122214,25,251,36,312
1122215,28,219,16,263
1122216,47,292,27,366
1122217,55,328,24,407
1122218,31,291,31,353
1122219,45,281,24,350
1122220,46,304,32,382
1122221,0,0,0,0
1122222,0,0,0,0
1122223,59,378,10,447
1122224,51,280,18,349
1122225,43,292,28,363
1122226,43,256,16,315
1122227,56,342,24,422
1122228,36,228,16,280
1122229,43,269,15,327
1122230,39,256,24,319
1122231,36,212,8,256
1122232,49,277,11,337
1122233,38,247,33,318
1122234,21,211,12,244
1122235,50,394,21,465
1122236,30,189,7,226
1122237,0,0,0,0
1122238,0,3,0,3
1122239,32,295,41,368
1122240,42,323,28,393
1122301,24,127,5,156
1122302,44,231,37,312
1122303,60,344,35,439
1122304,35,209,27,271
1122305,41,242,27,310
1122306,44,289,27,360
1122307,29,271,33,333
1122308,36,211,15,262
1122309,6,26,0,32
1122310,50,310,24,384
1122311,40,337,29,406
1122312,52,286,13,351
1122313,39,321,53,413
1122314,44,182,13,239
1122315,29,209,14,252
1122316,27,111,11,149
1122317,53,233,29,315
1122318,38,219,17,274
1122319,44,209,28,281
1122320,39,250,39,328
1122321,32,118,24,174
1122322,40,272,65,377
1122323,26,181,20,227
1122401,54,310,36,400
1122402,38,226,25,289
1122403,44,268,135,447
1122404,29,335,51,415
1122405,21,215,68,304
1122406,21,122,18,161
1122407,28,190,33,251
1122408,15,123,26,164
1122409,0,0,0,0
1122410,3,6,0,9
1122411,35,247,10,292
1122412,46,365,24,435
1122413,38,278,25,341
1122414,38,226,14,278
1122415,43,260,18,321
1122416,0,3,0,3
1122417,20,145,22,187
1122418,52,405,45,502
1122419,25,286,19,330
1122420,9,88,16,113
1122421,47,452,68,567
1122422,69,402,29,500
1122423,36,244,20,300
1122424,32,268,27,327
1122425,37,331,25,393
1122426,58,421,38,517
1122427,70,378,20,468
1122428,37,226,10,273
1122429,53,291,32,376
1122430,51,248,12,311
1122431,47,318,19,384
1122432,20,149,18,187
1122501,52,345,15,412
1122502,26,169,9,204
1122503,53,261,17,331
1122504,52,452,32,536
1122505,40,241,28,309
1122506,19,170,27,216
1122507,47,285,60,392
1122508,53,354,20,427
1122509,29,184,22,235
1122510,21,188,28,237
1122511,35,214,15,264
1122512,37,247,27,311
1122513,63,384,12,459
1122514,53,295,20,368
1122515,25,186,16,227
1122516,55,312,32,399
1122517,35,218,13,266
1122518,47,292,26,365
1122519,52,301,22,375
1122520,26,140,15,181
1122521,53,275,9,337
1122522,37,190,6,233
1122523,48,345,40,433
1122524,46,351,12,409
1122525,32,283,21,336
1122526,52,371,35,458
1122527,21,174,23,218
1122528,32,251,27,310
1122529,28,199,3,230
1122530,62,312,14,388
1122531,34,210,23,267
1122532,35,208,16,259
1122533,6,13,0,19
1122534,44,288,32,364
1122535,0,0,0,0
1122536,27,217,3,247
1122537,29,245,10,284
1122538,37,299,20,356
1122539,37,335,32,404
1122540,39,267,18,324
1122541,31,186,5,222
1122542,23,140,15,178
1122543,37,277,44,358
1122601,41,300,22,363
1122602,21,132,10,163
1122603,60,367,27,454
1122604,48,182,3,233
1122605,59,347,15,421
1122606,30,157,15,202
1122607,30,266,12,308
1122608,30,306,21,357
1122609,50,307,21,378
1122610,29,216,6,251
1122611,22,171,22,215
1122612,16,131,0,147
1122613,29,133,12,174
1122614,50,282,12,344
1122615,41,305,18,364
1122616,26,145,3,174
1122617,27,188,19,234
1122618,57,272,21,350
1122619,31,221,28,280
1122620,24,170,8,202
1122621,21,137,6,164
1122622,0,0,0,0
1122623,30,204,15,249
1122624,35,216,10,261
1122625,37,337,8,382
1122626,39,260,6,305
1122627,26,182,7,215
1122628,37,275,10,322
1122629,44,210,15,269
1122630,36,366,18,420
1122631,3,6,6,15
1122632,41,195,18,254
1122701,33,162,15,210
1122702,0,0,0,0
1122703,35,162,18,215
1122704,31,213,26,270
1122705,23,233,28,284
1122706,48,317,34,399
1122707,50,390,32,472
1122708,49,289,42,380
1122709,26,226,30,282
1122710,46,251,21,318
1122711,61,321,37,419
1122712,22,138,13,173
1122713,49,360,59,468
1122714,39,361,48,448
1122715,35,360,36,431
1122716,42,177,15,234
1122717,47,245,36,328
1122718,34,313,27,374
1122719,38,289,36,363
1122720,32,274,50,356
1122721,52,271,52,375
1122722,8,225,18,251
1122723,52,366,33,451
1122724,35,301,27,363
1122725,35,269,51,355
1122726,31,246,16,293
1122727,24,174,24,222
1122728,49,328,25,402
1122729,49,319,38,406
1122730,48,341,39,428
1122731,43,318,48,409
1122732,62,331,35,428
1122733,27,288,34,349
1122734,40,274,43,357
1122735,41,296,30,367
1122736,43,381,46,470
1122801,56,311,20,387
1122802,65,300,23,388
1122803,0,0,0,0
1122804,31,211,5,247
1122805,33,205,7,245
1122806,60,331,12,403
1122807,69,417,19,505
1122808,44,262,11,317
1122809,49,354,48,451
1122810,57,375,22,454
1122811,64,324,10,398
1122812,53,339,5,397
1122813,31,322,24,377
1122814,44,322,21,387
1122815,33,201,23,257
1122816,27,217,14,258
1122817,42,426,41,509
1122818,45,381,7,433
1122819,29,174,12,215
1122820,62,317,14,393
1122821,42,275,22,339
1122822,29,254,16,299
1122823,15,205,12,232
1122824,24,186,5,215
1122825,35,222,7,264
1122826,40,477,20,537
1122827,48,334,37,419
1122828,24,236,9,269
1122829,45,450,43,538
1122830,42,263,15,320
1122831,54,275,11,340
1122832,48,336,22,406
1122901,42,310,40,392
1122902,44,334,29,407
1122903,43,467,35,545
1122904,33,299,48,380
1122905,54,477,94,625
1122906,16,239,12,267
1122907,38,350,30,418
1122908,29,256,42,327
1122909,42,280,44,366
1122910,33,267,33,333
1122911,50,471,33,554
1122912,30,243,24,297
1122913,31,210,27,268
1122914,0,0,0,0
1122915,22,235,28,285
1122916,32,306,33,371
1122917,25,253,28,306
1122918,19,319,14,352
1122919,43,329,29,401
1122920,20,143,15,178
1122921,19,137,20,176
1122922,49,260,13,322
1122923,38,389,51,478
1122924,35,238,23,296
1122925,49,387,33,469
1122926,31,228,23,282
1123001,0,11,3,14
1123101,21,226,27,274
1123102,46,215,19,280
1123103,24,239,30,293
1123104,59,427,32,518
1123105,22,230,29,281
1123106,3,18,3,24
1123107,12,43,5,60
1123108,57,355,17,429
1123109,60,380,34,474
1123110,41,356,26,423
1123111,52,355,35,442
1123112,0,0,0,0
1123113,29,276,24,329
1123114,37,378,57,472
1123115,50,274,36,360
1123116,45,281,11,337
1123117,22,136,20,178
1123118,14,143,19,176
1123119,34,299,48,381
1123120,23,182,40,245
1123121,25,197,18,240
1123122,37,296,28,361
1123123,36,359,56,451
1123124,46,485,84,615
1123125,12,586,51,649
1123126,26,299,46,371
1123201,50,224,18,292
1123202,42,283,28,353
1123203,48,229,25,302
1123204,75,290,51,416
1123205,46,296,35,377
1123206,38,205,24,267
1123207,56,296,25,377
1123208,36,330,18,384
1123209,62,273,33,368
1123210,17,76,3,96
1123211,0,396,0,396
1123212,48,330,36,414
1123213,112,529,81,722
1123214,57,172,35,264
1123215,16,227,16,259
1123216,0,0,0,0
1123301,33,241,28,302
1123302,31,271,28,330
1123303,47,337,40,424
1123304,55,375,32,462
1123305,59,394,76,529
1123306,38,370,26,434
1123307,30,193,83,306
1123308,0,0,0,0
1123309,45,268,15,328
1123310,62,445,33,540
1123311,0,0,0,0
1123312,34,255,49,338
1123313,19,156,3,178
1123314,39,279,7,325
1123315,52,279,21,352
1123316,79,354,10,443
1123317,48,288,42,378
1123318,26,322,33,381
1123319,60,421,25,506
1123320,33,218,29,280
1123321,67,388,19,474
1123322,43,234,23,300
1123323,48,243,32,323
1123324,47,279,16,342
1123325,71,308,23,402
1123326,19,132,11,162
1123327,63,367,23,453
1123328,49,285,18,352
1123329,51,312,7,370
1123330,48,277,5,330
1123331,46,244,25,315
1123332,30,224,24,278
1123333,40,244,24,308
1123334,54,309,35,398
1123335,49,444,33,526
1123336,53,334,39,426
1123337,38,410,16,464
1123338,49,275,7,331
1123339,19,187,25,231
1123340,24,197,6,227
1123341,62,343,36,441
1123342,56,363,27,446
1123343,44,334,30,408
1123344,48,339,43,430
1123401,30,238,28,296
1123402,62,386,41,489
1123403,59,309,28,396
1123404,36,248,18,302
1123405,27,185,39,251
1123406,55,355,53,463
1123407,53,450,36,539
1123408,33,242,24,299
1123409,28,294,19,341
1123410,41,315,130,486
1123411,19,212,15,246
1123412,39,313,30,382
1123413,60,326,33,419
1123414,52,319,25,396
1123415,39,260,10,309
1123416,70,402,34,506
1123417,47,290,24,361
1123418,39,223,10,272
1123419,37,199,16,252
1123420,36,290,33,359
1123421,28,288,56,372
1123422,16,323,59,398
1123423,29,286,28,343
1123424,24,251,44,319
1123425,62,410,46,518
1123426,27,256,12,295
1123427,46,289,33,368
1123501,35,181,15,231
1123502,55,399,51,505
1123503,58,420,56,534
1123504,42,312,33,387
1123505,38,275,28,341
1123506,0,0,0,0
1123507,50,316,28,394
1123508,34,235,42,311
1123509,33,277,27,337
1123510,36,259,21,316
1123511,41,356,24,421
1123512,54,324,41,419
1123513,32,267,37,336
1123514,50,276,25,351
1123515,24,180,28,232
1123516,61,376,49,486
1123517,36,249,25,310
1123518,17,184,20,221
1123519,37,307,30,374
1123601,56,374,36,466
1123602,0,0,0,0
1123603,0,0,0,0
1123604,15,108,3,126
1123605,10,27,6,43
1123606,0,0,0,0
1123607,0,0,0,0
1123608,47,254,24,325
1123609,42,292,15,349
1123610,25,189,12,226
1123611,55,260,29,344
1123612,50,243,18,311
1123613,31,145,21,197
1123614,47,357,40,444
1123615,33,267,39,339
1123616,41,257,15,313
1123617,65,324,41,430
1123618,88,509,67,664
1123619,48,292,22,362
1123620,39,211,21,271
1123621,34,229,20,283
1123622,53,251,37,341
1123623,43,210,39,292
1123624,22,193,29,244
1123625,32,156,9,197
1123626,30,208,18,256
1123627,41,246,48,335
1123628,39,231,21,291
1123629,53,254,26,333
1123630,70,369,69,508
1123631,26,198,38,262
1123632,36,172,39,247
1123633,49,302,30,381
1123634,25,271,101,397
1123635,30,283,32,345
1123636,60,325,36,421
1123637,36,184,35,255
1123638,60,324,52,436
1123639,47,217,34,298
1123640,47,276,24,347
1123641,30,157,9,196
1123642,37,221,26,284
1123643,39,151,15,205
1123644,47,290,48,385
1123645,27,202,33,262
1123646,63,355,39,457
1123647,64,241,31,336
1123701,45,280,24,349
1123702,31,146,14,191
1123703,50,272,15,337
1123704,43,332,27,402
1123705,49,166,16,231
1123706,57,317,26,400
1123707,13,50,9,72
1123708,37,247,12,296
1123709,46,234,6,286
1123710,15,174,15,204
1123711,27,166,7,200
1123712,50,303,17,370
1123713,10,129,6,145
1123714,35,177,18,230
1123715,20,153,5,178
1123716,62,247,13,322
1123717,84,542,16,642
1123718,25,245,15,285
1123719,24,175,9,208
1123720,45,164,5,214
1123721,24,194,29,247
1123722,22,167,10,199
1123723,21,120,15,156
1123724,51,308,22,381
1123725,48,281,18,347
1123726,26,162,9,197
1123727,44,189,24,257
1123728,31,127,12,170
1123729,29,114,3,146
1123730,31,120,5,156
1123731,36,174,6,216
1123732,46,262,22,330
1123733,27,238,22,287
1123734,46,311,21,378
1123735,63,409,21,493
1123736,48,249,8,305
1123737,40,230,16,286
1123738,30,196,21,247
1123739,46,277,9,332
1123740,48,234,27,309
1123741,63,289,25,377
1123742,30,294,18,342
1123743,26,167,9,202
1123744,38,205,12,255
1123745,15,121,9,145
1123746,40,221,5,266
1123801,22,125,12,159
1123802,27,196,15,238
1123803,32,295,36,363
1123804,38,166,9,213
1123805,16,169,20,205
1123806,15,163,20,198
1123807,34,245,30,309
1123808,31,208,34,273
1123809,25,150,9,184
1123810,29,155,9,193
1123811,27,196,27,250
1123812,9,87,20,116
1123813,25,120,3,148
1123814,21,182,18,221
1123815,32,216,11,259
1123816,21,200,21,242
1123817,46,275,8,329
1123818,32,289,21,342
1123901,43,294,43,380
1123902,58,327,35,420
1123903,25,147,23,195
1123904,19,132,9,160
1123905,50,260,60,370
1123906,36,223,30,289
1123907,9,108,11,128
1123908,0,0,0,0
1123909,34,283,17,334
1123910,62,378,27,467
1123911,27,142,12,181
1123912,0,0,0,0
1123913,48,306,22,376
1123914,64,313,20,397
1123915,0,3,0,3
1123916,6,10,3,19
1123917,49,236,17,302
1123918,65,318,30,413
1123919,25,232,13,270
1123920,60,316,10,386
1123921,25,206,17,248
1123922,28,150,5,183
1123923,21,145,16,182
1123924,31,208,18,257
1123925,29,217,16,262
1124001,31,265,38,334
1124002,13,144,36,193
1124003,22,172,27,221
1124004,31,297,32,360
1124005,46,313,29,388
1124006,38,233,31,302
1124007,26,162,20,208
1124008,47,221,36,304
1124009,9,193,18,220
1124010,22,129,17,168
1124011,46,367,52,465
1124012,28,167,36,231
1124013,47,303,28,378
1124014,29,238,34,301
1124015,32,312,32,376
1124016,32,201,23,256
1124017,11,161,31,203
1124018,37,264,33,334
1124019,35,190,25,250
1124020,11,143,34,188
1124021,32,318,74,424
1124022,50,365,41,456
1124023,53,340,41,434
1124024,24,155,13,192
1124025,13,169,9,191
1124101,30,205,21,256
1124102,29,189,21,239
1124103,39,294,27,360
1124104,16,156,3,175
1124105,36,208,28,272
1124106,60,263,21,344
1124107,44,237,19,300
1124108,45,351,49,445
1124109,65,340,55,460
1124110,64,352,32,448
1124111,28,183,25,236
1124112,31,167,10,208
1124113,14,99,12,125
1124114,39,167,12,218
1124115,0,6,0,6
1124201,34,213,21,268
1124202,32,239,20,291
1124203,32,265,18,315
1124204,16,122,17,155
1124205,45,363,28,436
1124206,40,356,24,420
1124207,10,40,0,50
1124208,4,57,9,70
1124209,59,395,21,475
1124210,3,6,0,9
1124211,55,331,9,395
1124212,38,248,20,306
1124213,43,224,18,285
1124214,58,430,18,506
1124215,32,259,22,313
1124216,50,236,19,305
1124217,39,356,6,401
1124218,36,262,25,323
1124219,49,374,29,452
1124301,21,151,13,185
1124302,44,177,15,236
1124303,46,211,32,289
1124304,61,325,37,423
1124305,22,120,20,162
1124306,43,209,29,281
1124307,18,146,15,179
1124308,31,288,18,337
1124309,50,237,33,320
1124310,35,200,23,258
1124311,49,280,35,364
1124312,18,197,12,227
1124313,37,242,22,301
1124314,21,169,19,209
1124315,40,244,20,304
1124316,27,178,44,249
1124317,30,175,16,221
1124318,31,315,21,367
1124319,44,358,44,446
1124320,33,169,41,243
1124321,31,175,27,233
1124401,7,61,0,68
1124402,44,254,15,313
1124403,72,351,13,436
1124404,46,366,41,453
1124405,23,155,12,190
1124406,64,281,46,391
1124407,43,233,33,309
1124408,42,256,32,330
1124409,75,319,27,421
1124410,24,138,14,176
1124411,50,252,24,326
1124412,66,272,42,380
1124413,37,227,33,297
1124414,5,110,6,121
1124415,9,71,6,86
1124416,33,181,22,236
1124417,0,0,0,0
1124418,37,179,39,255
1124419,6,21,3,30
1124420,0,0,0,0
1124421,24,150,14,188
1124422,16,111,9,136
1124423,27,242,51,320
1124424,40,186,61,287
1124425,70,276,57,403
1124426,37,171,30,238
1124427,37,212,28,277
1124428,63,334,41,438
1124429,44,202,77,323
1124430,58,261,30,349
1124431,60,346,24,430
1124432,42,282,28,352
1124433,28,149,23,200
1124434,41,184,26,251
1124435,42,204,40,286
1124501,34,180,23,237
1124502,22,105,25,152
1124503,33,178,9,220
1124504,43,188,33,264
1124505,18,129,24,171
1124506,15,90,15,120
1124507,33,175,12,220
1124508,29,137,20,186
1124509,34,109,23,166
1124510,36,123,35,194
1124511,12,87,6,105
1124512,41,171,9,221
1124513,20,143,11,174
1124514,32,156,9,197
1124515,26,97,15,138
1124516,50,215,0,265
1124517,38,208,29,275
1124518,17,110,18,145
1124519,32,159,19,210
1124520,21,124,6,151
1124521,28,131,15,174
1124522,29,147,21,197
1124523,23,156,16,195
1124524,32,149,13,194
1124525,32,173,10,215
1124526,43,169,31,243
1124527,36,148,20,204
1124528,26,179,10,215
1124601,32,196,9,237
1124602,22,94,6,122
1124603,32,267,27,326
1124604,55,344,46,445
1124605,38,212,5,255
1124606,45,208,13,266
1124607,50,311,11,372
1124608,81,402,31,514
1124609,45,229,21,295
1124610,53,378,32,463
1124611,32,314,13,359
1124612,53,183,12,248
1124613,34,298,11,343
1124614,54,346,38,438
1124615,37,186,25,248
1124616,52,338,18,408
1124617,32,249,13,294
1124618,54,344,19,417
1124619,22,232,14,268
1124620,53,267,20,340
1124621,17,173,15,205
1124622,28,288,12,328
1124623,42,200,17,259
1124624,71,275,15,361
1124625,26,271,17,314
1124626,24,179,19,222
1124627,52,227,28,307
1124628,31,164,21,216
1124629,20,215,3,238
1124630,39,329,8,376
1124631,18,60,12,90
1124632,28,204,18,250
1124633,34,177,9,220
1124634,29,113,6,148
1124701,33,70,6,109
1124702,28,110,24,162
1124703,55,371,30,456
1124704,27,122,21,170
1124705,29,172,6,207
1124706,30,132,9,171
1124707,41,252,21,314
1124708,25,135,3,163
1124709,45,243,18,306
1124710,30,127,8,165
1124711,37,231,27,295
1124712,11,98,11,120
1124713,27,143,15,185
1124714,54,308,30,392
1124715,75,347,50,472
1124716,22,147,25,194
1124717,25,123,21,169
1124718,28,238,18,284
1124719,67,250,30,347
1124720,53,272,33,358
1124721,34,197,25,256
1124722,13,110,12,135
1124723,26,137,9,172
1124724,40,157,15,212
1124725,34,204,32,270
1124801,9,82,9,100
1124802,27,206,12,245
1124803,60,344,16,420
1124804,44,204,47,295
1124805,40,271,24,335
1124806,53,360,55,468
1124807,37,295,54,386
1124808,53,377,39,469
1124809,35,280,20,335
1124810,46,304,21,371
1124811,43,336,26,405
1124812,50,304,30,384
1124813,30,173,22,225
1124814,24,287,22,333
1124815,48,257,31,336
1124816,46,280,35,361
1124817,31,213,30,274
1124818,60,377,37,474
1124819,44,303,37,384
1124820,51,262,18,331
1124821,55,330,21,406
1124822,23,140,25,188
1124823,57,337,18,412
1124824,31,304,5,340
1124825,61,290,12,363
1124826,63,260,28,351
1124827,33,161,18,212
1124828,43,183,0,226
1124829,33,290,20,343
1124830,51,298,23,372
1124831,6,77,3,86
1124832,18,133,20,171
1124833,18,164,21,203
1124834,34,154,33,221
1124835,37,355,41,433
1124836,40,226,27,293
1124837,34,287,35,356
1124838,15,108,12,135
1124839,30,229,40,299
1124840,34,280,21,335
1124901,47,344,21,412
1124902,31,141,3,175
1124903,21,145,12,178
1124904,70,298,21,389
1124905,39,181,0,220
1124906,56,196,27,279
1124907,24,111,0,135
1124908,39,217,22,278
1124909,52,243,41,336
1124910,50,345,24,419
1124911,46,268,24,338
1124912,67,398,47,512
1124913,39,227,6,272
1124914,44,219,9,272
1124915,22,145,3,170
1124916,51,224,15,290
1124917,35,237,18,290
1124918,17,142,3,162
1124919,54,302,18,374
1124920,34,210,12,256
1124921,36,249,25,310
1124922,66,341,13,420
1124923,16,138,9,163
1124924,34,233,12,279
1124925,36,203,22,261
1124926,23,214,10,247
1124927,15,141,3,159
1124928,0,3,0,3
1124929,35,166,18,219
1124930,61,260,67,388
1124931,25,127,19,171
1124932,16,97,27,140
1124933,48,323,28,399
1124934,62,256,40,358
1124935,32,160,6,198
1124936,38,153,27,218
1124937,47,234,19,300
1124938,14,167,12,193
1124939,33,210,28,271
1124940,20,181,15,216
1124941,36,136,12,184
1124942,55,288,18,361
1124943,43,225,21,289
1124944,39,173,4,216
1125001,54,313,65,432
1125002,64,566,42,672
1125003,44,463,31,538
1125004,73,523,28,624
1125005,46,353,11,410
1125006,44,188,24,256
1125007,76,408,60,544
1125008,57,377,49,483
1125009,64,376,39,479
1125010,0,0,0,0
1125011,56,275,33,364
1125012,37,276,35,348
1125013,71,343,37,451
1125014,42,280,29,351
1125015,28,214,8,250
1125016,43,251,26,320
1125017,57,375,137,569
1125018,17,166,80,263
1125019,31,270,47,348
1125020,66,390,82,538
1125021,55,330,51,436
1125022,49,203,12,264
1125101,48,253,40,341
1125102,18,156,3,177
1125103,36,312,25,373
1125104,18,200,27,245
1125105,58,346,47,451
1125106,33,157,35,225
1125107,37,284,32,353
1125108,45,361,48,454
1125109,6,52,3,61
1125110,0,6,0,6
1125111,36,288,39,363
1125112,31,173,27,231
1125113,66,273,23,362
1125114,41,205,38,284
1125115,73,375,24,472
1125116,27,274,47,348
1125117,42,172,10,224
1125118,0,4,0,4
1125119,28,333,46,407
1125120,38,213,18,269
1125121,42,258,34,334
1125122,70,310,26,406
1125123,17,118,22,157
1125201,36,182,35,253
1125202,35,149,9,193
1125203,54,293,34,381
1125204,16,150,8,174
1125205,50,297,31,378
1125206,40,231,28,299
1125207,32,133,17,182
1125208,34,160,3,197
1125209,29,133,24,186
1125210,46,208,20,274
1125211,27,171,22,220
1125212,40,259,24,323
1125213,34,183,25,242
1125214,42,198,34,274
1125215,24,122,19,165
1125216,19,131,9,159
1125217,24,167,28,219
1125218,39,203,27,269
1125219,33,193,30,256
1125220,45,208,23,276
1125221,20,151,22,193
1125222,32,204,18,254
1125223,22,147,13,182
1125224,37,200,26,263
1125225,23,173,27,223
1125226,36,191,12,239
1125227,32,237,21,290
1125228,41,112,12,165
1125229,45,325,17,387
1125230,27,116,27,170
1125231,15,183,23,221
1125232,27,174,22,223
1125301,34,243,26,303
1125302,37,251,25,313
1125303,40,307,29,376
1125304,24,175,32,231
1125305,39,234,16,289
1125306,27,199,21,247
1125307,20,179,31,230
1125308,28,385,10,423
1125309,79,637,36,752
1125310,61,283,26,370
1125311,55,307,16,378
1125312,29,267,17,313
1125313,47,252,12,311
1125314,62,371,40,473
1125315,47,257,13,317
1125316,52,348,37,437
1125317,39,186,19,244
1125318,45,237,16,298
1125319,0,0,0,0
1125320,73,402,64,539
1125321,23,175,18,216
1125322,33,159,25,217
1125323,59,349,27,435
1125324,0,0,0,0
1125325,48,286,21,355
1125326,36,214,14,264
1125327,49,297,29,375
1125328,34,325,16,375
1125329,48,322,24,394
1125401,46,285,60,391
1125402,42,279,43,364
1125403,15,111,23,149
1125404,25,134,77,236
1125405,33,321,45,399
1125406,24,197,19,240
1125407,34,223,25,282
1125408,54,348,45,447
1125409,26,193,35,254
1125410,36,266,64,366
1125411,45,252,60,357
1125412,41,298,14,353
1125413,25,175,18,218
1125414,40,250,27,317
1125415,46,279,34,359
1125416,26,164,12,202
1125417,18,143,27,188
1125418,41,269,38,348
1125419,21,204,25,250
1125420,44,259,31,334
1125421,41,292,43,376
1125422,52,317,23,392
1125423,33,201,12,246
1125424,48,271,16,335
1125425,33,270,21,324
1125426,45,268,11,324
1125427,18,156,3,177
1125428,35,178,35,248
1125429,46,248,69,363
1125430,33,188,12,233
1125431,52,267,36,355
1125432,61,360,38,459
1125433,45,365,27,437
1125434,24,211,22,257
1125435,80,376,36,492
1125436,25,161,31,217
1125437,16,104,21,141
1125438,27,284,50,361
1125439,50,237,47,334
1125440,59,512,53,624
1125441,56,367,67,490
1125442,42,328,114,484
1125443,29,176,10,215
1125444,53,389,27,469
1125445,16,202,51,269
1125446,46,375,52,473
1125447,51,279,34,364
1125501,57,438,41,536
1125502,43,236,30,309
1125503,48,238,15,301
1125504,12,172,9,193
1125505,0,0,0,0
1125506,33,199,12,244
1125507,28,227,18,273
1125508,56,339,26,421
1125509,12,133,9,154
1125510,32,211,28,271
1125511,55,424,63,542
1125512,34,209,10,253
1125513,55,481,106,642
1125514,34,181,38,253
1125515,23,206,5,234
1125516,40,376,19,435
1125517,21,129,21,171
1125518,66,374,62,502
1125519,21,190,20,231
1125520,35,222,28,285
1125521,49,356,31,436
1125522,33,172,31,236
1125523,0,6,0,6
1125524,61,350,17,428
1125525,55,314,66,435
1125526,48,209,27,284
1125527,34,198,17,249
1125528,65,354,24,443
1125529,18,128,24,170
1125530,50,343,27,420
1125531,41,376,37,454
1125532,42,248,27,317
1125533,34,207,14,255
1125534,22,202,15,239
1125535,0,0,0,0
1125536,40,266,40,346
1125537,9,147,18,174
1125538,16,179,11,206
1125539,31,236,13,280
1125540,40,129,21,190
1125541,27,273,63,363
1125542,42,302,31,375
1125543,61,419,30,510
1125544,56,380,59,495
1125545,19,252,25,296
1125546,39,267,23,329
1125547,56,317,30,403
1125548,24,180,6,210
1125549,27,132,18,177
1125550,69,319,26,414
1125551,31,254,11,296
1125552,36,220,50,306
1125553,47,305,20,372
1125554,62,351,10,423
1125555,37,176,13,226
1125556,44,232,5,281
1125557,44,280,38,362
1125558,68,354,83,505
1125559,34,199,40,273
1125560,85,463,65,613
1125561,60,351,70,481
1125562,46,329,44,419
1125563,36,207,44,287
1125564,49,267,36,352
1125565,27,199,7,233
1125566,72,374,32,478
1125567,64,311,69,444
1125601,39,196,26,261
1125602,38,145,24,207
1125603,26,178,29,233
1125604,28,188,89,305
1125605,13,183,33,229
1125606,60,267,33,360
1125607,67,397,31,495
1125608,53,315,51,419
1125609,33,258,24,315
1125610,25,141,30,196
1125611,28,162,39,229
1125612,16,162,13,191
1125613,58,332,38,428
1125614,61,396,34,491
1125615,41,210,31,282
1125616,44,344,40,428
1125617,45,204,19,268
1125618,0,14,5,19
1125619,45,201,14,260
1125620,22,252,27,301
1125621,45,344,38,427
1125622,61,280,43,384
1125623,43,288,108,439
1125624,46,335,36,417
1125625,28,280,33,341
1125626,46,245,51,342
1125627,45,274,19,338
1125628,30,220,39,289
1125629,45,452,80,577
1125630,29,252,26,307
1125631,15,135,10,160
1125632,21,199,27,247
1125633,21,179,49,249
1125634,48,354,112,514
1125635,33,256,98,387
1125636,37,185,45,267
1125637,56,309,56,421
1125638,42,333,24,399
1125639,24,193,33,250
1125640,41,174,22,237
1125641,15,84,15,114
1125642,31,280,45,356
1125643,19,136,21,176
1125644,29,190,43,262
1125645,19,113,25,157
1125701,28,132,25,185
1125702,9,105,8,122
1125703,50,302,27,379
1125704,40,180,14,234
1125705,15,86,12,113
1125706,18,125,10,153
1125707,38,260,23,321
1125708,29,181,15,225
1125709,39,262,24,325
1125710,47,247,30,324
1125711,48,273,30,351
1125712,57,304,16,377
1125713,24,179,18,221
1125714,30,138,12,180
1125715,28,159,21,208
1125716,17,126,9,152
1125717,25,185,14,224
1125718,21,186,10,217
1125719,21,114,3,138
1125720,37,254,31,322
1125721,44,191,12,247
1125722,41,202,3,246
1125723,35,183,15,233
1125724,18,141,4,163
1125725,21,161,18,200
1125726,41,283,37,361
1125727,27,172,24,223
1125728,38,208,20,266
1125729,15,123,0,138
1125730,41,220,36,297
1125731,27,120,35,182
1125732,44,290,40,374
1125733,30,169,36,235
1125734,25,225,16,266
1125735,24,184,19,227
1125736,27,234,16,277
1125737,18,141,22,181
1125738,21,161,20,202
1125739,0,0,0,0
1125740,28,137,9,174
1125741,36,251,34,321
1125742,20,115,9,144
1125801,23,176,22,221
1125802,46,381,24,451
1125803,6,9,0,15
1125804,36,254,46,336
1125805,30,168,34,232
1125806,9,26,0,35
1125807,28,164,24,216
1125808,18,116,12,146
1125809,30,194,22,246
1125810,36,201,21,258
1125811,32,236,44,312
1125812,6,65,29,100
1125813,29,176,12,217
1125814,30,143,13,186
1125815,23,187,37,247
1125816,35,188,43,266
1125817,34,197,30,261
1125818,49,305,34,388
1125819,29,129,11,169
1125820,48,207,26,281
1125821,41,226,23,290
1125822,39,187,16,242
1125823,15,157,18,190
1125824,27,201,19,247
1125825,23,127,18,168
1125826,39,241,37,317
1125827,49,353,22,424
1125828,24,209,83,316
1125829,60,281,18,359
1125830,10,158,137,305
1125831,24,116,6,146
1125901,31,175,28,234
1125902,37,233,40,310
1125903,29,215,22,266
1125904,17,134,18,169
1125905,49,265,37,351
1125906,12,145,17,174
1125907,48,257,48,353
1125908,36,207,14,257
1125909,39,260,24,323
1125910,36,199,6,241
1125911,17,128,13,158
1125912,27,90,23,140
1125913,24,204,21,249
1125914,18,128,21,167
1125915,25,131,16,172
1125916,30,112,11,153
1125917,29,152,29,210
1125918,23,110,29,162
1125919,23,181,29,233
1125920,0,0,0,0
1125921,34,122,30,186
1125922,44,255,29,328
1126001,64,293,30,387
1126002,42,301,56,399
1126003,30,183,27,240
1126004,30,154,10,194
1126005,36,122,139,297
1126006,27,133,9,169
1126007,27,193,30,250
1126008,3,7,0,10
1126009,31,153,16,200
1126010,0,7,0,7
1126011,0,15,3,18
1126012,35,220,19,274
1126013,48,134,3,185
1126014,12,110,3,125
1126101,29,237,27,293
1126102,37,288,30,355
1126103,48,293,28,369
1126104,29,237,34,300
1126105,49,241,49,339
1126106,30,228,11,269
1126107,17,154,6,177
1126108,28,233,32,293
1126109,12,141,23,176
1126110,35,210,27,272
1126111,42,245,22,309
1126112,43,288,27,358
1126113,40,254,30,324
1126114,22,232,25,279
1126115,37,235,37,309
1126116,17,147,19,183
1126117,17,167,29,213
1126118,18,103,9,130
1126119,0,7,0,7
1126120,3,36,0,39
1126201,26,199,21,246
1126202,15,157,0,172
1126203,28,280,16,324
1126204,13,156,3,172
1126205,36,217,31,284
1126206,28,170,12,210
1126207,17,95,15,127
1126208,28,164,15,207
1126209,22,81,7,110
1126210,25,139,8,172
1126211,34,181,10,225
1126212,46,270,22,338
1126213,26,143,12,181
1126214,38,276,35,349
1126215,27,273,38,338
1126216,34,204,18,256
1126301,46,301,48,395
1126302,41,431,36,508
1126303,30,152,39,221
1126304,66,297,32,395
1126305,52,245,35,332
1126306,51,222,30,303
1126307,16,152,22,190
1126308,33,174,26,233
1126309,39,201,10,250
1126310,21,134,9,164
1126311,49,303,36,388
1126312,32,192,12,236
1126313,49,303,43,395
1126314,27,108,4,139
1126315,26,187,25,238
1126316,38,210,30,278
1126317,39,202,12,253
1126318,35,195,31,261
1126319,51,250,35,336
1126320,25,192,30,247
1126321,36,212,27,275
1126322,0,0,0,0
1126401,33,185,15,233
1126402,37,216,29,282
1126403,33,146,31,210
1126404,36,180,30,246
1126405,30,174,23,227
1126406,48,281,25,354
1126407,35,220,15,270
1126408,46,237,26,309
1126409,30,217,31,278
1126410,22,203,35,260
1126411,19,123,0,142
1126501,27,225,40,292
1126502,23,140,18,181
1126503,39,264,56,359
1126504,29,197,18,244
1126505,55,289,36,380
1126506,36,255,36,327
1126507,25,159,12,196
1126508,3,0,0,3
1126509,3,23,749,775
1126510,48,217,40,305
1126511,20,130,14,164
1126512,50,269,37,356
1126513,16,115,3,134
1126514,52,330,45,427
1126515,48,260,23,331
1126516,32,183,9,224
1126517,0,0,0,0
1126601,0,0,0,0
1126602,8,103,21,132
1126603,27,132,6,165
1126604,31,199,24,254
1126605,42,240,27,309
1126606,30,145,4,179
1126607,44,255,21,320
1126608,32,232,18,282
1126609,42,194,13,249
1126610,24,124,19,167
1126611,13,142,27,182
1126612,39,259,27,325
1126613,43,193,13,249
1126614,31,191,19,241
1126615,24,262,23,309
1126616,23,183,15,221
1126617,29,157,9,195
1126618,45,214,16,275
1126619,37,241,27,305
1126620,50,227,25,302
1126621,27,124,21,172
1126622,38,150,33,221
1126701,27,189,15,231
1126702,32,220,24,276
1126703,47,226,19,292
1126704,22,204,15,241
1126705,29,171,13,213
1126706,0,0,0,0
1126707,36,224,20,280
1126708,39,270,26,335
1126709,40,318,25,383
1126710,47,214,18,279
1126711,46,306,7,359
1126712,30,263,20,313
1126713,21,173,29,223
1126714,57,276,20,353
1126715,51,244,3,298
1126716,34,188,6,228
1126717,47,308,22,377
1126718,43,282,22,347
1126719,30,263,11,304
1126720,19,168,7,194
1126721,38,330,24,392
1126722,39,198,11,248
1126723,26,308,31,365
1126724,21,172,15,208
1126725,61,335,22,418
1126726,21,197,13,231
1126727,37,357,35,429
1126728,42,186,15,243
1126729,49,255,25,329
1126730,25,135,11,171
1126731,37,232,6,275
1126732,49,276,23,348
1126733,48,223,20,291
1126734,31,185,22,238
1126735,23,136,10,169
1126736,33,360,11,404
1126737,42,283,25,350
1126738,23,196,3,222
1126739,36,385,4,425
1126740,13,178,10,201
1126741,46,307,34,387
1126742,26,164,10,200
1126743,61,345,12,418
1126801,31,263,10,304
1126802,26,200,3,229
1126803,18,203,12,233
1126804,18,234,13,265
1126805,35,279,34,348
1126806,3,86,0,89
1126807,12,75,7,94
1126808,12,518,34,564
1126809,60,345,40,445
1126810,11,125,3,139
1126811,0,18,3,21
1126812,21,118,11,150
1126901,48,427,28,503
1126902,35,334,12,381
1126903,39,267,21,327
1126904,27,269,3,299
1126905,65,586,18,669
1126906,30,314,14,358
1126907,7,129,27,163
1126908,0,3,0,3
1126909,0,0,3,3
1126910,42,380,15,437
1126911,40,282,17,339
1126912,56,284,13,353
1126913,38,281,18,337
1126914,20,182,50,252
1126915,40,246,46,332
1126916,38,238,3,279
1126917,40,224,20,284
1126918,53,482,27,562
1126919,44,566,31,641
1126920,55,328,30,413
1126921,34,288,26,348
1126922,51,330,33,414
1126923,39,267,15,321
1126924,29,378,42,449
1126925,34,140,15,189
1126926,24,166,15,205
1126927,52,285,34,371
1126928,47,321,53,421
1126929,45,290,20,355
1126930,34,230,10,274
1126931,37,210,17,264
1126932,36,275,13,324
1126933,27,272,30,329
1126934,58,263,21,342
1126935,29,351,26,406
1126936,32,187,18,237
1126937,26,150,23,199
1126938,38,244,24,306
1126939,32,308,40,380
1126940,33,284,19,336
1126941,39,205,9,253
1126942,34,251,22,307
1126943,19,159,7,185
1126944,55,304,26,385
1126945,45,301,18,364
1126946,27,235,23,285
1126947,29,210,21,260
1126948,42,268,15,325
1126949,39,195,18,252
1127001,60,202,22,284
1127002,7,63,4,74
1127003,39,189,23,251
1127004,41,190,33,264
1127005,35,214,38,287
1127006,40,145,32,217
1127007,43,264,45,352
1127008,25,185,40,250
1127009,36,322,49,407
1127010,39,272,24,335
1127011,36,286,39,361
1127012,38,302,27,367
1127013,45,357,41,443
1127014,34,242,30,306
1127015,27,189,24,240
1127016,28,178,15,221
1127017,26,186,27,239
1127018,31,242,20,293
1127019,43,281,33,357
1127020,13,248,6,267
1127021,49,354,13,416
1127022,29,315,26,370
1127023,36,254,29,319
1127024,35,232,19,286
1127025,47,358,33,438
1127026,37,217,15,269
1127027,20,239,8,267
1127028,11,310,26,347
1127029,35,292,24,351
1127030,0,0,0,0
1127031,37,313,49,399
1127032,32,339,48,419
1127101,28,114,14,156
1127102,0,3,0,3
1127103,18,155,6,179
1127104,15,181,4,200
1127105,3,76,12,91
1127106,47,319,30,396
1127107,44,196,30,270
1127108,33,175,12,220
1127109,33,199,4,236
1127110,29,174,23,226
1127111,43,274,24,341
1127112,34,224,14,272
1127113,14,118,10,142
1127114,27,141,18,186
1127115,37,410,33,480
1127116,60,272,47,379
1127117,26,158,12,196
1127118,23,162,3,188
1127119,31,171,9,211
1127120,19,121,18,158
1127121,20,145,7,172
1127122,48,283,15,346
1127123,46,265,7,318
1127124,30,231,27,288
1127125,33,178,19,230
1127126,34,225,34,293
1127127,55,341,37,433
1127128,44,241,16,301
1127129,61,317,20,398
1127130,38,269,19,326
1127131,15,142,25,182
1127132,28,179,25,232
1127133,18,509,22,549
1127134,4,15,3,22
1127135,38,239,8,285
1127136,39,360,30,429
1127137,38,331,23,392
1127138,57,275,13,345
1127139,43,228,23,294
1127140,25,142,16,183
1127141,28,145,50,223
1127142,15,109,6,130
1127201,45,259,15,319
1127202,68,379,19,466
1127203,38,255,27,320
1127204,36,274,18,328
1127205,23,196,24,243
1127206,28,160,18,206
1127207,58,306,26,390
1127208,22,150,3,175
1127209,48,284,24,356
1127210,32,198,8,238
1127211,39,183,12,234
1127212,34,223,17,274
1127213,50,246,16,312
1127214,29,162,12,203
1127215,40,181,18,239
1127216,18,117,35,170
1127217,75,331,32,438
1127218,27,152,20,199
1127219,30,237,48,315
1127220,28,215,18,261
1127221,34,153,27,214
1127222,27,343,23,393
1127223,61,260,20,341
1127224,43,312,56,411
1127301,9,49,6,64
1127302,45,274,36,355
1127303,23,198,54,275
1127304,31,171,16,218
1127305,48,273,26,347
1127306,52,243,24,319
1127307,52,283,50,385
1127308,46,286,57,389
1127309,10,88,11,109
1127310,35,215,27,277
1127311,0,0,0,0
1127312,18,74,3,95
1127401,28,181,18,227
1127402,0,71,6,77
1127403,47,209,29,285
1127404,37,206,12,255
1127405,39,140,27,206
1127406,35,230,23,288
1127407,38,235,28,301
1127408,65,312,44,421
1127409,37,146,22,205
1127410,29,194,26,249
1127411,53,225,53,331
1127412,41,193,38,272
1127413,47,192,17,256
1127414,23,176,18,217
1127415,0,41,0,41
1127416,90,401,37,528
1127501,0,19,12,31
1127601,31,196,24,251
1127602,46,335,26,407
1127603,58,288,42,388
1127604,28,222,39,289
1127605,51,208,94,353
1127606,51,265,31,347
1127607,50,293,57,400
1127608,37,203,38,278
1127609,37,263,14,314
1127610,35,198,13,246
1127701,52,296,24,372
1127702,57,258,26,341
1127703,50,301,38,389
1127704,23,170,15,208
1127705,53,259,29,341
1127706,11,135,22,168
1127707,31,149,30,210
1127708,50,227,16,293
1127709,32,208,15,255
1127710,36,235,18,289
1127711,41,289,13,343
1127712,45,317,22,384
1127713,33,176,29,238
1127714,36,254,33,323
1127715,32,209,9,250
1127716,35,180,18,233
1127717,38,297,26,361
1127718,35,240,9,284
1127719,37,233,32,302
1127720,39,202,15,256
1127721,41,247,17,305
1127722,31,194,15,240
1127723,55,306,42,403
1127724,32,154,4,190
1127725,47,344,17,408
1127726,37,231,18,286
1127727,65,348,15,428
1127728,60,321,10,391
1127729,41,218,7,266
1127730,49,302,21,372
1127731,31,206,46,283
1127732,61,369,24,454
1127733,60,325,33,418
1127734,41,218,27,286
1127735,40,226,11,277
1127736,20,153,9,182
1127737,53,395,27,475
1127738,29,160,18,207
1127739,42,240,24,306
1127740,0,3,0,3
1127741,50,188,32,270
1127801,35,282,21,338
1127802,26,201,20,247
1127803,51,370,32,453
1127804,27,116,13,156
1127805,0,128,106,234
1127806,13,59,3,75
1127807,35,193,457,685
1127808,11,192,52,255
1127809,35,202,34,271
1127810,49,159,32,240
1127811,40,195,109,344
1127812,63,218,75,356
1127813,45,285,34,364
1127814,84,631,49,764
1127815,76,337,80,493
1127816,47,285,100,432
1127817,46,183,46,275
1127818,44,181,52,277
1127819,52,180,67,299
1127820,37,221,13,271
1127821,29,300,44,373
1127822,46,297,21,364
1127823,27,160,15,202
1127824,9,45,7,61
1127825,46,214,19,279
1127826,50,370,26,446
1127827,27,172,21,220
1127828,38,272,39,349
1127829,24,267,22,313
1127830,41,197,36,274
1127831,27,128,24,179
1127832,37,266,29,332
1127833,38,208,29,275
1127834,35,196,23,254
1127835,50,271,35,356
1127836,37,177,30,244
1127837,31,163,18,212
1127838,26,130,12,168
1127839,53,293,30,376
1127840,71,349,96,516
1127841,36,213,38,287
1127842,25,239,44,308
1127843,30,215,15,260
1127844,29,218,15,262
1127845,32,232,21,285
1127846,42,256,36,334
1127901,0,0,0,0
1127902,0,0,0,0
1127903,0,0,0,0
1127904,55,401,49,505
1127905,43,207,26,276
1127906,19,151,22,192
1127907,36,178,8,222
1127908,39,237,23,299
1127909,51,270,23,344
1127910,36,246,25,307
1127911,70,353,44,467
1127912,31,181,22,234
1127913,38,205,29,272
1127914,25,152,4,181
1127915,44,272,36,352
1127916,47,299,25,371
1127917,35,205,12,252
1127918,30,154,11,195
1127919,20,118,9,147
1127920,32,233,70,335
1127921,46,217,40,303
1127922,66,285,24,375
1127923,53,360,38,451
1127924,6,89,15,110
1127925,38,169,36,243
1127926,29,157,21,207
1127927,54,291,34,379
1127928,53,230,31,314
1127929,53,230,44,327
1127930,41,205,36,282
1127931,37,252,35,324
1127932,42,210,51,303
1127933,33,219,20,272
1127934,70,306,41,417
1127935,33,140,16,189
1127936,71,288,39,398
1127937,42,270,35,347
1127938,0,0,0,0
1128001,23,114,24,161
1128002,26,147,30,203
1128003,56,362,49,467
1128004,33,221,29,283
1128005,41,247,35,323
1128006,45,270,38,353
1128007,0,3,0,3
1128008,41,197,12,250
1128009,42,193,32,267
1128010,27,210,40,277
1128011,58,178,31,267
1128012,39,240,30,309
1128013,31,212,10,253
1128014,33,175,15,223
1128101,26,219,0,245
1128102,33,198,21,252
1128103,53,251,34,338
1128104,47,247,44,338
1128105,38,212,15,265
1128106,22,170,18,210
1128107,34,183,24,241
1128108,30,210,33,273
1128109,35,180,9,224
1128110,54,259,12,325
1128201,0,0,0,0
1128202,37,255,48,340
1128203,56,397,27,480
1128204,74,339,21,434
1128205,55,276,45,376
1128206,46,200,12,258
1128207,36,152,20,208
1128208,34,243,24,301
1128209,31,196,21,248
1128210,43,242,24,309
1128211,48,226,17,291
1128212,39,296,30,365
1128213,32,130,14,176
1128214,41,240,20,301
1128215,50,281,17,348
1128216,25,146,33,204
1128217,33,220,18,271
1128218,25,156,13,194
1128219,77,292,59,428
1128220,30,199,30,259
1128221,50,283,37,370
1128222,30,215,27,272
1128223,43,247,24,314
1128224,32,276,25,333
1128225,23,212,97,332
1128226,42,272,47,361
1128227,50,293,33,376
1128228,56,239,20,315
1128229,49,286,26,361
1128230,39,270,36,345
1128231,45,326,44,415
1128232,29,179,20,228
1128233,48,223,14,285
1128234,29,191,15,235
1128235,53,308,41,402
1128236,26,177,18,221
1128237,44,270,27,341
1128238,47,221,20,288
1128239,23,168,28,219
1128301,24,133,12,169
1128302,42,267,28,337
1128303,24,163,18,205
1128304,50,257,32,339
1128305,51,398,26,475
1128306,41,215,23,279
1128307,51,286,15,352
1128308,43,128,12,183
1128309,36,217,15,268
1128310,26,120,16,162
1128311,0,0,0,0
1128312,6,12,3,21
1128313,30,166,12,208
1128314,41,275,28,344
1128315,22,144,6,172
1128316,37,130,18,185
1128317,38,156,16,210
1128401,38,218,31,287
1128402,40,212,16,268
1128403,35,192,18,245
1128404,33,249,19,301
1128405,58,356,46,460
1128406,34,234,12,280
1128407,44,285,24,353
1128408,47,214,9,270
1128409,85,382,27,494
1128410,15,115,9,139
1128411,43,263,23,329
1128412,40,221,16,277
1128413,53,327,34,414
1128414,27,184,83,294
1128415,40,267,19,326
1128416,31,269,28,328
1128417,38,201,18,257
1128418,42,266,24,332
1128419,30,242,38,310
1128420,34,211,21,266
1128421,48,247,18,313
1128422,84,403,37,524
1128423,35,239,8,282
1128424,32,357,18,407
1128425,51,210,17,278
1128426,61,361,27,449
1128427,54,208,26,288
1128428,56,218,27,301
1128429,8,77,6,91
1128430,67,374,39,480
1128431,45,351,27,423
1128501,23,220,9,252
1128502,27,245,9,281
1128503,20,140,19,179
1128504,33,207,39,279
1128505,55,261,36,352
1128506,59,349,37,445
1128507,38,253,24,315
1128508,24,197,15,236
1128509,50,211,22,283
1128510,46,224,9,279
1128511,30,203,15,248
1128512,12,114,7,133
1128513,55,352,39,446
1128514,25,173,15,213
1128515,31,220,19,270
1128516,9,31,0,40
1128601,28,262,23,313
1128602,0,0,0,0
1128603,35,206,24,265
1128604,41,273,15,329
1128605,28,245,15,288
1128606,42,256,29,327
1128607,57,341,61,459
1128608,17,172,25,214
1128609,34,201,30,265
1128610,41,327,31,399
1128611,33,271,23,327
1128612,0,0,0,0
1128613,43,311,24,378
1128614,52,433,41,526
1128615,67,344,28,439
1128616,17,158,73,248
1128617,21,165,21,207
1128618,34,157,12,203
1128619,55,281,40,376
1128620,36,313,29,378
1128621,28,136,15,179
1128622,36,198,10,244
1128623,27,155,15,197
1128701,40,244,18,302
1128702,37,251,13,301
1128703,57,396,33,486
1128704,48,427,29,504
1128705,39,241,34,314
1128706,22,168,15,205
1128707,35,295,10,340
1128708,53,292,39,384
1128709,53,237,24,314
1128710,33,247,18,298
1128711,18,189,35,242
1128712,18,115,16,149
1128713,33,125,21,179
1128714,86,489,26,601
1128715,12,38,0,50
1128716,47,361,18,426
1128717,38,276,29,343
1128718,36,221,10,267
1128719,38,198,7,243
1128720,12,123,73,208
1128721,52,323,24,399
1128722,0,0,0,0
1128723,32,233,16,281
1128724,29,160,8,197
1128725,22,74,4,100
1128726,0,15,6,21
1128801,23,99,7,129
1128802,21,169,12,202
1128803,26,141,7,174
1128804,35,209,25,269
1128805,33,204,24,261
1128806,18,177,7,202
1128807,63,353,25,441
1128808,31,117,5,153
1128809,27,157,24,208
1128810,3,3,0,6
1128811,20,125,24,169
1128812,59,404,33,496
1128901,66,418,29,513
1128902,33,221,37,291
1128903,60,342,36,438
1128904,37,308,30,375
1128905,19,96,6,121
1128906,46,248,16,310
1128907,24,176,16,216
1128908,26,126,3,155
1128909,36,208,10,254
1128910,35,165,9,209
1128911,26,88,13,127
1128912,9,108,6,123
1128913,28,227,14,269
1128914,49,323,15,387
1128915,38,179,12,229
1128916,57,272,29,358
1128917,31,229,24,284
1128918,38,173,14,225
1128919,27,127,23,177
1129001,50,324,29,403
1129002,56,472,31,559
1129003,51,350,17,418
1129004,32,365,30,427
1129005,44,429,25,498
1129006,30,238,24,292
1129007,21,194,8,223
1129008,62,404,15,481
1129009,45,277,15,337
1129010,42,326,5,373
1129011,31,226,4,261
1129012,36,330,12,378
1129013,49,370,4,423
1129014,43,315,8,366
1129015,33,287,12,332
1129016,71,357,15,443
1129017,27,179,12,218
1129018,52,326,28,406
1129019,35,222,9,266
1129020,40,281,18,339
1129021,45,343,18,406
1129022,48,271,16,335
1129023,33,217,14,264
1129024,33,353,19,405
1129025,33,165,0,198
1129026,39,385,8,432
1129027,27,240,9,276
1129028,38,322,38,398
1129029,54,345,12,411
1129030,38,217,0,255
1129031,37,372,12,421
1129032,53,511,24,588
1129033,66,437,34,537
1129034,23,132,9,164
1129035,51,333,24,408
1129036,43,286,12,341
1129037,61,451,20,532
1129038,19,204,27,250
1129039,24,144,3,171
1129040,43,315,19,377
1129041,30,203,15,248
1129042,42,308,19,369
1129043,44,371,31,446
1129044,16,186,9,211
1129045,59,392,12,463
1129046,13,129,15,157
1129047,25,176,7,208
1129101,24,243,35,302
1129102,21,278,10,309
1129103,31,391,28,450
1129104,40,266,19,325
1129105,57,316,9,382
1129106,43,269,20,332
1129107,25,177,9,211
1129108,50,325,9,384
1129109,51,320,12,383
1129110,45,349,18,412
1129111,57,347,21,425
1129112,28,257,19,304
1129113,27,166,6,199
1129114,28,259,12,299
1129115,34,289,21,344
1129116,59,370,7,436
1129117,22,241,6,269
1129118,35,261,12,308
1129119,53,277,8,338
1129120,28,289,10,327
1129121,51,286,14,351
1129122,23,172,12,207
1129123,31,270,7,308
1129124,37,197,12,246
1129125,39,228,26,293
1129126,88,682,36,806
1129127,0,6,9,15
1129128,50,382,12,444
1129129,37,416,18,471
1129130,3,153,3,159
1129131,27,235,11,273
1129132,18,141,9,168
1129133,55,295,21,371
1129134,18,165,15,198
1129135,25,228,3,256
1129136,26,151,9,186
1129137,47,306,12,365
1129138,0,0,0,0
1129139,42,271,10,323
1129140,43,306,8,357
1129141,28,247,12,287
1129142,53,324,7,384
1129143,69,467,24,560
1129144,34,311,15,360
1129145,55,290,22,367
1129146,46,255,15,316
1129147,0,3,3,6
1129201,28,178,24,230
1129202,48,351,15,414
1129203,38,269,12,319
1129204,55,320,28,403
1129205,29,194,18,241
1129206,45,331,24,400
1129207,39,208,18,265
1129208,23,183,16,222
1129209,37,251,19,307
1129210,41,359,13,413
1129211,43,258,34,335
1129212,45,316,36,397
1129213,36,419,11,466
1129214,0,0,0,0
1129215,20,200,6,226
1129216,24,170,3,197
1129217,57,377,15,449
1129218,60,414,14,488
1129219,57,384,29,470
1129220,41,304,15,360
1129221,54,260,15,329
1129222,40,242,6,288
1129223,30,224,8,262
1129224,29,231,4,264
1129225,62,408,13,483
1129226,17,153,6,176
1129227,51,377,15,443
1129228,55,355,15,425
1129229,21,174,15,210
1129230,48,408,25,481
1129231,33,375,15,423
1129232,24,156,15,195
1129233,24,303,12,339
1129234,39,269,18,326
1129235,35,275,9,319
1129236,40,267,9,316
1129237,53,364,37,454
1129238,43,337,18,398
1129239,53,312,13,378
1129240,42,284,25,351
1129241,53,478,26,557
1129242,39,353,33,425
1129243,0,13,0,13
1129244,51,213,18,282
1129245,51,344,15,410
1129246,74,375,24,473
1129247,24,285,18,327
1129248,37,497,26,560
1129249,51,464,51,566
1129250,32,300,13,345
1129251,60,434,32,526
1129252,0,0,0,0
1129253,32,253,15,300
1129254,48,232,4,284
1129255,25,207,10,242
1129256,35,206,20,261
1129257,42,322,8,372
1129258,44,305,9,358
1129259,59,316,21,396
1129260,22,294,27,343
1129261,72,746,110,928
1129262,55,337,5,397
1129263,19,151,12,182
1129264,26,184,0,210
1129301,28,265,3,296
1129302,36,269,8,313
1129303,56,428,12,496
1129304,25,204,15,244
1129305,50,369,16,435
1129306,37,225,10,272
1129307,32,226,10,268
1129308,41,333,15,389
1129309,16,163,3,182
1129310,15,261,3,279
1129311,19,203,5,227
1129312,22,141,13,176
1129313,30,191,12,233
1129314,11,188,10,209
1129315,33,359,9,401
1129316,10,215,9,234
1129317,43,332,11,386
1129318,24,193,10,227
1129319,49,271,5,325
1129320,29,255,12,296
1129321,43,273,24,340
1129322,26,192,15,233
1129323,17,141,0,158
1129324,23,164,4,191
1129325,43,323,6,372
1129326,19,151,0,170
1129327,30,288,9,327
1129328,42,228,16,286
1129329,36,243,3,282
1129330,22,247,24,293
1129331,41,321,24,386
1129332,26,246,22,294
1129333,33,295,34,362
1129334,31,296,11,338
1129335,20,218,9,247
1129336,37,355,14,406
1129337,54,410,25,489
1129338,27,248,9,284
1129339,49,297,16,362
1129340,40,234,18,292
1129341,20,170,15,205
1129342,15,222,23,260
1129343,0,0,0,0
1129344,40,296,16,352
1129345,87,972,447,1506
1129346,0,0,0,0
1129347,50,272,9,331
1129348,35,304,10,349
1129349,25,173,4,202
1129350,4,163,12,179
1129351,52,420,12,484
1129352,46,290,8,344
1129353,29,243,6,278
1129354,21,199,8,228
1129355,24,198,13,235
1129356,39,302,19,360
1129357,31,300,18,349
1129358,20,334,6,360
1129359,35,242,15,292
1129360,26,258,9,293
1129361,21,165,9,195
1129362,32,323,16,371
1129363,58,421,9,488
1129364,21,241,3,265
1129401,42,408,24,474
1129402,42,242,9,293
1129403,30,180,15,225
1129404,10,52,9,71
1129405,44,258,20,322
1129406,32,211,12,255
1129407,35,193,6,234
1129408,53,329,8,390
1129409,36,232,15,283
1129410,23,192,15,230
1129411,25,139,6,170
1129412,39,287,21,347
1129413,54,412,27,493
1129414,26,253,12,291
1129415,41,276,22,339
1129416,38,305,6,349
1129501,19,145,12,176
1129502,40,346,8,394
1129503,29,289,16,334
1129504,50,379,26,455
1129505,57,436,23,516
1129506,40,341,12,393
1129507,16,228,19,263
1129508,27,236,15,278
1129509,50,454,6,510
1129510,37,293,15,345
1129511,23,260,12,295
1129512,42,443,18,503
1129513,23,256,10,289
1129514,49,361,29,439
1129515,45,348,23,416
1129516,67,440,3,510
1129517,18,192,3,213
1129518,38,319,24,381
1129519,48,306,18,372
1129520,40,305,30,375
1129521,23,204,12,239
1129522,58,388,46,492
1129523,49,358,7,414
1129524,50,403,16,469
1129525,39,347,9,395
1129526,25,275,21,321
1129527,37,329,6,372
1129528,27,231,3,261
1129529,33,290,13,336
1129530,49,331,5,385
1129531,25,175,6,206
1129532,28,222,15,265
1129533,48,275,12,335
1129534,16,262,3,281
1129535,65,518,22,605
1129536,44,268,12,324
1129537,44,338,7,389
1129538,50,347,23,420
1129539,15,214,6,235
1129540,49,295,26,370
1129541,23,194,16,233
1129542,52,299,34,385
1129543,30,303,31,364
1129544,64,337,25,426
1129545,52,347,8,407
1129546,49,481,57,587
1129547,46,251,22,319
1129548,38,362,25,425
1129601,27,226,6,259
1129602,40,207,7,254
1129603,29,289,12,330
1129604,20,165,6,191
1129605,50,238,3,291
1129606,52,330,0,382
1129607,30,182,6,218
1129608,17,184,5,206
1129609,24,229,15,268
1129610,65,395,16,476
1129611,43,276,5,324
1129612,42,223,18,283
1129613,39,250,3,292
1129614,61,446,8,515
1129615,46,308,16,370
1129616,38,305,17,360
1129617,33,265,12,310
1129618,18,198,14,230
1129619,30,314,6,350
1129620,44,366,17,427
1129621,48,249,3,300
1129622,51,412,18,481
1129623,45,242,13,300
1129624,34,169,5,208
1129625,38,309,15,362
1129626,31,178,10,219
1129627,35,259,23,317
1129628,69,357,11,437
1129629,50,311,11,372
1129630,23,233,12,268
1129631,22,264,12,298
1129632,44,323,18,385
1129701,40,266,3,309
1129702,28,229,18,275
1129703,34,273,21,328
1129704,33,235,18,286
1129705,26,214,9,249
1129706,16,133,4,153
1129707,35,151,0,186
1129708,28,175,0,203
1129709,46,281,16,343
1129710,47,246,12,305
1129711,24,147,9,180
1129712,20,239,20,279
1129713,49,400,50,499
1129714,50,340,21,411
1129715,28,235,21,284
1129716,23,141,9,173
1129717,25,164,13,202
1129718,34,235,22,291
1129719,34,252,24,310
1129720,37,217,9,263
1129721,23,172,18,213
1129722,52,300,10,362
1129723,27,204,29,260
1129724,27,164,12,203
1129725,31,200,6,237
1129726,27,184,18,229
1129727,12,114,24,150
1129728,37,190,10,237
1129729,41,172,19,232
1129730,17,155,13,185
1129731,43,212,18,273
1129732,35,300,7,342
1129733,39,230,27,296
1129734,49,340,21,410
1129735,27,269,6,302
1129736,30,328,8,366
1129737,30,314,10,354
1129738,24,229,9,262
1129739,39,251,16,306
1129740,30,169,0,199
1129741,40,167,3,210
1129742,35,188,6,229
1129743,34,257,4,295
1129744,26,249,9,284
1129745,20,200,0,220
1129746,33,259,4,296
1129747,35,279,13,327
1129748,35,317,27,379
1129749,35,234,31,300
1129750,50,234,46,330
1129751,32,291,15,338
1129752,33,282,27,342
1129753,59,308,32,399
1129754,40,249,19,308
1129755,40,249,4,293
1129756,27,274,30,331
1129757,34,129,3,166
1129758,33,183,0,216
1129801,49,202,8,259
1129802,37,189,6,232
1129803,54,237,21,312
1129804,39,175,6,220
1129805,13,140,7,160
1129806,49,266,15,330
1129807,42,280,6,328
1129808,39,208,9,256
1129809,27,211,8,246
1129810,15,147,15,177
1129811,39,176,9,224
1129812,43,208,19,270
1129813,20,101,22,143
1129814,40,313,24,377
1129815,41,174,10,225
1129816,25,139,0,164
1129817,28,165,15,208
1129901,47,191,44,282
1129902,59,336,99,494
1129903,32,201,31,264
1129904,13,201,22,236
1129905,27,140,35,202
1129906,18,113,21,152
1129907,23,151,71,245
1129908,42,190,25,257
1130001,50,256,6,312
1130002,41,312,24,377
1130003,25,157,19,201
1130004,49,266,30,345
1130005,36,165,6,207
1130006,38,156,19,213
1130007,19,228,33,280
1130008,0,0,0,0
1130009,20,182,14,216
1130010,30,240,15,285
1130011,25,198,12,235
1130012,34,147,15,196
1130013,30,222,4,256
1130014,28,211,21,260
1130015,18,169,27,214
1130016,70,377,46,493
1130017,35,169,21,225
1130018,38,260,14,312
1130019,44,309,41,394
1130020,15,127,15,157
1130021,27,176,12,215
1130022,29,292,18,339
1130023,51,296,58,405
1130024,27,165,27,219
1130025,27,222,29,278
1130026,42,250,27,319
1130027,27,163,17,207
1130028,35,185,6,226
1130029,51,329,15,395
1130030,18,125,26,169
1130031,43,269,9,321
1130032,28,179,10,217
1130033,33,204,24,261
1130034,37,226,60,323
1130035,53,288,18,359
1130036,30,217,22,269
1130037,29,275,18,322
1130038,28,220,9,257
1130039,0,0,0,0
1130040,25,179,9,213
1130041,41,300,0,341
1130042,48,298,12,358
1130043,51,348,19,418
1130044,27,176,9,212
1130045,33,246,24,303
1130046,13,160,6,179
1130047,54,326,30,410
1130048,37,299,15,351
1130049,41,343,21,405
1130050,44,218,15,277
1130051,27,222,20,269
1130052,23,207,19,249
1130053,20,191,24,235
1130054,37,285,17,339
1130055,30,163,21,214
1130056,30,294,39,363
1130057,18,127,55,200
1130058,40,212,16,268
1130059,18,51,6,75
1130060,31,124,10,165
1130061,9,75,9,93
1130062,43,306,26,375
1130063,35,219,27,281
1130101,42,283,57,382
1130102,21,134,11,166
1130103,29,247,30,306
1130104,41,397,16,454
1130105,23,185,17,225
1130106,23,258,21,302
1130107,53,299,32,384
1130108,26,232,25,283
1130109,30,371,36,437
1130110,25,274,18,317
1130111,33,208,3,244
1130112,27,224,14,265
1130113,6,187,19,212
1130114,30,248,31,309
1130115,35,287,15,337
1130116,37,410,36,483
1130117,34,215,3,252
1130118,51,365,15,431
1130119,47,256,14,317
1130120,40,291,24,355
1130121,41,306,21,368
1130122,20,188,10,218
1130201,25,270,31,326
1130202,13,209,6,228
1130203,30,276,13,319
1130204,48,423,17,488
1130205,38,366,7,411
1130206,39,341,21,401
1130207,35,141,18,194
1130208,44,315,21,380
1130209,29,254,23,306
1130210,63,353,16,432
1130211,32,286,27,345
1130212,22,252,15,289
1130213,14,154,9,177
1130214,36,309,16,361
1130215,21,296,18,335
1130216,24,208,10,242
1130217,29,219,6,254
1130218,52,320,31,403
1130219,33,345,17,395
1130220,37,363,38,438
1130221,36,197,28,261
1130222,42,240,7,289
1130223,20,206,0,226
1130224,27,293,16,336
1130225,44,231,3,278
1130226,40,283,11,334
1130227,26,197,8,231
1130228,44,227,11,282
1130229,39,203,18,260
1130230,30,216,15,261
1130231,33,320,11,364
1130232,27,183,13,223
1130233,19,189,9,217
1130234,24,214,9,247
1130235,34,232,8,274
1130236,27,242,27,296
1130237,41,258,54,353
1130238,32,225,32,289
1130239,3,12,3,18
1130240,30,241,19,290
1130241,26,219,12,257
1130242,17,170,39,226
1130243,34,281,19,334
1130244,21,163,9,193
1130301,23,129,14,166
1130302,19,186,16,221
1130303,3,3,0,6
1130304,43,229,38,310
1130305,22,261,30,313
1130306,53,299,47,399
1130307,31,251,22,304
1130308,30,335,12,377
1130309,0,0,3,3
1130310,30,239,9,278
1130311,35,313,29,377
1130312,36,235,9,280
1130313,0,3,0,3
1130314,35,285,13,333
1130315,49,309,18,376
1130316,3,131,12,146
1130317,21,188,0,209
1130318,31,248,24,303
1130319,48,373,49,470
1130320,51,297,37,385
1130321,23,146,12,181
1130322,44,257,52,353
1130323,33,235,37,305
1130324,34,250,35,319
1130325,44,351,56,451
1130326,25,255,66,346
1130327,51,269,33,353
1130328,44,455,79,578
1130329,44,298,49,391
1130330,0,3,0,3
1130331,62,614,38,714
1130332,18,94,14,126
1130333,34,429,49,512
1130334,22,330,43,395
1130335,48,456,53,557
1130336,17,208,24,249
1130337,0,0,0,0
1130338,52,289,43,384
1130339,26,189,49,264
1130340,0,20,0,20
1130341,39,250,29,318
1130342,36,215,36,287
1130401,33,216,21,270
1130402,29,219,21,269
1130403,36,306,30,372
1130404,35,341,62,438
1130405,30,227,23,280
1130406,38,238,22,298
1130407,42,296,27,365
1130408,17,191,33,241
1130409,32,199,30,261
1130410,25,263,35,323
1130411,40,211,14,265
1130412,10,211,36,257
1130413,54,433,57,544
1130414,27,342,74,443
1130415,21,208,18,247
1130416,43,314,33,390
1130417,42,395,54,491
1130418,49,464,42,555
1130419,42,263,23,328
1130420,39,252,49,340
1130421,41,235,24,300
1130422,25,184,9,218
1130423,23,172,8,203
1130424,48,442,17,507
1130425,27,293,24,344
1130426,55,389,45,489
1130427,0,0,0,0
1130428,36,258,39,333
1130429,42,206,9,257
1130430,31,269,28,328
1130431,9,118,12,139
1130432,40,379,29,448
1130433,28,254,18,300
1130434,42,275,15,332
1130435,33,330,33,396
1130436,33,255,21,309
1130437,30,256,31,317
1130438,23,179,25,227
1130439,45,323,42,410
1130440,33,206,27,266
1130441,0,0,0,0
1130442,41,235,9,285
1130501,42,341,24,407
1130502,35,232,24,291
1130503,63,226,24,313
1130504,16,224,3,243
1130505,38,283,12,333
1130506,52,387,18,457
1130507,27,204,13,244
1130508,41,239,27,307
1130509,46,427,30,503
1130510,31,284,22,337
1130511,36,287,9,332
1130512,30,168,7,205
1130513,27,235,24,286
1130514,54,357,16,427
1130515,24,181,31,236
1130516,43,316,25,384
1130517,61,403,38,502
1130518,40,230,25,295
1130519,35,236,15,286
1130520,22,125,9,156
1130521,48,303,28,379
1130522,16,214,28,258
1130523,16,194,7,217
1130524,42,342,25,409
1130525,24,159,24,207
1130526,22,129,31,182
1130527,51,388,39,478
1130528,35,265,38,338
1130529,41,288,40,369
1130530,27,216,39,282
1130531,43,225,22,290
1130532,26,188,32,246
1130533,37,281,26,344
1130534,58,387,34,479
1130535,17,251,30,298
1130536,70,276,41,387
1130537,26,220,3,249
1130538,34,334,32,400
1130539,51,301,25,377
1130540,20,193,17,230
1130541,17,194,24,235
1130542,35,263,17,315
1130543,42,215,18,275
1130544,31,187,10,228
1130545,31,224,21,276
1130546,32,224,25,281
1130547,43,277,18,338
1130548,38,396,36,470
1130549,40,361,23,424
1130550,53,426,52,531
1130551,57,292,26,375
1130552,33,168,10,211
1130553,21,245,30,296
1130554,40,276,44,360
1130555,39,350,27,416
1130556,29,341,35,405
1130557,45,268,13,326
1130558,25,214,18,257
1130559,37,327,20,384
1130560,35,154,32,221
1130561,34,328,30,392
1130562,23,228,25,276
1130563,60,415,38,513
1130601,42,362,13,417
1130602,39,307,15,361
1130603,73,765,25,863
1130604,0,0,0,0
1130605,23,143,25,191
1130606,36,224,48,308
1130607,25,157,37,219
1130608,66,393,28,487
1130609,21,184,12,217
1130610,24,161,15,200
1130611,30,305,30,365
1130612,43,296,18,357
1130613,24,304,31,359
1130614,36,270,26,332
1130615,53,241,22,316
1130616,17,228,16,261
1130617,28,321,23,372
1130618,19,222,3,244
1130619,46,347,29,422
1130620,42,323,14,379
1130621,43,301,27,371
1130622,41,256,3,300
1130623,29,141,24,194
1130624,36,269,21,326
1130625,58,283,68,409
1130626,37,271,23,331
1130627,45,200,48,293
1130628,27,230,41,298
1130629,0,4,0,4
1130630,37,297,45,379
1130631,30,246,28,304
1130632,31,229,42,302
1130633,27,202,23,252
1130634,31,213,15,259
1130635,19,167,30,216
1130636,13,175,9,197
1130637,20,175,18,213
1130638,55,338,50,443
1130639,47,251,10,308
1130640,39,230,3,272
1130641,52,325,40,417
1130642,44,229,32,305
1130643,39,174,39,252
1130644,25,125,18,168
1130645,39,218,29,286
1130646,45,269,31,345
1130647,33,238,33,304
1130648,46,164,26,236
1130649,37,203,35,275
1130650,45,305,40,390
1130701,46,364,36,446
1130702,42,251,19,312
1130703,30,263,12,305
1130704,20,147,5,172
1130705,32,268,23,323
1130706,33,208,18,259
1130707,25,271,37,333
1130708,23,296,50,369
1130709,50,274,60,384
1130710,39,291,24,354
1130711,49,331,15,395
1130712,33,258,8,299
1130713,18,226,12,256
1130714,50,335,17,402
1130715,15,236,43,294
1130716,60,281,36,377
1130717,64,335,48,447
1130718,34,222,38,294
1130719,49,242,35,326
1130720,32,374,35,441
1130721,0,6,3,9
1130722,23,196,14,233
1130723,38,258,21,317
1130724,22,203,9,234
1130725,37,294,11,342
1130726,59,375,20,454
1130727,37,224,23,284
1130728,8,168,7,183
1130729,25,240,9,274
1130730,49,391,38,478
1130731,32,234,20,286
1130732,28,167,9,204
1130733,34,218,11,263
1130734,42,309,35,386
1130735,49,341,40,430
1130736,55,302,27,384
1130737,24,223,26,273
1130738,34,297,39,370
1130739,41,267,21,329
1130740,31,285,53,369
1130741,33,289,31,353
1130742,43,331,19,393
1130743,28,188,5,221
1130744,35,340,30,405
1130745,58,362,4,424
1130746,41,264,13,318
1130747,54,316,3,373
1130748,48,358,38,444
1130749,49,339,43,431
1130750,37,367,15,419
1130751,54,210,0,264
1130752,51,286,21,358
1130753,47,292,21,360
1130754,55,386,52,493
1130755,54,305,38,397
1130756,63,316,44,423
1130801,53,257,31,341
1130802,46,310,28,384
1130803,24,275,28,327
1130804,27,157,22,206
1130805,47,334,15,396
1130806,32,231,20,283
1130807,38,372,28,438
1130808,27,227,11,265
1130809,52,318,30,400
1130810,38,382,77,497
1130811,35,282,49,366
1130812,38,301,13,352
1130813,36,326,25,387
1130814,61,366,26,453
1130815,35,247,18,300
1130816,34,251,28,313
1130817,39,238,9,286
1130818,6,23,12,41
1130819,26,232,3,261
1130820,62,364,33,459
1130821,52,333,32,417
1130822,30,230,15,275
1130823,47,462,44,553
1130824,34,174,22,230
1130825,38,168,10,216
1130826,32,250,30,312
1130827,42,377,15,434
1130828,41,341,28,410
1130829,48,439,30,517
1130830,45,294,52,391
1130831,20,187,5,212
1130832,42,332,41,415
1130833,55,390,46,491
1130834,24,283,18,325
1130835,23,225,19,267
1130836,40,310,27,377
1130837,49,324,44,417
1130838,39,324,30,393
1130839,33,199,15,247
1130840,42,230,22,294
1130841,0,0,0,0
1130842,42,371,31,444
1130843,54,348,15,417
1130844,38,362,18,418
1130845,58,390,17,465
1130846,45,335,39,419
1130847,19,220,21,260
1130848,37,326,42,405
1130849,49,357,30,436
1130850,34,270,21,325
1130851,23,279,37,339
1130901,39,326,22,387
1130902,37,256,27,320
1130903,28,229,0,257
1130904,21,257,18,296
1130905,26,286,16,328
1130906,45,333,34,412
1130907,32,220,9,261
1130908,23,241,16,280
1130909,19,207,4,230
1130910,45,281,27,353
1130911,43,240,7,290
1130912,47,328,11,386
1130913,13,201,3,217
1130914,45,358,34,437
1130915,28,176,10,214
1130916,23,198,6,227
1130917,33,216,6,255
1130918,48,372,13,433
1130919,36,385,25,446
1130920,15,184,8,207
1130921,23,205,9,237
1130922,62,442,29,533
1130923,25,235,9,269
1130924,50,410,25,485
1130925,52,329,21,402
1130926,27,163,3,193
1130927,14,179,10,203
1130928,40,348,4,392
1130929,43,300,15,358
1130930,33,270,0,303
1130931,29,299,14,342
1130932,32,269,13,314
1130933,15,155,3,173
1130934,26,261,16,303
1130935,20,192,11,223
1130936,18,243,0,261
1131001,77,724,18,819
1131002,68,592,20,680
1131003,109,1242,60,1411
1131004,30,380,23,433
1131005,38,354,16,408
1131006,13,147,0,160
1131007,12,169,6,187
1131008,31,266,18,315
1131009,45,607,28,680
1131010,64,675,11,750
1131011,21,177,12,210
1131012,39,286,26,351
1131013,27,232,3,262
1131014,44,240,15,299
1131015,21,223,15,259
1131016,44,665,24,733
1131017,32,335,10,377
1131018,33,350,21,404
1131019,26,343,22,391
1131020,30,248,25,303
1131021,22,184,15,221
1131022,37,208,15,260
1131023,54,675,22,751
1131024,0,0,734,734
1131025,27,357,12,396
1131026,94,868,55,1017
1131027,22,277,15,314
1131028,95,1066,41,1202
1131029,54,453,10,517
1131030,35,300,17,352
1131031,76,874,43,993
1131101,71,424,18,513
1131102,42,350,29,421
1131103,42,401,21,464
1131104,49,407,18,474
1131105,41,298,18,357
1131106,17,135,3,155
1131107,40,225,18,283
1131108,31,313,13,357
1131109,19,296,18,333
1131110,27,291,13,331
1131111,31,214,6,251
1131112,41,322,18,381
1131113,3,77,18,98
1131114,33,379,31,443
1131115,28,264,18,310
1131116,47,556,32,635
1131117,35,258,14,307
1131118,47,347,16,410
1131119,27,171,9,207
1131120,22,283,21,326
1131121,50,356,18,424
1131122,17,259,16,292
1131123,27,316,21,364
1131124,36,389,19,444
1131125,27,209,9,245
1131126,38,294,21,353
1131127,52,305,15,372
1131128,32,214,11,257
1131129,24,273,14,311
1131130,23,251,9,283
1131131,33,280,14,327
1131132,26,182,15,223
1131133,25,325,26,376
1131134,26,160,15,201
1131135,44,192,11,247
1131136,25,196,6,227
1131137,40,317,17,374
1131138,36,277,14,327
1131139,43,279,12,334
1131140,53,373,14,440
1131141,18,161,14,193
1131142,17,201,3,221
1131143,36,252,12,300
1131144,26,262,21,309
1131145,45,362,29,436
1131146,24,239,15,278
1131147,17,192,6,215
1131148,24,224,17,265
1131149,15,232,37,284
1131150,33,257,14,304
1131151,42,375,34,451
1131152,35,305,22,362
1131153,36,381,10,427
1131154,12,188,11,211
1131155,36,326,16,378
1131156,44,369,25,438
1131157,37,311,8,356
1131158,59,454,18,531
1131201,14,146,8,168
1131202,45,429,42,516
1131203,24,99,25,148
1131204,44,234,42,320
1131205,45,259,47,351
1131206,30,198,23,251
1131207,39,205,25,269
1131208,47,216,32,295
1131209,38,249,41,328
1131210,49,311,40,400
1131211,27,141,28,196
1131212,13,115,15,143
1131213,30,221,34,285
1131214,21,234,21,276
1131215,46,298,22,366
1131216,33,156,18,207
1131217,34,278,24,336
1131218,36,185,16,237
1131219,18,166,20,204
1131220,31,266,28,325
1131221,0,6,3,9
1131222,33,250,36,319
1131223,46,203,10,259
1131224,29,208,24,261
1131225,0,0,0,0
1131226,46,383,28,457
1131227,40,273,31,344
1131228,15,134,30,179
1131229,42,215,26,283
1131230,28,210,19,257
1131231,55,244,7,306
1131232,44,305,34,383
1131233,34,252,21,307
1131301,27,114,23,164
1131302,15,120,27,162
1131303,49,312,43,404
1131304,49,275,60,384
1131305,39,262,30,331
1131306,36,224,32,292
1131307,30,215,31,276
1131308,22,141,15,178
1131309,48,235,32,315
1131310,26,286,51,363
1131311,21,179,38,238
1131312,23,176,32,231
1131313,16,146,27,189
1131314,47,273,24,344
1131315,20,142,37,199
1131316,22,127,35,184
1131317,49,221,44,314
1131318,47,262,77,386
1131319,30,207,18,255
1131320,38,268,30,336
1131321,24,163,23,210
1131322,37,222,13,272
1131323,24,164,60,248
1131324,0,0,0,0
1131325,36,236,91,363
1131326,17,114,18,149
1131327,35,344,31,410
1131328,49,314,16,379
1131329,0,0,0,0
1131330,30,145,25,200
1131331,0,0,0,0
1131332,27,231,50,308
1131333,42,237,41,320
1131334,24,154,7,185
1131335,47,236,29,312
1131336,60,314,52,426
1131337,25,195,21,241
1131338,25,223,27,275
1131339,28,165,24,217
1131340,11,113,23,147
1131341,29,194,33,256
1131342,48,278,45,371
1131343,20,130,28,178
1131344,0,0,0,0
1131345,39,238,35,312
1131346,40,192,43,275
1131347,50,295,44,389
1131348,38,216,19,273
1131349,35,270,30,335
1131350,70,350,35,455
1131351,31,234,18,283
1131352,19,118,16,153
1131401,33,288,6,327
1131402,31,309,43,383
1131403,23,257,5,285
1131404,28,252,16,296
1131405,30,319,16,365
1131406,32,264,21,317
1131407,33,265,21,319
1131408,37,302,21,360
1131409,30,168,14,212
1131410,27,177,12,216
1131411,36,325,34,395
1131412,31,247,14,292
1131413,23,215,24,262
1131414,13,173,22,208
1131415,37,274,33,344
1131416,10,229,14,253
1131417,39,310,25,374
1131418,0,0,0,0
1131419,25,221,9,255
1131420,0,3,0,3
1131421,0,6,0,6
1131422,29,204,6,239
1131423,25,219,0,244
1131501,19,232,0,251
1131502,26,207,19,252
1131503,19,174,5,198
1131504,53,323,25,401
1131505,26,289,22,337
1131506,48,420,30,498
1131507,0,0,0,0
1131508,39,215,6,260
1131509,23,167,21,211
1131510,39,210,18,267
1131511,25,160,16,201
1131512,45,295,33,373
1131513,32,233,55,320
1131514,32,394,49,475
1131515,20,261,34,315
1131516,28,348,32,408
1131517,37,294,22,353
1131518,43,265,29,337
1131519,15,206,25,246
1131520,39,355,71,465
1131521,39,228,16,283
1131522,37,289,42,368
1131523,39,346,44,429
1131524,42,313,24,379
1131525,33,294,9,336
1131526,15,148,18,181
1131527,38,247,11,296
1131528,49,228,16,293
1131529,41,277,21,339
1131530,52,252,12,316
1131531,18,171,6,195
1131532,33,243,14,290
1131533,30,324,25,379
1131534,26,154,22,202
1131535,50,352,34,436
1131536,39,201,18,258
1131537,54,358,24,436
1131538,27,234,6,267
1131539,41,286,13,340
1131540,43,233,26,302
1131541,19,213,16,248
1131542,24,267,31,322
1131543,44,313,7,364
1131544,41,375,30,446
1131545,14,238,30,282
1131546,36,262,39,337
1131601,0,0,0,0
1131602,16,100,25,141
1131603,15,124,19,158
1131604,117,958,50,1125
1131605,49,291,32,372
1131606,42,221,60,323
1131607,33,200,29,262
1131608,33,175,24,232
1131609,32,131,24,187
1131610,40,234,39,313
1131611,20,208,34,262
1131612,24,165,21,210
1131613,51,249,50,350
1131614,21,178,15,214
1131615,31,214,31,276
1131616,33,153,21,207
1131617,57,296,54,407
1131618,30,174,46,250
1131619,32,156,37,225
1131620,31,184,51,266
1131621,30,166,34,230
1131622,25,212,38,275
1131623,48,388,21,457
1131624,44,194,29,267
1131625,21,163,56,240
1131626,47,192,41,280
1131627,13,157,33,203
1131628,30,143,29,202
1131629,33,170,30,233
1131630,36,228,64,328
1131631,31,189,33,253
1131632,42,249,77,368
1131633,30,211,39,280
1131634,57,302,57,416
1131635,18,85,28,131
1131636,43,242,73,358
1131637,0,0,0,0
1131638,57,251,48,356
1131639,43,255,49,347
1131640,55,277,45,377
1131641,39,216,41,296
1131701,0,3,0,3
1131702,62,308,45,415
1131703,37,306,30,373
1131704,69,577,90,736
1131705,25,199,24,248
1131706,39,248,37,324
1131707,66,316,33,415
1131708,49,214,47,310
1131709,53,290,60,403
1131710,60,273,49,382
1131711,51,336,54,441
1131712,28,206,23,257
1131713,0,9,3,12
1131714,33,214,50,297
1131715,51,246,41,338
1131716,0,0,0,0
1131717,41,413,60,514
1131718,32,250,42,324
1131719,55,310,27,392
1131720,54,329,44,427
1131721,45,303,57,405
1131722,63,383,55,501
1131723,24,135,18,177
1131724,24,199,13,236
1131725,38,216,53,307
1131726,54,333,55,442
1131727,36,161,22,219
1131728,54,244,24,322
1131729,32,204,34,270
1131730,54,253,27,334
1131731,49,310,42,401
1131732,32,194,47,273
1131733,67,312,62,441
1131734,31,298,42,371
1131735,32,375,35,442
1131736,34,219,29,282
1131737,17,243,23,283
1131738,33,244,16,293
1131739,61,326,15,402
1131740,36,350,34,420
1131741,51,411,50,512
1131742,21,335,43,399
1131743,46,414,57,517
1131744,39,257,30,326
1131745,62,426,37,525
1131746,48,269,29,346
1131801,0,15,0,15
1131802,0,0,6,6
1131803,0,0,0,0
1131901,28,233,19,280
1131902,24,236,9,269
1131903,23,220,14,257
1131904,15,157,6,178
1131905,41,251,21,313
1131906,19,208,19,246
1131907,26,221,31,278
1131908,33,277,30,340
1131909,38,350,22,410
1131910,6,6,0,12
1131911,0,3,3,6
1131912,21,218,12,251
1131913,38,435,37,510
1131914,44,383,27,454
1131915,39,290,21,350
1131916,33,280,31,344
1131917,59,305,28,392
1131918,51,288,21,360
1131919,13,131,111,255
1131920,3,13,0,16
1131921,69,393,49,511
1131922,59,382,74,515
1131923,55,278,26,359
1131924,30,223,28,281
1131925,41,210,40,291
1131926,27,191,18,236
1131927,14,210,18,242
1131928,45,407,56,508
1131929,40,350,39,429
1131930,25,206,18,249
1131931,48,429,25,502
1131932,36,538,33,607
1131933,42,257,23,322
1131934,42,274,23,339
1131935,47,339,24,410
1131936,20,228,13,261
1131937,40,392,33,465
1131938,34,224,19,277
1131939,25,261,30,316
1131940,29,254,36,319
1131941,38,274,32,344
1131942,31,227,21,279
1131943,19,174,22,215
1131944,32,174,19,225
1131945,24,204,15,243
1131946,36,342,27,405
1131947,13,213,18,244
1131948,37,326,45,408
1132001,3,6,0,9
1132002,0,4,0,4
1132003,0,0,0,0
1132101,69,513,32,614
1132102,21,153,20,194
1132103,40,228,12,280
1132104,64,308,14,386
1132105,34,248,34,316
1132106,46,361,38,445
1132107,66,458,36,560
1132108,34,312,34,380
1132109,28,257,18,303
1132110,16,226,3,245
1132111,44,381,51,476
1132112,41,280,32,353
1132113,39,296,13,348
1132114,44,311,37,392
1132115,19,323,28,370
1132116,27,250,57,334
1132117,12,135,27,174
1132118,33,233,39,305
1132119,47,415,17,479
1132120,3,5,0,8
1132121,0,0,0,0
1132122,0,0,0,0
1132123,3,0,0,3
1132201,40,316,22,378
1132202,47,212,25,284
1132203,36,309,31,376
1132204,20,200,18,238
1132205,32,254,32,318
1132206,25,214,33,272
1132207,27,135,27,189
1132208,35,216,20,271
1132209,40,369,72,481
1132210,24,235,32,291
1132211,52,327,33,412
1132212,30,181,17,228
1132213,45,273,24,342
1132214,20,162,15,197
1132215,42,373,27,442
1132216,32,541,45,618
1132217,0,0,0,0
1132218,46,356,36,438
1132219,58,1248,122,1428
1132220,29,133,33,195
1132221,50,341,49,440
1132222,36,201,18,255
1132223,18,249,28,295
1132224,43,248,67,358
1132225,22,158,18,198
1132226,37,147,18,202
1132227,57,437,44,538
1132228,51,220,15,286
1132229,30,298,16,344
1132230,23,190,39,252
1132231,35,322,55,412
1132232,52,283,68,403
1132233,32,244,32,308
1132234,34,336,65,435
1132235,38,307,47,392
1132236,42,346,38,426
1132237,40,275,18,333
1132238,42,292,36,370
1132239,41,301,38,380
1132240,40,277,49,366
1132241,50,283,66,399
1132242,37,275,43,355
1132243,16,156,21,193
1132244,41,303,20,364
1132245,24,212,23,259
1132246,30,194,32,256
1132247,26,226,27,279
1132248,0,0,0,0
1132301,35,233,19,287
1132302,27,168,9,204
1132303,41,307,34,382
1132304,34,229,21,284
1132305,50,321,70,441
1132306,69,315,66,450
1132307,27,149,5,181
1132308,54,264,84,402
1132309,38,294,36,368
1132310,33,257,30,320
1132311,34,260,15,309
1132312,28,230,21,279
1132313,30,282,19,331
1132314,27,294,30,351
1132315,42,227,21,290
1132316,30,225,12,267
1132317,50,315,33,398
1132318,12,165,19,196
1132319,34,217,22,273
1132320,53,315,40,408
1132321,0,0,0,0
1132322,40,308,20,368
1132323,37,252,36,325
1132324,0,0,0,0
1132325,27,314,25,366
1132326,32,221,9,262
1132327,42,365,30,437
1132328,27,297,44,368
1132329,21,157,19,197
1132401,0,3,0,3
1132501,3,0,0,3
1132601,22,240,34,296
1132602,44,274,35,353
1132603,14,170,5,189
1132604,34,240,53,327
1132605,38,291,42,371
1132606,34,383,40,457
1132607,50,360,59,469
1132608,44,314,42,400
1132609,38,296,54,388
1132610,26,348,40,414
1132611,61,409,46,516
1132612,30,243,43,316
1132613,47,243,19,309
1132614,36,226,43,305
1132615,30,325,38,393
1132616,31,354,35,420
1132617,15,242,39,296
1132618,28,297,34,359
1132619,46,290,31,367
1132620,48,362,45,455
1132621,22,213,13,248
1132622,43,345,25,413
1132623,56,537,31,624
1132624,29,244,35,308
1132625,24,252,30,306
1132626,22,195,22,239
1132627,35,253,44,332
1132628,36,297,49,382
1132629,47,311,47,405
1132630,42,293,42,377
1132631,22,212,27,261
1132632,49,292,23,364
1132633,33,308,47,388
1132634,18,156,12,186
1132635,28,182,6,216
1132636,32,196,19,247
1132637,35,222,16,273
1132638,24,268,30,322
1132639,24,200,23,247
1132640,38,225,27,290
1132641,24,112,30,166
1132642,23,175,9,207
1132643,53,242,32,327
1132644,39,326,19,384
1132645,43,203,25,271
1132646,18,133,27,178
1132647,40,350,53,443
1132648,45,358,47,450
1132649,31,312,18,361
1132650,31,300,12,343
1132651,39,377,33,449
1132652,68,361,56,485
1132653,48,373,51,472
1132654,31,166,15,212
1132655,26,226,48,300
1132656,22,287,46,355
1132657,29,258,27,314
1132658,0,26,3,29
1132659,40,256,26,322
1132660,18,186,28,232
1132661,34,278,12,324
1132662,46,379,32,457
1132701,34,239,23,296
1132702,21,276,25,322
1132703,27,259,36,322
1132704,25,321,15,361
1132705,31,285,9,325
1132706,62,417,35,514
1132707,48,329,33,410
1132708,48,346,49,443
1132709,31,344,49,424
1132710,39,247,22,308
1132711,38,355,35,428
1132712,16,158,10,184
1132713,43,329,27,399
1132714,32,364,27,423
1132715,29,196,16,241
1132716,28,294,16,338
1132717,18,142,13,173
1132718,40,321,53,414
1132719,34,243,43,320
1132720,24,196,17,237
1132721,19,247,36,302
1132722,24,192,11,227
1132723,38,284,18,340
1132724,26,227,11,264
1132725,31,476,29,536
1132726,23,152,13,188
1132727,17,166,20,203
1132728,33,202,22,257
1132729,32,292,34,358
1132730,30,190,30,250
1132731,24,264,27,315
1132732,31,303,14,348
1132733,40,296,27,363
1132734,36,276,34,346
1132735,35,211,6,252
1132736,20,193,26,239
1132737,38,337,43,418
1132738,36,368,47,451
1132739,25,283,43,351
1132740,16,213,40,269
1132741,14,161,19,194
1132742,20,317,12,349
1132743,30,263,17,310
1132744,12,158,28,198
1132745,16,228,66,310
1132746,23,189,12,224
1132747,20,234,110,364
1132748,27,238,27,292
1132749,23,327,44,394
1132750,32,280,33,345
1132801,34,329,34,397
1132802,31,276,39,346
1132803,15,152,33,200
1132804,17,175,24,216
1132805,3,17,23,43
1132806,19,223,26,268
1132807,47,351,66,464
1132808,21,215,27,263
1132809,20,132,18,170
1132810,41,329,43,413
1132811,39,331,39,409
1132812,38,245,16,299
1132813,0,3,3,6
1132814,20,211,27,258
1132815,27,196,34,257
1132816,0,0,0,0
1132817,41,325,69,435
1132818,16,199,24,239
1132819,18,237,22,277
1132820,18,315,24,357
1132821,33,370,52,455
1132822,46,295,26,367
1132901,19,267,28,314
1132902,0,3,11,14
1132903,34,406,128,568
1132904,24,228,19,271
1132905,13,311,42,366
1132906,19,184,51,254
1132907,21,281,77,379
1132908,29,235,65,329
1132909,31,547,130,708
1132910,19,290,70,379
1132911,12,142,42,196
1132912,14,279,44,337
1132913,24,304,12,340
1132914,28,306,16,350
1132915,10,98,58,166
1132916,4,190,25,219
1132917,12,328,52,392
1132918,17,262,27,306
1132919,34,352,54,440
1132920,15,241,48,304
1132921,33,405,68,506
1132922,25,334,36,395
1132923,15,199,57,271
1132924,27,290,42,359
1132925,14,179,38,231
1132926,38,323,73,434
1132927,30,412,70,512
1132928,16,222,51,289
1133001,18,284,9,311
1133002,40,650,17,707
1133003,35,340,35,410
1133004,28,364,14,406
1133005,17,155,12,184
1133006,27,290,32,349
1133007,28,260,34,322
1133008,37,360,56,453
1133009,17,371,95,483
1133010,58,367,8,433
1133011,41,379,44,464
1133012,46,534,49,629
1133013,7,268,19,294
1133014,0,4,0,4
1133015,28,301,15,344
1133016,52,394,39,485
1133017,17,237,3,257
1133018,0,25,3,28
1133019,31,522,24,577
1133020,0,0,0,0
1133021,9,241,3,253
1133022,3,222,24,249
1133023,14,210,30,254
1133024,40,613,38,691
1133025,40,502,36,578
1133026,45,341,15,401
1133027,21,313,20,354
1133028,48,419,5,472
1133029,26,347,40,413
1133030,40,357,31,428
1133031,33,573,17,623
1133032,14,527,17,558
1133101,0,0,0,0
1133102,28,183,31,242
1133103,26,369,37,432
1133104,67,835,129,1031
1133105,28,255,27,310
1133106,40,209,82,331
1133107,13,206,58,277
1133108,49,222,58,329
1133109,18,243,39,300
1133110,20,194,18,232
1133111,27,348,41,416
1133112,16,222,22,260
1133113,28,315,31,374
1133114,26,307,33,366
1133115,12,309,55,376
1133116,50,305,15,370
1133117,44,401,53,498
1133118,41,373,23,437
1133119,33,306,53,392
1133120,41,316,40,397
1133121,21,282,24,327
1133122,19,207,24,250
1133123,28,302,48,378
1133124,36,406,24,466
1133125,24,238,15,277
1133126,40,441,41,522
1133127,34,298,58,390
1133128,0,0,0,0
1133129,15,185,25,225
1133130,52,359,95,506
1133131,58,335,56,449
1133132,34,287,47,368
1133133,33,356,86,475
1133134,27,263,68,358
1133135,37,249,30,316
1133136,31,296,23,350
1133137,24,202,66,292
1133138,28,221,22,271
1133139,28,311,16,355
1133140,16,278,36,330
1133141,21,289,43,353
1133142,30,310,25,365
1133201,23,309,67,399
1133202,51,928,162,1141
1133203,0,0,0,0
1133204,28,400,19,447
1133205,22,345,43,410
1133206,32,419,33,484
1133207,22,251,21,294
1133208,38,361,37,436
1133209,14,303,32,349
1133210,19,206,19,244
1133211,21,270,40,331
1133212,30,310,17,357
1133213,18,245,13,276
1133214,11,278,173,462
1133215,27,204,28,259
1133216,17,265,34,316
1133217,27,310,23,360
1133218,19,213,28,260
1133219,24,267,21,312
1133220,24,337,36,397
1133221,29,232,25,286
1133222,26,366,55,447
1133223,27,382,68,477
1133224,36,388,66,490
1133225,21,219,12,252
1133226,28,363,38,429
1133227,30,386,64,480
1133228,32,274,35,341
1133229,24,297,9,330
1133230,27,311,61,399
1133231,32,261,3,296
1133232,31,359,52,442
1133233,21,208,24,253
1133234,39,383,40,462
1133235,33,296,28,357
1133236,37,327,54,418
1133237,31,220,41,292
1133238,25,257,15,297
1133239,20,256,44,320
1133240,27,534,43,604
1133241,27,249,26,302
1133242,19,247,39,305
1133243,45,332,18,395
1133244,28,259,37,324
1133245,39,351,35,425
1133246,20,191,14,225
1133247,33,300,15,348
1133248,32,342,30,404
1133249,40,479,44,563
1133250,30,303,45,378
1133251,18,301,31,350
1133252,48,240,48,336
1133301,12,77,10,99
1133302,24,234,30,288
1133303,13,173,38,224
1133304,15,163,59,237
1133305,40,432,136,608
1133306,12,423,105,540
1133307,27,382,122,531
1133308,15,251,58,324
1133309,13,150,63,226
1133310,28,369,101,498
1133311,29,223,91,343
1133312,11,268,19,298
1133313,31,382,82,495
1133314,28,416,38,482
1133315,10,179,34,223
1133316,18,169,28,215
1133317,12,339,48,399
1133318,24,274,16,314
1133319,22,278,54,354
1133320,21,388,112,521
1133321,20,193,85,298
1133322,7,283,62,352
1133323,48,214,51,313
1133324,32,259,65,356
1133325,37,272,62,371
1133326,16,205,63,284
1133327,12,77,27,116
1133328,20,119,50,189
1133329,39,359,32,430
1133330,21,237,12,270
1133331,39,364,34,437
1133332,25,118,21,164
1133333,17,281,80,378
1133334,24,300,53,377
1133335,9,153,31,193
1133336,22,248,106,376
1133337,12,195,10,217
1133338,20,388,40,448
1133339,23,225,23,271
1133340,24,282,79,385
1133341,21,257,64,342
1133342,23,308,48,379
1133343,36,346,38,420
1133344,20,199,48,267
1133345,44,476,46,566
1133346,32,263,101,396
1133347,38,376,204,618
1133348,24,367,89,480
1133349,20,281,24,325
1133401,21,127,6,154
1133402,25,445,80,550
1133403,26,454,96,576
1133404,15,256,33,304
1133405,6,263,57,326
1133406,15,308,93,416
1133407,49,628,107,784
1133408,14,331,81,426
1133409,18,313,45,376
1133410,27,381,48,456
1133411,37,295,24,356
1133412,65,536,57,658
1133413,29,284,42,355
1133414,0,0,0,0
1133415,62,803,91,956
1133416,41,361,35,437
1133417,22,517,50,589
1133418,25,596,40,661
1133419,25,273,19,317
1133420,0,96,13,109
1133421,28,319,34,381
1133422,15,263,45,323
1133423,15,334,33,382
1133424,14,427,147,588
1133425,24,263,86,373
1133426,32,630,186,848
1133427,19,466,115,600
1133428,15,490,102,607
1133429,5,252,49,306
1133430,34,367,91,492
1133431,17,426,52,495
1133432,25,349,105,479
1133433,9,152,21,182
1133434,30,492,81,603
1133435,31,402,363,796
1133436,26,260,36,322
1133437,5,97,3,105
1133438,17,307,182,506
1133439,15,51,15,81
1133501,28,272,52,352
1133502,37,304,83,424
1133503,41,545,35,621
1133504,23,164,18,205
1133505,36,400,30,466
1133506,24,278,31,333
1133507,29,309,79,417
1133508,0,0,0,0
1133509,6,205,18,229
1133510,27,369,53,449
1133511,26,211,18,255
1133512,3,99,72,174
1133513,11,474,64,549
1133514,21,356,50,427
1133515,18,235,40,293
1133516,15,439,31,485
1133517,12,254,36,302
1133518,25,385,94,504
1133519,21,293,53,367
1133520,6,121,12,139
1133521,32,340,96,468
1133522,21,261,57,339
1133523,19,292,36,347
1133524,0,0,0,0
1133525,24,262,67,353
1133526,17,265,56,338
1133527,65,423,150,638
1133528,12,221,59,292
1133529,18,179,27,224
1133530,35,165,43,243
1133531,81,417,105,603
1133532,34,398,96,528
1133533,25,348,58,431
1133534,28,308,166,502
1133535,28,622,80,730
1133536,31,322,58,411
1133537,15,278,41,334
1133538,39,203,148,390
1133539,23,224,43,290
1133540,20,253,44,317
1133541,24,288,18,330
1133542,30,357,28,415
1133601,0,0,0,0
1133602,29,272,40,341
1133603,32,302,37,371
1133604,51,517,50,618
1133605,24,325,31,380
1133606,40,393,56,489
1133607,14,394,41,449
1133608,25,356,27,408
1133609,58,438,192,688
1133610,21,334,46,401
1133611,21,248,70,339
1133612,21,289,82,392
1133613,24,411,79,514
1133614,26,319,26,371
1133615,14,274,22,310
1133616,20,459,49,528
1133617,24,319,73,416
1133618,30,285,99,414
1133619,18,337,85,440
1133620,19,356,146,521
1133621,22,490,32,544
1133622,17,308,95,420
1133623,10,183,43,236
1133624,7,162,20,189
1133625,24,383,66,473
1133626,25,272,23,320
1133627,24,427,318,769
1133628,31,452,39,522
1133629,26,261,11,298
1133630,20,288,56,364
1133631,25,243,13,281
1133632,18,235,15,268
1133633,13,316,30,359
1133634,28,310,88,426
1133635,6,214,22,242
1133636,36,384,40,460
1133701,18,385,93,496
1133702,5,99,28,132
1133703,36,873,181,1090
1133704,15,113,99,227
1133705,8,296,126,430
1133706,28,387,57,472
1133707,13,446,320,779
1133708,12,238,49,299
1133709,15,667,217,899
1133710,15,418,55,488
1133711,29,600,129,758
1133712,66,1446,351,1863
1133713,0,0,0,0
1133714,23,449,112,584
1133715,46,825,93,964
1133716,28,518,92,638
1133717,25,295,122,442
1133718,14,413,241,668
1133719,52,475,117,644
1133720,0,3,3,6
1133721,57,1154,159,1370
1133722,28,228,42,298
1133723,27,182,21,230
1133724,23,197,71,291
1133725,19,144,34,197
1133726,39,171,97,307
1133727,12,47,46,105
1133728,5,44,17,66
1133729,16,174,101,291
1133730,3,51,16,70
1133731,0,0,0,0
1133732,0,0,0,0
1133733,15,261,60,336
1133734,15,347,118,480
1133735,4,182,62,248
1133736,16,326,107,449
1133737,11,563,168,742
1133738,46,666,130,842
1133739,0,0,0,0
1133740,12,146,43,201
1133741,0,0,0,0
1133742,43,530,124,697
1133743,15,206,49,270
1133744,18,243,87,348
1133745,0,0,0,0
1133746,4,191,72,267
1133747,17,368,86,471
1133748,3,137,92,232
1133749,17,256,190,463
1133750,0,0,0,0
1133751,26,283,75,384
1133752,7,126,53,186
1133801,20,181,56,257
1133802,63,322,171,556
1133803,20,454,27,501
1133804,34,308,94,436
1133805,42,197,76,315
1133806,27,110,34,171
1133807,43,740,96,879
1133808,24,240,28,292
1133809,23,356,62,441
1133810,12,213,14,239
1133811,25,379,58,462
1133812,15,66,13,94
1133813,26,295,56,377
1133814,34,324,61,419
1133815,18,190,10,218
1133816,20,226,37,283
1133817,34,391,72,497
1133818,18,372,46,436
1133819,0,3,0,3
1133820,57,875,121,1053
1133821,43,270,34,347
1133822,16,479,120,615
1133823,34,771,104,909
1133824,51,310,28,389
1133825,135,1164,296,1595
1133826,48,406,49,503
1133827,65,366,72,503
1133828,23,506,128,657
1133829,35,503,117,655
1133830,36,731,112,879
1133831,11,254,70,335
1133832,14,192,32,238
1133833,28,217,45,290
1133834,7,216,29,252
1133835,30,363,60,453
1133836,23,169,38,230
1133837,54,289,57,400
1133838,38,279,157,474
1133839,52,351,168,571
1133840,24,150,61,235
1133841,45,314,138,497
1133901,52,362,21,435
1133902,30,242,7,279
1133903,31,153,46,230
1133904,35,366,64,465
1133905,42,276,30,348
1133906,26,272,23,321
1133907,31,208,26,265
1133908,22,285,46,353
1133909,0,0,0,0
1133910,39,281,53,373
1133911,34,346,79,459
1133912,28,296,107,431
1133913,34,204,16,254
1133914,24,197,59,280
1133915,30,219,45,294
1133916,0,0,0,0
1133917,23,228,35,286
1133918,13,157,22,192
1133919,39,263,45,347
1133920,33,122,18,173
1133921,31,244,17,292
1133922,36,298,57,391
1133923,50,442,46,538
1133924,21,214,26,261
1133925,14,161,36,211
1133926,28,168,32,228
1133927,31,268,57,356
1133928,29,150,39,218
1133929,14,204,116,334
1133930,21,209,62,292
1133931,16,122,28,166
1133932,24,200,21,245
1133933,23,389,74,486
1133934,24,433,99,556
1133935,38,403,119,560
1133936,34,327,52,413
1133937,34,286,32,352
1133938,18,301,62,381
1133939,28,310,55,393
1133940,28,415,63,506
1133941,16,173,45,234
1133942,28,233,19,280
1133943,20,334,71,425
1133944,37,315,109,461
1133945,24,251,131,406
1133946,15,151,52,218
1133947,30,196,33,259
1134001,15,210,66,291
1134002,11,217,18,246
1134003,35,351,111,497
1134004,27,352,56,435
1134005,29,386,43,458
1134006,28,259,49,336
1134007,29,331,73,433
1134008,16,444,58,518
1134009,22,260,91,373
1134010,28,324,48,400
1134011,33,438,127,598
1134012,23,405,94,522
1134013,28,425,65,518
1134014,28,396,64,488
1134015,36,285,85,406
1134016,18,214,48,280
1134017,22,325,66,413
1134018,44,424,94,562
1134019,19,144,38,201
1134020,23,167,15,205
1134021,36,289,47,372
1134022,15,237,31,283
1134023,26,206,26,258
1134024,18,297,58,373
1134025,37,338,58,433
1134026,34,306,80,420
1134027,42,243,21,306
1134028,24,190,35,249
1134029,42,289,37,368
1134030,30,408,39,477
1134031,36,426,55,517
1134032,22,244,61,327
1134033,45,432,80,557
1134034,0,0,0,0
1134035,3,92,52,147
1134036,27,231,70,328
1134037,27,154,19,200
1134038,19,251,32,302
1134039,27,302,32,361
1134040,26,204,16,246
1134041,17,121,19,157
1134042,47,398,69,514
1134043,49,332,35,416
1134044,28,149,12,189
1134045,22,146,21,189
1134046,0,0,0,0
1134047,29,293,37,359
1134101,28,181,14,223
1134102,9,163,73,245
1134103,43,407,55,505
1134104,37,171,35,243
1134105,22,158,77,257
1134106,32,222,96,350
1134107,42,236,31,309
1134108,25,342,49,416
1134109,36,280,105,421
1134110,27,270,47,344
1134111,27,228,38,293
1134112,50,288,29,367
1134113,21,176,28,225
1134114,23,281,31,335
1134115,42,261,30,333
1134116,30,360,97,487
1134117,43,415,90,548
1134118,18,155,32,205
1134119,22,210,26,258
1134120,34,309,39,382
1134121,36,330,78,444
1134122,14,202,86,302
1134123,27,247,43,317
1134124,32,274,47,353
1134125,5,155,80,240
1134126,45,366,68,479
1134127,58,397,92,547
1134128,55,372,31,458
1134129,28,260,19,307
1134130,40,201,42,283
1134131,36,302,19,357
1134132,22,162,21,205
1134133,33,385,59,477
1134134,46,257,52,355
1134135,36,395,44,475
1134136,0,3,0,3
1134137,33,204,19,256
1134138,46,414,66,526
1134139,27,246,66,339
1134201,0,0,0,0
1134301,35,239,60,334
1134302,49,406,62,517
1134303,28,327,53,408
1134304,33,338,43,414
1134305,38,216,67,321
1134306,44,242,64,350
1134307,69,418,69,556
1134308,57,501,65,623
1134309,24,239,17,280
1134310,9,88,33,130
1134311,23,263,59,345
1134312,41,352,32,425
1134313,47,299,53,399
1134314,33,240,35,308
1134315,25,204,30,259
1134316,46,221,41,308
1134317,40,319,135,494
1134318,21,199,24,244
1134319,47,269,65,381
1134320,21,255,61,337
1134321,46,214,37,297
1134322,19,297,189,505
1134323,22,145,35,202
1134324,34,322,71,427
1134325,29,274,83,386
1134326,11,240,46,297
1134327,37,351,45,433
1134328,42,291,27,360
1134329,25,243,10,278
1134330,22,207,33,262
1134331,53,275,42,370
1134332,46,366,79,491
1134333,51,276,16,343
1134334,18,118,27,163
1134335,40,335,113,488
1134336,24,247,49,320
1134337,35,236,35,306
1134338,52,357,69,478
1134339,28,223,16,267
1134340,31,315,40,386
1134341,23,149,31,203
1134342,36,203,27,266
1134343,24,232,38,294
1134344,31,133,24,188
1134345,40,197,12,249
1134346,56,324,27,407
1134347,62,427,73,562
1134348,45,260,63,368
1134349,57,313,148,518
1134350,36,243,18,297
1134351,41,216,29,286
1134352,28,249,47,324
1134353,52,287,23,362
1134354,23,220,93,336
1134355,28,381,64,473
1134356,49,457,79,585
1134357,28,236,33,297
1134401,48,464,25,537
1134402,25,240,21,286
1134403,39,295,31,365
1134404,37,304,34,375
1134405,43,276,13,332
1134406,34,345,31,410
1134407,34,334,37,405
1134408,39,312,35,386
1134409,31,265,49,345
1134410,16,208,25,249
1134411,25,243,27,295
1134412,65,471,63,599
1134413,34,226,24,284
1134414,20,267,42,329
1134415,36,240,14,290
1134416,42,256,15,313
1134417,32,213,15,260
1134418,66,350,28,444
1134419,30,245,20,295
1134420,26,174,27,227
1134421,48,229,21,298
1134422,65,310,27,402
1134423,43,214,9,266
1134424,61,376,45,482
1134501,33,370,66,469
1134502,32,389,41,462
1134503,28,256,30,314
1134504,27,317,29,373
1134505,38,355,41,434
1134506,17,211,53,281
1134507,37,332,58,427
1134508,33,319,70,422
1134509,34,324,62,420
1134510,44,240,53,337
1134511,25,173,28,226
1134512,49,370,26,445
1134513,17,190,16,223
1134514,0,0,0,0
1134515,0,0,0,0
1134516,43,305,27,375
1134517,14,206,22,242
1134518,25,301,18,344
1134519,31,278,87,396
1134520,34,414,64,512
1134521,33,224,32,289
1134522,3,0,0,3
1134523,30,279,33,342
1134524,24,308,53,385
1134525,14,188,28,230
1134526,30,372,14,416
1134527,25,269,64,358
1134528,26,309,40,375
1134529,45,314,81,440
1134530,31,368,85,484
1134531,29,285,54,368
1134532,22,85,6,113
1134533,31,266,25,322
1134534,33,230,34,297
1134535,44,471,97,612
1134536,25,287,48,360
1134537,27,343,55,425
1134601,32,202,56,290
1134602,20,197,18,235
1134603,33,222,43,298
1134604,23,205,18,246
1134605,36,157,29,222
1134606,65,321,26,412
1134607,0,0,0,0
1134608,37,233,17,287
1134609,50,351,24,425
1134610,22,203,32,257
1134611,0,0,0,0
1134612,40,309,38,387
1134613,28,267,35,330
1134614,26,148,22,196
1134615,31,186,41,258
1134616,41,211,32,284
1134617,46,298,33,377
1134618,57,390,60,507
1134619,0,0,0,0
1134620,52,495,65,612
1134621,42,246,13,301
1134622,43,198,29,270
1134623,34,176,15,225
1134624,43,278,16,337
1134625,42,289,30,361
1134626,35,258,56,349
1134627,36,241,55,332
1134628,40,341,41,422
1134629,7,149,24,180
1134630,43,269,26,338
1134631,25,171,30,226
1134632,48,241,59,348
1134701,56,286,71,413
1134702,49,286,61,396
1134703,22,222,35,279
1134704,55,388,34,477
1134705,54,409,44,507
1134706,39,411,57,507
1134707,45,232,17,294
1134708,50,351,30,431
1134709,26,208,34,268
1134710,55,280,16,351
1134711,18,193,28,239
1134712,35,233,45,313
1134713,29,297,52,378
1134714,44,369,37,450
1134715,26,222,35,283
1134716,30,303,35,368
1134717,24,152,11,187
1134801,62,382,76,520
1134802,27,273,34,334
1134803,32,367,39,438
1134804,69,395,85,549
1134805,21,172,10,203
1134806,26,309,44,379
1134807,26,311,24,361
1134808,18,146,27,191
1134809,20,161,25,206
1134810,30,245,21,296
1134811,39,304,41,384
1134812,37,188,18,243
1134813,34,329,57,420
1134814,54,371,21,446
1134815,31,203,18,252
1134816,38,333,21,392
1134817,57,273,18,348
1134818,38,180,6,224
1134819,30,312,24,366
1134820,22,274,95,391
1134821,50,299,43,392
1134822,31,154,3,188
1134823,35,376,57,468
1134824,34,361,63,458
1134825,37,210,17,264
1134826,28,277,22,327
1134827,41,296,70,407
1134828,27,167,12,206
1134829,38,176,30,244
1134830,33,370,42,445
1134831,23,251,18,292
1134832,27,378,31,436
1134833,23,303,61,387
1134834,25,227,18,270
1134835,30,336,32,398
1134836,27,296,35,358
1134837,36,204,19,259
1134838,22,386,47,455
1134839,38,344,22,404
1134840,26,261,37,324
1134841,16,348,58,422
1134842,55,483,70,608
1134843,29,410,41,480
1134844,21,289,33,343
1134845,40,418,75,533
1134846,32,294,32,358
1134847,36,270,15,321
1134848,32,194,23,249
1134849,33,248,34,315
1134850,15,172,18,205
1134851,34,218,23,275
1134852,19,173,21,213
1134853,19,122,24,165
1134854,40,173,43,256
1134855,0,58,3,61
1134856,21,154,11,186
1134857,28,163,12,203
1134858,19,154,18,191
1134859,43,263,79,385
1134860,22,149,21,192
1134901,39,119,10,168
1134902,33,237,9,279
1134903,27,362,50,439
1134904,35,363,94,492
1134905,18,199,46,263
1134906,3,164,50,217
1134907,40,563,27,630
1134908,19,111,4,134
1134909,43,373,31,447
1134910,36,297,30,363
1134911,0,0,0,0
1134912,40,323,38,401
1134913,29,241,20,290
1134914,27,402,63,492
1134915,44,266,15,325
1134916,37,272,40,349
1134917,30,261,27,318
1134918,40,238,42,320
1134919,26,342,47,415
1134920,31,269,28,328
1134921,28,235,19,282
1134922,26,275,18,319
1134923,35,271,17,323
1134924,51,407,30,488
1134925,28,436,58,522
1134926,36,260,59,355
1134927,21,466,34,521
1134928,18,383,55,456
1134929,26,328,98,452
1134930,34,243,36,313
1134931,50,281,43,374
1134932,46,310,22,378
1134933,50,305,26,381
1134934,34,240,15,289
1134935,25,366,61,452
1134936,54,697,125,876
1134937,20,345,29,394
1134938,34,393,60,487
1134939,13,271,32,316
1134940,70,1660,70,1800
1134941,30,187,23,240
1134942,45,425,45,515
1134943,50,356,41,447
1134944,47,303,22,372
1134945,23,178,12,213
1134946,32,189,29,250
1134947,45,326,52,423
1134948,31,448,39,518
1134949,20,179,23,222
1134950,35,249,7,291
1134951,34,457,47,538
1134952,30,358,30,418
1134953,17,230,8,255
1134954,33,448,17,498
1134955,26,620,81,727
1134956,20,291,37,348
1134957,20,299,29,348
1134958,8,312,39,359
1134959,27,236,30,293
1135001,43,250,25,318
1135002,31,297,34,362
1135003,50,372,33,455
1135004,44,203,21,268
1135005,57,420,34,511
1135006,63,305,22,390
1135007,9,53,12,74
1135008,24,256,21,301
1135009,28,254,46,328
1135010,39,238,23,300
1135011,43,241,28,312
1135012,50,260,37,347
1135013,42,308,78,428
1135014,36,166,12,214
1135015,50,247,24,321
1135016,91,787,201,1079
1135017,33,282,47,362
1135018,26,291,24,341
1135019,36,184,39,259
1135020,65,335,55,455
1135021,52,364,25,441
1135022,33,258,21,312
1135023,31,326,28,385
1135024,0,12,0,12
1135025,0,0,0,0
1135026,0,0,0,0
1135027,30,162,16,208
1135028,0,94,1305,1399
1135029,59,281,77,417
1135030,43,256,15,314
1135031,43,212,70,325
1135032,48,265,55,368
1135033,44,242,18,304
1135034,32,156,9,197
1135035,53,325,66,444
1135036,38,223,27,288
1135037,49,299,27,375
1135038,67,318,33,418
1135039,50,336,20,406
1135040,50,323,25,398
1135041,28,265,12,305
1135042,33,221,35,289
1135043,38,200,23,261
1135044,46,299,21,366
1135045,63,411,75,549
1135046,48,449,51,548
1135047,17,189,15,221
1135048,60,363,41,464
1135101,31,179,70,280
1135102,37,145,43,225
1135103,39,248,13,300
1135104,38,231,48,317
1135105,27,262,39,328
1135106,38,332,49,419
1135107,39,282,21,342
1135108,28,242,36,306
1135109,0,0,0,0
1135110,34,266,52,352
1135111,30,228,32,290
1135112,43,280,22,345
1135113,38,273,50,361
1135114,7,216,20,243
1135115,47,378,48,473
1135116,50,377,23,450
1135117,53,374,15,442
1135118,35,255,30,320
1135119,48,252,18,318
1135120,44,312,33,389
1135121,26,258,15,299
1135122,17,198,22,237
1135123,42,252,15,309
1135124,49,348,48,445
1135125,25,181,17,223
1135126,33,358,65,456
1135127,54,486,42,582
1135128,36,234,9,279
1135129,44,278,42,364
1135130,17,336,46,399
1135131,42,306,38,386
1135132,40,296,35,371
1135133,27,361,43,431
1135134,34,259,30,323
1135135,38,318,13,369
1135136,45,259,29,333
1135137,36,311,20,367
1135138,60,313,37,410
1135139,49,261,14,324
1135140,48,270,29,347
1135141,33,181,22,236
1135142,26,283,18,327
1135143,52,240,49,341
1135144,55,299,26,380
1135145,46,211,51,308
1135146,49,582,42,673
1135147,37,213,56,306
1135148,47,391,36,474
1135149,64,322,20,406
1135150,35,221,23,279
1135151,44,271,65,380
1135152,51,438,95,584
1135153,45,228,51,324
1135154,33,199,43,275
1135155,33,264,47,344
1135156,46,758,216,1020
1135157,16,228,35,279
1135158,47,506,70,623
1135159,51,272,25,348
1135160,32,363,80,475
1135161,43,360,59,462
1135162,30,323,53,406
1135163,33,259,13,305
1135164,40,418,78,536
1135165,36,325,69,430
1135166,30,210,19,259
1135167,35,216,23,274
1135201,0,39,9,48
1135202,28,236,26,290
1135203,19,272,18,309
1135204,24,225,23,272
1135205,33,529,88,650
1135206,24,413,35,472
1135207,31,172,13,216
1135208,26,141,18,185
1135209,19,251,83,353
1135210,22,342,39,403
1135211,45,256,15,316
1135212,21,169,27,217
1135213,39,327,46,412
1135214,13,171,24,208
1135215,43,287,31,361
1135216,25,96,15,136
1135217,50,415,39,504
1135218,21,268,24,313
1135219,17,262,31,310
1135220,38,317,41,396
1135221,10,267,33,310
1135222,32,488,50,570
1135223,22,333,43,398
1135224,13,210,24,247
1135225,36,360,33,429
1135226,27,300,35,362
1135227,39,378,46,463
1135228,18,197,29,244
1135229,26,278,41,345
1135230,35,469,65,569
1135231,28,276,36,340
1135232,27,274,32,333
1135233,3,203,15,221
1135234,48,389,33,470
1135235,25,210,24,259
1135236,36,289,35,360
1135237,22,225,15,262
1135238,36,342,26,404
1135239,30,256,29,315
1135240,29,278,28,335
1135241,8,243,44,295
1135242,39,411,40,490
1135243,29,148,24,201
1135244,34,274,25,333
1135245,45,351,38,434
1135246,18,282,27,327
1135247,43,339,27,409
1135248,31,221,9,261
1135249,35,369,20,424
1135250,36,286,14,336
1135251,23,155,20,198
1135252,30,222,32,284
1135253,22,262,35,319
1135254,25,200,12,237
1135255,25,289,34,348
1135256,30,419,38,487
1135257,32,241,20,293
1135258,25,162,15,202
1135259,75,423,48,546
1135260,29,257,29,315
1135261,44,527,25,596
1135262,35,304,40,379
1135263,33,366,47,446
1135264,54,327,42,423
1135265,34,338,51,423
1135266,28,307,23,358
1135267,52,304,29,385
1135268,19,206,30,255
1135301,16,175,33,224
1135302,0,0,0,0
1135303,56,297,34,387
1135304,59,430,28,517
1135305,41,260,46,347
1135306,0,0,0,0
1135307,40,181,44,265
1135308,0,9,0,9
1135309,16,130,32,178
1135310,119,774,184,1077
1135311,37,379,63,479
1135312,36,236,24,296
1135313,40,204,21,265
1135314,18,169,35,222
1135315,33,238,21,292
1135316,39,281,40,360
1135317,50,369,50,469
1135318,37,312,55,404
1135319,34,303,69,406
1135320,43,413,81,537
1135321,54,317,40,411
1135322,42,230,27,299
1135323,36,246,14,296
1135324,53,309,11,373
1135325,35,231,20,286
1135326,58,335,66,459
1135327,32,246,23,301
1135328,60,337,36,433
1135329,31,217,29,277
1135330,36,269,28,333
1135331,44,306,35,385
1135332,38,277,92,407
1135333,56,228,36,320
1135334,23,189,99,311
1135335,14,214,40,268
1135336,57,444,74,575
1135337,35,224,18,277
1135338,36,274,77,387
1135339,64,450,117,631
1135340,26,163,14,203
1135341,0,0,0,0
1135342,49,308,64,421
1135343,14,151,34,199
1135344,0,0,3,3
1135345,0,3,0,3
1135346,0,0,0,0
1135347,27,168,30,225
1135348,44,236,19,299
1135349,39,256,28,323
1135350,59,398,65,522
1135351,41,384,73,498
1135352,49,314,30,393
1135353,35,291,52,378
1135354,66,374,59,499
1135355,40,327,22,389
1135356,58,429,90,577
1135357,56,470,81,607
1135358,11,204,38,253
1135359,0,7,0,7
1135360,0,3,0,3
1135361,35,146,21,202
1135362,33,194,91,318
1135363,30,249,58,337
1135364,51,313,42,406
1135365,60,337,30,427
1135366,44,298,21,363
1135367,25,227,53,305
1135368,34,248,39,321
1135369,0,16,14,30
1135370,53,330,47,430
1135371,35,459,63,557
1135372,48,250,35,333
1135401,49,266,18,333
1135402,59,232,27,318
1135403,68,318,30,416
1135404,44,195,18,257
1135405,27,211,13,251
1135406,55,297,23,375
1135407,35,141,13,189
1135408,46,191,13,250
1135409,43,249,41,333
1135410,54,269,58,381
1135411,30,190,12,232
1135412,24,397,45,466
1135413,66,302,50,418
1135414,51,250,48,349
1135415,78,391,64,533
1135416,0,0,0,0
1135417,31,214,18,263
1135418,32,287,55,374
1135419,52,371,32,455
1135420,30,245,25,300
1135421,58,316,47,421
1135422,71,329,38,438
1135423,0,6,9,15
1135424,37,236,19,292
1135425,37,168,30,235
1135426,24,286,13,323
1135427,64,360,42,466
1135428,34,242,24,300
1135429,25,166,12,203
1135430,19,133,12,164
1135431,28,205,27,260
1135432,35,178,21,234
1135433,27,198,3,228
1135434,27,227,12,266
1135435,43,333,30,406
1135436,38,233,16,287
1135437,0,0,0,0
1135438,20,151,8,179
1135439,50,283,31,364
1135440,43,211,11,265
1135441,37,232,38,307
1135442,28,213,34,275
1135443,35,228,31,294
1135444,42,271,24,337
1135445,42,313,65,420
1135446,35,240,27,302
1135447,33,184,34,251
1135448,21,223,21,265
1135449,19,128,0,147
1135450,36,288,33,357
1135451,19,279,47,345
1135452,46,208,18,272
1135453,40,160,21,221
1135454,36,138,9,183
1135501,0,0,0,0
1135502,0,0,0,0
1135601,0,0,0,0
1135602,0,0,0,0
1135603,36,193,12,241
1135604,0,14,3,17
1135605,0,4,0,4
1135606,51,306,27,384
1135607,34,202,9,245
1135608,44,287,40,371
1135609,80,304,48,432
1135610,56,351,47,454
1135611,44,361,38,443
1135612,53,267,79,399
1135613,48,352,55,455
1135614,48,250,44,342
1135615,46,287,39,372
1135616,18,196,31,245
1135617,25,187,28,240
1135618,59,309,34,402
1135619,41,329,46,416
1135620,0,0,0,0
1135621,35,255,29,319
1135622,0,0,0,0
1135623,41,276,29,346
1135624,36,279,32,347
1135625,32,206,46,284
1135626,25,200,53,278
1135627,52,205,17,274
1135628,47,225,42,314
1135629,21,160,17,198
1135701,45,283,29,357
1135702,37,203,34,274
1135703,28,218,42,288
1135704,26,215,21,262
1135705,23,201,18,242
1135706,66,407,37,510
1135707,33,197,14,244
1135708,65,327,58,450
1135709,48,217,22,287
1135710,33,213,27,273
1135711,62,378,49,489
1135712,58,384,54,496
1135713,33,293,25,351
1135714,25,197,10,232
1135715,39,208,30,277
1135716,60,362,15,437
1135717,35,165,18,218
1135718,35,246,61,342
1135719,22,147,23,192
1135720,27,214,22,263
1135721,44,295,45,384
1135722,42,229,22,293
1135723,32,272,40,344
1135724,25,195,33,253
1135725,44,282,30,356
1135726,75,284,32,391
1135727,35,276,21,332
1135728,84,371,41,496
1135729,42,297,34,373
1135730,43,224,21,288
1135731,32,286,27,345
1135732,43,305,22,370
1135733,81,361,42,484
1135734,47,280,31,358
1135735,55,302,44,401
1135736,49,321,32,402
1135737,45,222,11,278
1135738,49,331,37,417
1135739,53,270,45,368
1135740,31,222,23,276
1135741,36,234,44,314
1135742,40,226,35,301
1135743,30,197,15,242
1135744,37,232,12,281
1135745,34,225,25,284
1135746,42,191,35,268
1135747,33,176,37,246
1135748,29,215,25,269
1135749,0,0,0,0
1135750,48,375,47,470
1135751,17,119,21,157
1135752,36,244,21,301
1135753,33,283,40,356
1135754,36,137,14,187
1135755,36,126,13,175
1135756,25,152,26,203
1135757,15,150,24,189
1135758,13,144,186,343
1135801,40,272,30,342
1135802,15,173,18,206
1135803,39,308,30,377
1135804,68,414,39,521
1135805,36,233,11,280
1135806,0,0,0,0
1135807,24,175,13,212
1135808,44,391,15,450
1135809,36,344,26,406
1135810,63,365,33,461
1135811,37,254,18,309
1135812,25,200,27,252
1135813,41,171,8,220
1135814,58,308,18,384
1135815,26,265,19,310
1135816,57,340,28,425
1135817,0,3,3,6
1135818,28,252,23,303
1135819,45,236,30,311
1135820,40,341,29,410
1135821,50,320,21,391
1135822,22,188,26,236
1135823,51,355,51,457
1135824,25,173,26,224
1135825,8,61,3,72
1135826,27,194,42,263
1135827,45,319,39,403
1135828,46,307,10,363
1135829,35,344,7,386
1135830,47,255,12,314
1135831,36,298,30,364
1135832,18,186,24,228
1135833,48,220,9,277
1135834,46,360,27,433
1135835,0,0,0,0
1135836,37,266,39,342
1135837,24,160,19,203
1135838,29,293,49,371
1135839,46,298,40,384
1135840,32,203,20,255
1135841,46,208,15,269
1135842,60,325,37,422
1135901,35,303,27,365
1135902,30,182,21,233
1135903,44,249,22,315
1135904,26,229,11,266
1135905,51,335,12,398
1135906,31,240,18,289
1135907,49,287,37,373
1135908,48,289,23,360
1135909,34,201,15,250
1135910,0,0,0,0
1135911,48,331,15,394
1135912,47,239,18,304
1135913,41,212,4,257
1135914,35,242,21,298
1135915,52,346,33,431
1135916,33,256,17,306
1135917,49,219,24,292
1135918,32,259,25,316
1135919,48,275,34,357
1135920,25,154,32,211
1135921,32,223,8,263
1135922,0,0,0,0
1135923,62,404,29,495
1135924,49,355,28,432
1135925,66,299,18,383
1135926,72,360,28,460
1135927,63,217,13,293
1135928,42,236,18,296
1135929,29,243,21,293
1135930,59,303,11,373
1135931,38,255,31,324
1135932,52,323,18,393
1135933,70,285,26,381
1135934,68,358,54,480
1135935,40,361,37,438
1135936,42,250,0,292
1135937,39,295,36,370
1135938,25,209,18,252
1135939,32,258,12,302
1135940,25,212,11,248
1135941,0,5,0,5
1135942,42,319,18,379
1135943,41,255,12,308
1135944,48,241,6,295
1135945,54,346,9,409
1135946,41,268,18,327
1135947,46,325,32,403
1135948,23,237,22,282
1135949,67,358,27,452
1135950,29,266,30,325
1135951,28,186,13,227
1135952,0,0,0,0
1135953,33,212,25,270
1135954,75,393,17,485
1135955,62,254,25,341
1135956,45,319,18,382
1135957,51,285,33,369
1135958,27,209,49,285
1135959,50,304,21,375
1135960,60,315,46,421
1135961,30,199,16,245
1136001,54,313,40,407
1136002,35,353,19,407
1136003,40,327,25,392
1136004,39,237,32,308
1136005,41,257,32,330
1136006,36,197,10,243
1136007,40,274,25,339
1136008,38,241,31,310
1136009,42,292,17,351
1136010,33,224,89,346
1136011,32,181,15,228
1136012,33,217,48,298
1136013,36,179,48,263
1136014,57,357,40,454
1136015,31,179,21,231
1136016,51,368,27,446
1136017,56,314,13,383
1136018,63,367,63,493
1136019,59,420,52,531
1136020,30,140,19,189
1136021,30,223,8,261
1136022,38,229,37,304
1136023,45,185,48,278
1136024,32,319,58,409
1136025,31,154,24,209
1136026,49,304,9,362
1136027,51,410,39,500
1136028,31,170,24,225
1136029,72,415,32,519
1136030,42,248,35,325
1136031,20,184,10,214
1136032,63,289,33,385
1136033,59,304,16,379
1136034,32,234,11,277
1136035,31,341,39,411
1136101,30,215,23,268
1136102,0,0,0,0
1136103,32,179,25,236
1136104,57,375,19,451
1136105,35,184,37,256
1136106,35,235,23,293
1136107,53,261,48,362
1136108,56,321,59,436
1136109,33,216,51,300
1136110,38,165,32,235
1136111,19,113,29,161
1136112,37,278,54,369
1136113,46,268,37,351
1136114,41,299,44,384
1136115,37,300,66,403
1136116,47,182,37,266
1136117,54,372,80,506
1136118,31,232,51,314
1136119,18,231,30,279
1136120,32,236,36,304
1136121,33,258,21,312
1136122,49,350,48,447
1136123,30,369,87,486
1136124,46,295,30,371
1136125,34,169,37,240
1136126,45,308,29,382
1136127,51,310,43,404
1136128,53,205,34,292
1136129,32,218,11,261
1136130,32,218,12,262
1136131,28,214,15,257
1136132,37,301,47,385
1136133,38,254,16,308
1136134,53,388,48,489
1136135,35,243,23,301
1136136,20,238,27,285
1136137,38,240,31,309
1136138,41,269,20,330
1136139,37,177,23,237
1136140,55,281,26,362
1136141,36,207,33,276
1136142,49,423,46,518
1136143,26,189,18,233
1136144,22,166,47,235
1136145,42,225,37,304
1136146,40,219,38,297
1136201,11,151,6,168
1136202,39,151,9,199
1136203,41,225,47,313
1136204,35,247,31,313
1136205,38,289,8,335
1136206,29,239,55,323
1136207,36,328,45,409
1136208,27,233,27,287
1136209,42,310,26,378
1136210,44,236,24,304
1136211,63,279,33,375
1136212,68,328,53,449
1136213,69,290,36,395
1136214,34,173,29,236
1136215,32,224,77,333
1136216,42,270,27,339
1136217,45,263,28,336
1136218,44,240,22,306
1136219,37,348,48,433
1136220,46,259,6,311
1136221,45,312,41,398
1136222,33,262,34,329
1136223,48,314,80,442
1136224,37,262,45,344
1136225,51,322,40,413
1136226,43,321,27,391
1136227,62,388,20,470
1136228,48,393,34,475
1136229,43,309,44,396
1136230,43,338,36,417
1136231,38,248,35,321
1136232,61,369,43,473
1136233,42,284,18,344
1136234,37,243,30,310
1136235,79,440,74,593
1136236,30,181,14,225
1136237,32,122,34,188
1136238,38,317,49,404
1136239,62,341,68,471
1136240,34,172,60,266
1136241,21,139,10,170
1136242,9,174,37,220
1136243,12,272,59,343
1136301,27,183,12,222
1136302,58,362,30,450
1136303,51,365,29,445
1136304,45,331,34,410
1136305,35,272,54,361
1136306,26,261,29,316
1136307,30,283,45,358
1136308,44,353,52,449
1136309,35,358,44,437
1136310,45,278,34,357
1136311,41,254,34,329
1136312,24,222,20,266
1136313,28,262,27,317
1136314,26,160,32,218
1136315,44,293,33,370
1136316,42,296,39,377
1136317,29,231,34,294
1136318,51,356,38,445
1136319,33,341,39,413
1136320,34,386,31,451
1136321,28,271,21,320
1136322,39,297,32,368
1136323,24,234,41,299
1136324,32,367,33,432
1136325,30,271,17,318
1136326,23,235,35,293
1136327,23,447,33,503
1136328,56,296,47,399
1136329,32,371,57,460
1136330,25,339,37,401
1136331,24,227,36,287
1136332,29,204,57,290
1136333,25,237,33,295
1136334,22,230,27,279
1136335,35,356,39,430
1136336,58,416,60,534
1136337,34,270,29,333
1136338,29,265,22,316
1136339,20,164,18,202
1136340,27,272,31,330
1136341,33,287,40,360
1136342,51,295,40,386
1136343,24,224,18,266
1136344,67,378,39,484
1136345,59,349,48,456
1136346,42,360,35,437
1136347,41,297,34,372
1136348,0,3,0,3
1136349,26,192,9,227
1136350,32,308,34,374
1136351,31,291,75,397
1136352,20,160,13,193
1136353,28,187,64,279
1136354,31,207,21,259
1136355,28,206,48,282
1136356,23,164,0,187
1136357,11,218,24,253
1136358,29,319,127,475
1136359,21,182,23,226
1136360,16,189,31,236
1136361,20,141,18,179
1136362,26,182,32,240
1136363,34,242,34,310
1136364,32,204,12,248
1136365,38,264,19,321
1136366,18,133,15,166
1136367,22,149,24,195
1136401,33,182,15,230
1136402,55,345,43,443
1136403,56,385,17,458
1136404,23,167,13,203
1136405,64,255,30,349
1136406,60,363,39,462
1136407,53,289,26,368
1136408,20,158,10,188
1136409,35,155,12,202
1136410,28,169,16,213
1136411,44,196,12,252
1136412,35,265,39,339
1136413,36,290,24,350
1136414,50,298,23,371
1136415,59,311,33,403
1136416,53,362,27,442
1136417,74,259,17,350
1136418,32,178,33,243
1136419,13,167,17,197
1136420,28,263,18,309
1136421,30,201,18,249
1136422,67,261,33,361
1136423,40,217,38,295
1136424,41,175,11,227
1136425,31,144,3,178
1136426,26,202,10,238
1136427,38,196,14,248
1136428,43,356,48,447
1136429,0,0,0,0
1136430,59,306,49,414
1136431,46,365,21,432
1136432,34,202,18,254
1136433,61,357,43,461
1136434,40,187,15,242
1136435,52,309,18,379
1136436,70,415,30,515
1136437,45,272,17,334
1136438,49,446,56,551
1136439,40,240,12,292
1136440,54,360,55,469
1136441,47,236,42,325
1136442,36,256,24,316
1136443,25,227,14,266
1136444,50,286,15,351
1136445,42,221,16,279
1136446,53,362,27,442
1136447,68,355,30,453
1136448,23,140,11,174
1136449,45,349,34,428
1136450,49,335,38,422
1136451,26,144,25,195
1136452,46,285,30,361
1136453,26,140,22,188
1136454,21,160,6,187
1136455,32,163,10,205
1136456,47,273,9,329
1136457,40,210,19,269
1136458,44,182,29,255
1136501,57,385,89,531
1136502,44,373,46,463
1136503,17,234,36,287
1136504,51,324,56,431
1136505,41,293,42,376
1136506,25,227,43,295
1136507,38,225,34,297
1136508,22,242,86,350
1136509,32,250,18,300
1136510,22,182,51,255
1136511,45,436,54,535
1136512,47,281,30,358
1136513,57,304,82,443
1136514,32,249,64,345
1136515,38,326,78,442
1136516,9,157,50,216
1136517,22,149,33,204
1136518,48,360,104,512
1136519,54,344,59,457
1136520,34,296,28,358
1136521,30,239,14,283
1136522,43,318,42,403
1136523,40,288,39,367
1136524,19,263,43,325
1136525,42,275,43,360
1136526,21,248,31,300
1136527,27,225,29,281
1136528,56,307,56,419
1136529,29,303,50,382
1136530,55,307,62,424
1136531,45,211,73,329
1136532,49,408,80,537
1136533,25,278,35,338
1136534,45,243,39,327
1136535,30,303,27,360
1136536,48,346,54,448
1136537,42,299,52,393
1136538,46,242,41,329
1136539,40,190,35,265
1136540,36,303,38,377
1136541,35,237,32,304
1136542,48,347,55,450
1136543,29,218,65,312
1136544,19,310,155,484
1136545,31,235,57,323
1136546,43,164,35,242
1136547,34,271,38,343
1136548,58,347,29,434
1136549,49,419,58,526
1136550,31,274,30,335
1136551,42,244,41,327
1136552,25,163,29,217
1136601,32,207,31,270
1136602,41,333,60,434
1136603,42,304,72,418
1136604,46,272,43,361
1136605,27,207,23,257
1136606,40,281,32,353
1136607,38,251,33,322
1136608,24,188,32,244
1136609,60,309,61,430
1136610,31,240,79,350
1136611,40,234,59,333
1136612,33,270,42,345
1136613,37,185,61,283
1136614,20,165,49,234
1136615,72,261,36,369
1136616,43,203,49,295
1136617,30,189,24,243
1136618,46,252,61,359
1136619,13,133,84,230
1136620,10,237,64,311
1136621,71,358,43,472
1136622,41,166,29,236
1136623,42,263,38,343
1136624,47,298,67,412
1136625,32,197,22,251
1136626,35,287,64,386
1136627,33,278,21,332
1136628,26,204,9,239
1136629,45,290,34,369
1136630,40,192,35,267
1136631,43,225,29,297
1136632,42,269,71,382
1136633,29,144,22,195
1136634,36,240,36,312
1136635,41,227,40,308
1136636,50,317,53,420
1136637,34,259,41,334
1136638,42,329,25,396
1136639,39,196,15,250
1136640,51,212,21,284
1136641,0,4,0,4
1136642,51,317,32,400
1136643,29,250,23,302
1136644,3,9,0,12
1136645,33,264,46,343
1136646,19,218,22,259
1136647,17,176,18,211
1136648,31,168,22,221
1136701,42,261,12,315
1136702,55,338,46,439
1136703,30,209,23,262
1136704,59,307,15,381
1136705,21,107,10,138
1136706,20,212,31,263
1136707,56,271,41,368
1136708,44,240,10,294
1136709,43,211,32,286
1136710,13,181,50,244
1136711,45,264,30,339
1136712,49,264,122,435
1136713,60,397,53,510
1136714,38,241,30,309
1136715,32,257,62,351
1136716,29,267,66,362
1136717,47,293,27,367
1136718,57,343,30,430
1136719,34,245,33,312
1136720,67,377,42,486
1136721,43,332,52,427
1136722,38,309,40,387
1136723,44,342,58,444
1136724,38,391,55,484
1136725,42,307,34,383
1136726,45,315,52,412
1136727,64,366,52,482
1136728,40,319,49,408
1136801,27,147,21,195
1136802,38,233,22,293
1136803,25,366,19,410
1136804,28,385,9,422
1136805,18,192,21,231
1136806,57,427,29,513
1136807,27,315,22,364
1136808,39,432,14,485
1136809,56,303,37,396
1136810,58,305,25,388
1136811,41,246,19,306
1136812,46,357,38,441
1136813,48,279,15,342
1136814,43,282,12,337
1136815,55,379,31,465
1136816,25,235,18,278
1136817,41,689,50,780
1136818,46,239,32,317
1136819,33,323,49,405
1136820,31,410,41,482
1136821,38,261,17,316
1136822,12,289,21,322
1136823,9,202,21,232
1136824,48,330,23,401
1136825,28,358,40,426
1136826,51,428,28,507
1136827,38,216,15,269
1136828,51,307,19,377
1136829,42,500,32,574
1136830,46,321,30,397
1136831,38,360,42,440
1136832,54,517,56,627
1136833,42,273,43,358
1136834,48,314,13,375
1136835,52,337,38,427
1136836,31,203,27,261
1136837,36,226,17,279
1136838,21,241,24,286
1136839,43,298,22,363
1136840,39,315,38,392
1136841,56,351,24,431
1136842,51,268,22,341
1136843,62,509,29,600
1136901,34,164,3,201
1136902,61,275,27,363
1136903,32,353,29,414
1136904,0,0,0,0
1136905,23,251,6,280
1136906,34,350,43,427
1136907,36,431,23,490
1136908,34,374,29,437
1136909,46,350,21,417
1136910,44,395,23,462
1136911,47,322,31,400
1136912,40,291,17,348
1136913,49,235,31,315
1136914,75,395,16,486
1136915,38,215,26,279
1136916,48,252,21,321
1136917,36,297,9,342
1136918,64,328,26,418
1136919,39,260,23,322
1136920,17,178,24,219
1136921,25,448,30,503
1136922,50,335,25,410
1136923,57,306,24,387
1136924,43,241,30,314
1136925,32,326,21,379
1136926,37,366,25,428
1136927,62,498,34,594
1136928,57,488,60,605
1136929,50,464,49,563
1136930,26,351,40,417
1136931,30,269,21,320
1136932,33,253,26,312
1136933,50,553,30,633
1136934,27,208,18,253
1136935,45,347,30,422
1136936,67,299,21,387
1136937,51,423,43,517
1136938,40,286,24,350
1136939,45,272,29,346
1136940,24,237,10,271
1136941,38,221,15,274
1136942,56,340,8,404
1136943,22,192,12,226
1136944,29,267,7,303
1136945,60,382,22,464
1136946,57,322,12,391
1136947,0,0,0,0
1136948,49,295,9,353
1136949,19,142,12,173
1136950,64,317,11,392
1137001,31,110,21,162
1137002,44,279,17,340
1137003,32,204,13,249
1137004,48,221,41,310
1137005,16,236,40,292
1137006,52,258,54,364
1137007,22,316,42,380
1137008,25,218,58,301
1137009,41,252,23,316
1137010,52,321,28,401
1137011,44,397,48,489
1137012,38,207,36,281
1137013,30,147,3,180
1137014,31,303,75,409
1137015,28,265,39,332
1137016,22,212,82,316
1137017,32,292,23,347
1137018,54,371,31,456
1137019,58,497,51,606
1137020,39,266,38,343
1137021,34,258,18,310
1137022,21,250,9,280
1137023,38,243,31,312
1137024,65,336,33,434
1137025,63,332,15,410
1137026,55,440,52,547
1137027,43,211,15,269
1137028,44,289,30,363
1137029,42,270,11,323
1137030,23,302,61,386
1137101,28,173,9,210
1137102,46,210,13,269
1137103,33,171,5,209
1137104,47,249,9,305
1137105,51,220,26,297
1137106,19,216,27,262
1137107,58,372,25,455
1137108,61,413,27,501
1137109,40,337,33,410
1137110,68,318,33,419
1137111,43,316,11,370
1137112,53,268,13,334
1137113,31,292,18,341
1137114,31,287,24,342
1137115,46,288,37,371
1137116,34,205,16,255
1137117,30,145,6,181
1137118,62,287,18,367
1137119,41,269,13,323
1137120,64,307,15,386
1137121,35,268,31,334
1137122,41,222,21,284
1137123,41,133,5,179
1137124,18,136,3,157
1137125,34,245,20,299
1137126,49,361,28,438
1137127,40,273,29,342
1137128,38,266,18,322
1137129,27,242,12,281
1137130,32,242,18,292
1137131,33,166,3,202
1137201,85,361,13,459
1137202,56,315,31,402
1137203,49,286,15,350
1137204,3,20,9,32
1137205,30,213,15,258
1137206,51,373,24,448
1137207,49,279,12,340
1137208,55,275,18,348
1137209,0,6,0,6
1137210,16,352,45,413
1137211,39,230,16,285
1137212,43,234,24,301
1137213,49,337,27,413
1137214,47,274,26,347
1137215,35,196,26,257
1137216,66,332,63,461
1137217,21,112,32,165
1137218,54,418,32,504
1137219,36,414,24,474
1137220,37,228,14,279
1137221,48,334,28,410
1137222,40,188,27,255
1137223,51,303,16,370
1137224,37,187,18,242
1137225,33,188,10,231
1137226,26,197,6,229
1137227,25,240,33,298
1137228,25,194,30,249
1137229,47,225,4,276
1137230,64,378,15,457
1137231,45,324,12,381
1137232,71,331,30,432
1137233,19,204,15,238
1137234,35,250,21,306
1137235,25,279,33,337
1137236,44,215,13,272
1137237,49,295,23,367
1137238,39,381,21,441
1137239,37,206,26,269
1137240,26,246,23,295
1137241,28,218,11,257
1137242,34,198,6,238
1137243,49,158,4,211
1137244,29,243,0,272
1137245,38,201,4,243
1137301,19,207,51,277
1137302,61,383,55,499
1137303,48,355,47,450
1137304,55,416,66,537
1137305,24,190,21,235
1137306,34,211,30,275
1137307,0,0,0,0
1137308,25,151,38,214
1137309,48,244,54,346
1137310,18,109,48,175
1137311,0,0,0,0
1137312,25,238,73,336
1137313,44,228,74,346
1137314,35,174,51,260
1137315,0,0,0,0
1137316,62,404,46,512
1137317,44,259,43,346
1137318,42,379,35,456
1137319,47,315,58,420
1137320,20,170,28,218
1137321,24,248,24,296
1137322,42,285,45,372
1137323,33,333,44,410
1137324,57,267,88,412
1137325,44,347,67,458
1137401,27,318,23,368
1137402,37,450,30,517
1137403,26,259,20,305
1137404,24,185,19,228
1137405,26,182,12,220
1137406,68,491,53,612
1137407,33,222,12,267
1137408,35,329,24,388
1137409,30,237,21,288
1137410,25,269,16,310
1137411,15,206,13,234
1137412,30,163,20,213
1137413,43,325,25,393
1137414,38,285,31,354
1137415,34,170,12,216
1137416,40,402,36,478
1137417,65,349,32,446
1137418,41,323,38,402
1137419,31,247,3,281
1137420,13,320,25,358
1137421,65,384,19,468
1137422,32,313,32,377
1137423,31,236,32,299
1137424,29,172,39,240
1137425,28,321,39,388
1137426,27,232,25,284
1137427,34,401,23,458
1137428,20,256,18,294
1137429,46,462,44,552
1137430,51,329,22,402
1137431,28,161,9,198
1137432,27,171,18,216
1137433,50,285,21,356
1137434,38,265,14,317
1137435,30,168,12,210
1137436,37,258,21,316
1137437,48,363,27,438
1137438,42,227,20,289
1137439,49,318,24,391
1137440,24,139,12,175
1137441,35,261,26,322
1137442,72,345,26,443
1137443,23,259,14,296
1137444,29,174,15,218
1137445,50,278,15,343
1137446,45,313,32,390
1137447,36,270,27,333
1137448,39,211,22,272
1137449,43,278,7,328
1137450,24,160,15,199
1137451,15,116,18,149
1137452,54,296,15,365
1137453,0,0,0,0
1137454,30,205,30,265
1137455,43,201,15,259
1137456,40,191,9,240
1137457,48,297,9,354
1137458,50,292,27,369
1137501,42,276,12,330
1137502,56,359,12,427
1137503,52,322,47,421
1137504,32,174,18,224
1137505,59,438,72,569
1137506,18,171,21,210
1137507,43,231,50,324
1137508,0,0,0,0
1137509,37,512,67,616
1137510,45,370,54,469
1137511,40,309,35,384
1137512,51,290,26,367
1137513,37,309,47,393
1137514,47,356,42,445
1137515,16,119,20,155
1137516,20,549,50,619
1137517,3,25,3,31
1137518,47,323,48,418
1137519,48,841,64,953
1137520,31,256,51,338
1137521,0,0,0,0
1137522,33,308,38,379
1137523,50,217,14,281
1137524,45,226,18,289
1137525,37,179,36,252
1137526,36,226,38,300
1137527,24,240,34,298
1137528,43,233,37,313
1137529,27,196,21,244
1137530,27,139,6,172
1137531,43,318,34,395
1137532,37,298,44,379
1137533,51,253,24,328
1137534,39,338,51,428
1137535,35,211,62,308
1137601,34,220,14,268
1137602,50,339,29,418
1137603,47,273,24,344
1137604,38,210,35,283
1137605,34,286,14,334
1137606,36,356,43,435
1137607,33,171,22,226
1137608,62,456,62,580
1137609,10,134,9,153
1137610,40,278,26,344
1137611,17,162,15,194
1137612,11,195,9,215
1137613,21,226,21,268
1137614,50,449,25,524
1137615,49,318,38,405
1137616,47,397,45,489
1137617,44,371,42,457
1137618,29,240,43,312
1137619,25,282,72,379
1137620,43,256,33,332
1137621,42,158,7,207
1137622,26,171,7,204
1137623,27,201,18,246
1137624,62,325,18,405
1137625,45,344,21,410
1137626,58,340,15,413
1137627,63,400,32,495
1137628,49,303,23,375
1137629,31,212,29,272
1137630,51,411,33,495
1137631,33,273,21,327
1137632,52,353,30,435
1137633,45,364,29,438
1137634,45,265,35,345
1137635,45,281,26,352
1137636,41,363,49,453
1137637,23,204,17,244
1137638,50,371,51,472
1137639,51,295,28,374
1137640,64,325,45,434
1137641,42,406,41,489
1137642,24,374,38,436
1137643,42,252,39,333
1137644,50,289,27,366
1137645,37,276,26,339
1137646,27,136,15,178
1137647,29,322,42,393
1137648,48,310,22,380
1137649,46,242,12,300
1137650,24,216,34,274
1137651,41,291,44,376
1137652,30,225,29,284
1137653,44,268,21,333
1137654,42,280,41,363
1137655,36,241,26,303
1137656,54,339,18,411
1137657,26,325,28,379
1137701,30,227,18,275
1137702,18,183,17,218
1137703,21,159,3,183
1137704,31,242,47,320
1137705,46,225,12,283
1137706,30,158,31,219
1137707,48,293,18,359
1137708,39,223,26,288
1137709,30,176,13,219
1137710,33,217,20,270
1137711,15,150,13,178
1137712,29,192,13,234
1137713,34,185,19,238
1137714,50,263,13,326
1137715,39,237,30,306
1137716,34,186,9,229
1137717,49,178,4,231
1137718,45,252,13,310
1137719,59,257,27,343
1137720,21,164,10,195
1137721,49,257,56,362
1137722,53,345,44,442
1137723,46,207,47,300
1137724,33,277,24,334
1137725,43,209,28,280
1137726,17,161,12,190
1137727,64,387,30,481
1137728,41,264,9,314
1137729,54,401,14,469
1137730,38,269,11,318
1137731,28,150,6,184
1137732,46,168,15,229
1137733,24,254,15,293
1137734,39,213,11,263
1137801,29,157,29,215
1137802,37,357,43,437
1137803,29,305,40,374
1137804,24,195,35,254
1137805,46,295,32,373
1137806,43,344,62,449
1137807,24,260,32,316
1137808,53,270,17,340
1137809,0,0,0,0
1137810,20,231,26,277
1137811,52,282,27,361
1137812,0,0,0,0
1137813,37,316,36,389
1137814,25,142,10,177
1137815,0,3,0,3
1137816,42,257,18,317
1137817,31,320,35,386
1137818,24,189,18,231
1137819,33,323,59,415
1137820,21,153,4,178
1137821,36,221,25,282
1137822,42,355,37,434
1137823,13,185,30,228
1137824,15,196,6,217
1137825,31,335,40,406
1137826,65,434,61,560
1137827,27,270,43,340
1137901,24,220,15,259
1137902,42,384,43,469
1137903,52,409,30,491
1137904,52,500,38,590
1137905,24,244,18,286
1137906,35,383,40,458
1137907,69,395,36,500
1137908,40,226,21,287
1137909,31,173,19,223
1137910,32,212,16,260
1137911,21,202,15,238
1137912,58,540,19,617
1137913,27,302,28,357
1137914,20,173,44,237
1137915,38,316,56,410
1137916,17,129,12,158
1137917,45,248,21,314
1137918,48,359,33,440
1137919,56,417,37,510
1137920,39,294,30,363
1137921,39,344,33,416
1137922,30,196,9,235
1137923,58,286,34,378
1137924,40,181,9,230
1137925,47,279,30,356
1137926,0,0,3,3
1137927,40,151,5,196
1137928,18,165,8,191
1137929,27,228,15,270
1137930,51,271,24,346
1137931,45,185,16,246
1137932,29,219,19,267
1137933,42,334,24,400
1137934,30,306,33,369
1137935,27,326,24,377
1137936,30,211,4,245
1137937,38,169,12,219
1138001,48,272,43,363
1138002,47,314,36,397
1138003,31,178,13,222
1138004,31,167,30,228
1138005,50,206,15,271
1138006,38,218,35,291
1138007,26,243,24,293
1138008,49,259,29,337
1138009,58,319,21,398
1138010,69,369,28,466
1138011,52,400,45,497
1138012,25,119,4,148
1138013,21,214,19,254
1138014,44,320,64,428
1138015,18,159,16,193
1138016,27,170,38,235
1138017,45,345,66,456
1138018,37,395,44,476
1138019,50,289,41,380
1138020,52,292,63,407
1138021,32,198,40,270
1138022,35,287,39,361
1138023,37,403,67,507
1138024,37,287,53,377
1138025,26,206,22,254
1138026,48,382,66,496
1138027,55,349,35,439
1138028,45,311,44,400
1138029,32,227,14,273
1138030,54,272,23,349
1138031,65,231,30,326
1138032,28,169,19,216
1138101,24,216,54,294
1138102,15,251,23,289
1138103,19,253,48,320
1138104,31,373,48,452
1138105,41,442,90,573
1138106,13,196,17,226
1138107,21,156,13,190
1138108,18,136,26,180
1138109,45,278,37,360
1138110,37,168,11,216
1138111,37,358,31,426
1138112,22,197,65,284
1138113,28,236,28,292
1138114,34,260,22,316
1138115,0,0,0,0
1138116,39,204,41,284
1138117,49,306,43,398
1138118,44,388,61,493
1138119,46,515,169,730
1138120,27,113,26,166
1138121,35,251,71,357
1138122,23,203,29,255
1138123,58,575,99,732
1138124,29,362,47,438
1138125,16,206,20,242
1138126,16,305,46,367
1138127,21,211,32,264
1138128,0,12,0,12
1138129,16,269,34,319
1138130,36,689,60,785
1138131,42,328,44,414
1138132,28,246,48,322
1138133,40,454,51,545
1138134,51,426,39,516
1138135,29,187,12,228
1138136,33,217,34,284
1138137,58,318,28,404
1138138,28,265,41,334
1138139,0,11,4,15
1138140,19,251,25,295
1138141,12,214,11,237
1138142,16,199,19,234
1138143,22,138,21,181
1138144,37,282,32,351
1138145,25,283,62,370
1138146,20,159,38,217
1138147,43,269,28,340
1138201,29,146,3,178
1138202,28,262,32,322
1138203,47,278,28,353
1138204,30,141,19,190
1138205,47,274,17,338
1138206,56,286,23,365
1138207,43,427,55,525
1138208,46,314,46,406
1138209,37,236,29,302
1138210,39,242,14,295
1138211,38,250,30,318
1138212,45,236,41,322
1138213,25,125,21,171
1138214,50,300,47,397
1138215,31,214,15,260
1138216,17,158,12,187
1138217,41,300,34,375
1138218,21,192,19,232
1138219,28,269,14,311
1138220,45,270,16,331
1138221,44,190,14,248
1138222,52,347,53,452
1138223,43,215,41,299
1138224,56,347,33,436
1138225,34,289,27,350
1138226,25,198,29,252
1138227,38,236,40,314
1138228,28,287,19,334
1138229,79,428,36,543
1138230,41,316,30,387
1138231,46,164,7,217
1138232,31,184,30,245
1138233,38,229,26,293
1138234,36,269,39,344
1138235,37,254,27,318
1138236,62,302,37,401
1138237,30,193,9,232
1138238,31,233,25,289
1138239,30,151,18,199
1138301,36,410,57,503
1138302,48,267,18,333
1138303,0,0,0,0
1138304,32,178,23,233
1138305,0,0,0,0
1138306,48,317,12,377
1138307,44,356,24,424
1138308,38,229,19,286
1138309,39,252,36,327
1138310,34,252,22,308
1138311,37,227,21,285
1138312,54,300,20,374
1138313,37,215,12,264
1138314,62,353,42,457
1138315,61,300,24,385
1138316,33,200,9,242
1138317,28,191,3,222
1138318,13,143,15,171
1138319,33,364,36,433
1138320,61,539,44,644
1138321,30,264,26,320
1138322,40,298,28,366
1138323,35,308,24,367
1138324,32,291,19,342
1138325,56,352,15,423
1138326,53,327,21,401
1138327,35,208,3,246
1138328,47,298,36,381
1138329,60,379,42,481
1138330,51,344,29,424
1138331,66,281,49,396
1138332,0,0,0,0
1138333,46,246,21,313
1138334,63,322,38,423
1138335,48,351,43,442
1138336,0,0,0,0
1138337,45,334,24,403
1138338,54,292,24,370
1138339,32,237,14,283
1138340,67,384,20,471
1138341,31,263,31,325
1138342,21,134,18,173
1138343,20,165,18,203
1138344,67,494,42,603
1138345,33,261,21,315
1138346,0,0,0,0
1138347,44,299,32,375
1138348,38,331,29,398
1138349,46,393,49,488
1138401,31,196,18,245
1138402,48,276,42,366
1138403,23,212,15,250
1138404,10,147,3,160
1138405,0,0,0,0
1138406,28,215,13,256
1138407,60,369,36,465
1138408,42,362,13,417
1138409,22,213,16,251
1138410,33,280,29,342
1138411,31,247,11,289
1138412,0,26,0,26
1138413,0,0,0,0
1138414,0,0,0,0
1138415,18,168,30,216
1138416,146,2145,270,2561
1138417,20,223,35,278
1138418,50,285,28,363
1138419,57,329,24,410
1138420,47,242,17,306
1138421,21,233,23,277
1138422,19,197,29,245
1138423,22,316,18,356
1138424,60,624,55,739
1138425,41,901,160,1102
1138426,0,0,0,0
1138427,48,547,306,901
1138428,31,243,0,274
1138429,40,248,16,304
1138430,31,228,24,283
1138431,39,278,23,340
1138432,3,36,19,58
1138433,51,278,30,359
1138434,54,393,50,497
1138435,51,307,24,382
1138436,52,277,19,348
1138437,30,240,33,303
1138438,43,262,29,334
1138439,31,603,126,760
1138440,0,45,7,52
1138501,23,292,70,385
1138502,30,230,16,276
1138503,36,324,67,427
1138504,50,322,53,425
1138505,27,306,40,373
1138506,36,274,34,344
1138507,42,362,70,474
1138508,32,285,23,340
1138509,43,245,18,306
1138510,31,171,121,323
1138511,31,228,21,280
1138512,52,260,21,333
1138513,38,282,30,350
1138514,56,241,9,306
1138515,27,151,21,199
1138516,31,246,24,301
1138517,32,241,10,283
1138518,45,242,21,308
1138519,45,398,15,458
1138520,44,266,35,345
1138521,21,287,49,357
1138522,31,223,31,285
1138523,37,308,71,416
1138524,39,241,23,303
1138525,34,230,16,280
1138526,29,277,19,325
1138527,49,297,22,368
1138528,45,367,33,445
1138529,30,263,36,329
1138530,24,175,3,202
1138531,47,288,28,363
1138532,39,246,25,310
1138533,34,226,10,270
1138534,24,245,32,301
1138535,41,267,19,327
1138536,33,234,36,303
1138537,35,326,51,412
1138538,45,304,20,369
1138539,32,165,12,209
1138540,56,332,24,412
1138541,34,215,18,267
1138542,40,338,53,431
1138543,41,355,18,414
1138601,51,203,21,275
1138602,42,222,11,275
1138603,63,397,44,504
1138604,67,305,39,411
1138605,23,244,10,277
1138606,35,256,25,316
1138607,54,335,39,428
1138608,22,203,15,240
1138609,55,372,47,474
1138610,37,173,11,221
1138611,41,329,22,392
1138612,0,0,0,0
1138613,44,339,32,415
1138614,25,197,19,241
1138615,44,278,23,345
1138616,45,410,21,476
1138617,32,289,18,339
1138618,32,246,21,299
1138619,0,6,0,6
1138620,52,250,15,317
1138621,21,156,9,186
1138622,41,227,23,291
1138623,38,319,34,391
1138624,41,275,45,361
1138625,22,160,25,207
1138626,23,266,26,315
1138627,25,176,6,207
1138628,48,332,32,412
1138629,50,324,33,407
1138630,29,161,7,197
1138631,0,0,0,0
1138632,49,261,27,337
1138633,44,278,38,360
1138634,31,385,44,460
1138635,34,279,32,345
1138636,69,360,11,440
1138637,45,312,24,381
1138638,48,341,31,420
1138639,21,288,16,325
1138640,48,654,49,751
1138641,21,152,16,189
1138642,16,219,3,238
1138643,30,209,20,259
1138644,41,288,9,338
1138645,32,293,18,343
1138646,53,299,67,419
1138647,28,148,4,180
1138648,24,224,29,277
1138649,35,267,20,322
1138650,46,250,21,317
1138701,27,293,34,354
1138702,11,160,6,177
1138703,25,136,13,174
1138704,35,292,26,353
1138705,12,294,18,324
1138706,45,306,35,386
1138707,24,180,13,217
1138708,35,397,32,464
1138709,46,347,56,449
1138710,28,332,42,402
1138711,17,204,9,230
1138712,17,292,38,347
1138713,17,196,21,234
1138714,55,377,41,473
1138715,25,206,19,250
1138716,41,292,58,391
1138717,41,225,41,307
1138718,35,276,15,326
1138719,33,201,19,253
1138720,20,306,38,364
1138721,42,320,31,393
1138722,21,193,13,227
1138723,32,266,33,331
1138724,0,0,0,0
1138725,22,199,37,258
1138726,37,322,28,387
1138727,27,227,8,262
1138728,15,260,16,291
1138729,53,273,12,338
1138730,0,0,0,0
1138731,47,389,12,448
1138732,32,296,16,344
1138733,25,196,4,225
1138734,40,250,18,308
1138735,17,149,14,180
1138736,44,427,34,505
1138737,57,316,29,402
1138738,0,0,0,0
1138739,25,207,21,253
1138740,36,189,31,256
1138741,19,169,17,205
1138742,36,242,17,295
1138801,40,289,24,353
1138802,36,259,21,316
1138803,25,209,26,260
1138804,31,246,23,300
1138805,40,261,21,322
1138806,37,287,17,341
1138807,24,287,21,332
1138808,32,303,16,351
1138809,34,277,27,338
1138810,40,403,57,500
1138811,16,283,27,326
1138812,26,379,19,424
1138813,26,242,10,278
1138814,24,183,14,221
1138815,34,325,27,386
1138816,31,207,14,252
1138817,45,453,32,530
1138818,27,251,26,304
1138819,31,362,32,425
1138820,38,256,29,323
1138821,28,299,31,358
1138822,50,559,54,663
1138823,35,277,134,446
1138824,44,393,51,488
1138825,35,269,9,313
1138826,22,254,33,309
1138827,37,355,44,436
1138828,61,281,17,359
1138829,54,443,29,526
1138830,43,395,59,497
1138831,27,264,32,323
1138832,23,263,18,304
1138833,46,290,45,381
1138834,44,314,24,382
1138835,32,310,29,371
1138836,26,261,15,302
1138837,33,419,36,488
1138838,58,472,43,573
1138839,34,195,18,247
1138840,30,219,27,276
1138841,26,210,22,258
1138842,44,434,40,518
1138843,50,300,40,390
1138844,43,171,9,223
1138845,35,329,21,385
1138846,36,313,17,366
1138847,20,252,4,276
1138848,54,291,14,359
1138849,47,312,15,374
1138850,14,165,18,197
1138851,31,257,11,299
1138852,40,388,20,448
1138853,31,303,21,355
1138854,33,435,39,507
1138855,24,334,52,410
1138901,4,9,0,13
1138902,48,297,15,360
1138903,59,364,42,465
1138904,32,356,28,416
1138905,0,0,0,0
1138906,39,363,16,418
1138907,32,386,41,459
1138908,36,317,27,380
1138909,0,3,0,3
1138910,3,50,17,70
1138911,47,402,14,463
1138912,50,388,39,477
1138913,54,421,24,499
1138914,45,350,91,486
1138915,34,355,44,433
1138916,49,403,28,480
1138917,46,404,22,472
1138918,32,326,16,374
1138919,33,434,34,501
1138920,19,243,26,288
1138921,39,342,10,391
1138922,27,285,52,364
1138923,28,331,46,405
1138924,34,374,39,447
1138925,27,261,19,307
1138926,26,281,13,320
1138927,19,263,31,313
1138928,41,349,22,412
1138929,27,267,17,311
1138930,46,348,13,407
1139001,53,329,27,409
1139002,38,339,30,407
1139003,34,260,22,316
1139004,28,314,19,361
1139005,36,401,34,471
1139006,15,156,31,202
1139007,32,360,113,505
1139008,39,353,68,460
1139009,34,325,35,394
1139010,27,274,28,329
1139011,32,366,40,438
1139012,35,349,20,404
1139013,46,386,33,465
1139014,20,295,25,340
1139015,25,354,20,399
1139016,39,392,21,452
1139017,41,287,10,338
1139018,25,298,32,355
1139019,29,257,21,307
1139020,36,352,33,421
1139021,28,227,26,281
1139022,21,212,27,260
1139023,19,212,7,238
1139024,31,207,28,266
1139025,36,349,162,547
1139026,34,267,34,335
1139027,36,257,63,356
1139028,45,264,49,358
1139029,66,385,36,487
1139030,42,188,12,242
1139031,57,440,28,525
1139032,46,283,31,360
1139033,64,431,47,542
1139034,27,368,36,431
1139035,45,351,17,413
1139036,40,465,35,540
1139037,37,369,29,435
1139038,46,243,42,331
1139039,35,297,15,347
1139040,21,254,22,297
1139041,29,200,59,288
1139042,19,463,118,600
1139043,17,292,29,338
1139044,28,255,45,328
1139045,28,354,33,415
1139046,23,228,18,269
1139047,19,297,53,369
1139048,16,246,22,284
1139049,31,224,23,278
1139050,15,177,40,232
1139051,31,301,22,354
1139052,27,268,23,318
1139053,24,147,12,183
1139101,27,214,22,263
1139102,49,289,25,363
1139103,31,215,18,264
1139104,47,194,6,247
1139105,40,326,32,398
1139106,30,410,26,466
1139107,45,401,52,498
1139108,38,281,40,359
1139109,12,169,22,203
1139110,49,301,33,383
1139111,58,264,20,342
1139112,45,209,13,267
1139113,53,408,43,504
1139114,51,406,32,489
1139115,42,318,39,399
1139116,38,356,33,427
1139117,18,241,24,283
1139118,45,278,27,350
1139119,26,226,28,280
1139120,44,311,30,385
1139121,38,338,41,417
1139122,41,202,18,261
1139123,66,422,48,536
1139124,28,304,36,368
1139125,24,264,30,318
1139126,55,291,70,416
1139127,38,382,39,459
1139128,39,308,13,360
1139129,40,439,63,542
1139130,10,189,33,232
1139131,70,723,105,898
1139132,30,312,48,390
1139133,25,155,16,196
1139134,52,319,29,400
1139135,35,277,35,347
1139136,25,195,31,251
1139137,33,207,25,265
1139138,42,237,19,298
1139139,49,348,36,433
1139140,34,217,66,317
1139141,60,346,28,434
1139142,35,284,47,366
1139143,44,298,28,370
1139144,48,333,39,420
1139145,39,304,13,356
1139146,36,329,34,399
1139147,45,293,25,363
1139148,12,141,25,178
1139149,39,213,34,286
1139201,35,273,33,341
1139202,43,252,41,336
1139203,20,161,19,200
1139204,41,263,14,318
1139205,47,315,10,372
1139206,39,199,21,259
1139207,45,375,21,441
1139208,30,170,16,216
1139209,0,3,0,3
1139210,22,204,33,259
1139211,43,285,21,349
1139212,31,296,25,352
1139213,57,288,23,368
1139214,37,174,14,225
1139215,57,316,20,393
1139216,57,325,49,431
1139217,15,224,18,257
1139218,32,190,21,243
1139219,52,294,18,364
1139220,36,309,26,371
1139221,58,285,20,363
1139222,59,310,20,389
1139223,36,184,13,233
1139224,19,181,15,215
1139225,25,182,26,233
1139226,24,175,0,199
1139301,66,307,19,392
1139302,49,264,12,325
1139303,47,314,29,390
1139304,32,300,28,360
1139305,25,217,25,267
1139306,19,253,9,281
1139307,28,181,17,226
1139308,27,186,25,238
1139309,33,262,47,342
1139310,16,165,35,216
1139311,23,250,27,300
1139312,30,304,32,366
1139313,53,341,20,414
1139314,69,315,21,405
1139315,27,229,21,277
1139316,52,275,10,337
1139317,51,324,36,411
1139318,42,203,18,263
1139319,60,362,36,458
1139320,58,334,35,427
1139321,41,459,48,548
1139322,41,210,44,295
1139323,40,197,9,246
1139324,38,190,13,241
1139325,27,208,11,246
1139326,62,341,23,426
1139327,31,217,27,275
1139328,42,234,18,294
1139329,33,254,38,325
1139330,45,316,27,388
1139331,41,309,21,371
1139332,43,360,45,448
1139333,29,179,67,275
1139334,53,327,28,408
1139335,24,292,23,339
1139336,32,317,42,391
1139337,28,218,31,277
1139338,45,372,39,456
1139339,28,153,12,193
1139340,25,271,23,319
1139401,53,502,53,608
1139402,12,165,23,200
1139403,30,287,29,346
1139404,50,298,32,380
1139405,32,256,6,294
1139406,55,416,51,522
1139407,50,344,45,439
1139408,35,221,26,282
1139409,35,234,25,294
1139410,41,276,42,359
1139411,40,274,52,366
1139412,26,205,12,243
1139413,31,152,9,192
1139414,33,245,15,293
1139415,34,240,4,278
1139416,35,277,21,333
1139417,55,332,18,405
1139418,55,326,15,396
1139419,33,255,18,306
1139420,41,330,30,401
1139421,26,215,27,268
1139422,15,201,36,252
1139423,27,339,22,388
1139424,38,343,74,455
1139425,38,256,29,323
1139426,22,168,27,217
1139427,35,204,21,260
1139428,41,352,56,449
1139429,41,246,44,331
1139430,58,389,62,509
1139431,28,288,42,358
1139432,55,313,70,438
1139433,30,173,24,227
1139434,36,334,56,426
1139435,40,228,36,304
1139436,26,270,51,347
1139437,24,231,33,288
1139438,19,149,37,205
1139439,24,176,40,240
1139501,30,284,12,326
1139502,35,305,35,375
1139503,69,267,32,368
1139504,29,156,31,216
1139505,34,158,6,198
1139506,56,379,27,462
1139507,49,243,31,323
1139508,49,280,58,387
1139509,39,381,35,455
1139510,21,190,24,235
1139511,20,240,26,286
1139512,17,359,31,407
1139513,23,296,16,335
1139514,29,335,45,409
1139515,70,226,31,327
1139516,45,288,30,363
1139517,30,230,24,284
1139518,55,282,27,364
1139519,33,317,43,393
1139520,35,286,13,334
1139521,50,291,14,355
1139522,50,269,18,337
1139523,36,300,42,378
1139524,43,236,17,296
1139525,43,244,96,383
1139526,36,218,9,263
1139527,39,233,18,290
1139528,45,273,50,368
1139529,50,291,18,359
1139530,58,283,39,380
1139531,49,309,40,398
1139532,44,331,27,402
1139601,52,502,29,583
1139602,28,423,58,509
1139603,19,224,59,302
1139604,34,511,140,685
1139605,11,127,9,147
1139606,37,287,13,337
1139607,23,264,33,320
1139608,42,330,113,485
1139609,19,193,66,278
1139610,36,343,90,469
1139611,20,236,24,280
1139612,22,388,78,488
1139613,43,256,48,347
1139614,36,227,43,306
1139615,54,376,28,458
1139616,54,350,39,443
1139617,31,381,39,451
1139618,18,364,47,429
1139619,21,219,15,255
1139620,23,291,12,326
1139621,3,4,0,7
1139622,0,9,0,9
1139623,0,4,0,4
1139624,47,433,29,509
1139625,43,594,44,681
1139626,39,597,45,681
1139627,0,0,0,0
1139628,19,169,31,219
1139629,38,336,133,507
1139701,36,283,64,383
1139702,30,258,34,322
1139703,0,0,0,0
1139704,0,0,0,0
1139705,31,442,74,547
1139706,72,364,36,472
1139707,49,364,42,455
1139708,42,385,24,451
1139709,22,251,30,303
1139710,37,214,33,284
1139711,60,245,27,332
1139712,21,238,26,285
1139713,26,378,85,489
1139714,24,327,83,434
1139715,52,401,77,530
1139716,35,357,38,430
1139717,40,177,22,239
1139718,32,254,18,304
1139719,30,292,46,368
1139720,46,348,20,414
1139721,18,215,22,255
1139722,46,272,22,340
1139723,69,328,36,433
1139724,47,235,10,292
1139725,55,347,24,426
1139726,37,426,59,522
1139727,35,468,116,619
1139728,4,129,34,167
1139729,39,462,48,549
1139730,48,595,98,741
1139731,15,205,58,278
1139732,3,95,10,108
1139733,34,548,87,669
1139734,41,415,42,498
1139735,59,351,24,434
1139736,33,276,48,357
1139737,42,264,28,334
1139738,38,235,14,287
1139739,38,294,14,346
1139740,48,299,39,386
1139741,28,243,51,322
1139742,30,356,71,457
1139743,36,388,54,478
1139744,50,272,28,350
1139745,27,386,41,454
1139746,36,256,17,309
1139747,32,200,17,249
1139748,36,239,47,322
1139749,31,203,15,249
1139750,39,258,23,320
1139751,53,348,62,463
1139752,71,316,30,417
1139753,0,24,12,36
1139754,47,293,9,349
1139755,28,252,15,295
1139756,33,265,24,322
1139757,57,302,26,385
1139758,76,323,19,418
1139759,68,288,13,369
1139760,40,193,16,249
1139761,52,277,27,356
1139801,0,0,0,0
1139802,16,252,34,302
1139803,35,316,30,381
1139804,24,343,47,414
1139805,45,341,66,452
1139806,50,369,33,452
1139807,49,300,38,387
1139808,37,389,79,505
1139809,37,349,43,429
1139810,11,169,36,216
1139811,28,346,25,399
1139812,50,321,16,387
1139813,34,302,5,341
1139814,19,344,18,381
1139815,25,389,25,439
1139816,10,408,16,434
1139817,12,232,6,250
1139818,31,162,28,221
1139819,25,212,16,253
1139820,29,198,45,272
1139821,29,160,30,219
1139822,46,342,12,400
1139823,48,211,15,274
1139824,26,257,18,301
1139825,37,215,7,259
1139826,28,206,13,247
1139827,35,275,20,330
1139828,25,213,9,247
1139829,25,193,15,233
1139830,45,608,81,734
1139831,25,359,55,439
1139832,37,380,8,425
1139833,35,405,39,479
1139834,19,177,18,214
1139835,24,306,25,355
1139836,54,345,26,425
1139837,30,160,3,193
1139838,34,199,9,242
1139839,19,154,6,179
1139840,34,270,24,328
1139841,20,202,12,234
1139842,15,168,21,204
1139843,27,321,37,385
1139844,45,571,56,672
1139845,33,336,24,393
1139846,35,386,19,440
1139847,26,277,28,331
1139848,24,208,15,247
1139849,60,826,67,953
1139850,15,201,15,231
1139851,32,363,33,428
1139852,35,264,22,321
1139853,33,230,4,267
1139854,15,129,0,144
1139855,47,337,29,413
1139856,23,116,19,158
1139857,26,202,29,257
1139858,32,381,68,481
1139859,25,251,38,314
1139901,26,164,9,199
1139902,30,319,27,376
1139903,41,425,37,503
1139904,27,279,30,336
1139905,35,412,45,492
1139906,25,312,16,353
1139907,47,477,47,571
1139908,51,285,14,350
1139909,53,310,12,375
1139910,36,357,34,427
1139911,35,370,10,415
1139912,32,326,13,371
1139913,32,199,27,258
1139914,27,191,15,233
1139915,40,217,15,272
1139916,33,232,15,280
1139917,36,301,31,368
1139918,43,419,28,490
1139919,43,365,20,428
1139920,45,275,19,339
1139921,40,277,11,328
1139922,41,310,30,381
1139923,43,342,33,418
1139924,41,183,12,236
1139925,17,318,43,378
1139926,22,257,42,321
1139927,27,361,31,419
1139928,17,312,12,341
1139929,34,348,21,403
1139930,38,255,17,310
1139931,36,341,10,387
1139932,44,410,40,494
1139933,28,216,10,254
1139934,44,372,45,461
1139935,26,124,4,154
1139936,43,365,12,420
1139937,31,319,17,367
1139938,48,278,16,342
1139939,24,168,15,207
1139940,25,192,4,221
1139941,34,303,11,348
1139942,21,255,9,285
1140001,22,135,6,163
1140002,21,162,3,186
1140003,0,3,0,3
1140004,27,165,18,210
1140005,39,374,24,437
1140006,37,232,6,275
1140007,35,225,15,275
1140008,43,218,0,261
1140009,48,258,9,315
1140010,32,170,6,208
1140011,44,301,15,360
1140012,51,312,15,378
1140013,9,121,6,136
1140014,26,187,10,223
1140015,61,330,16,407
1140016,51,310,23,384
1140017,32,214,9,255
1140018,44,240,4,288
1140019,15,237,12,264
1140020,36,369,5,410
1140021,40,262,10,312
1140022,29,296,15,340
1140023,59,364,26,449
1140024,37,467,30,534
1140025,56,325,31,412
1140026,26,263,18,307
1140027,64,341,29,434
1140028,30,197,21,248
1140029,58,330,27,415
1140030,48,255,16,319
1140031,35,190,6,231
1140032,26,243,18,287
1140033,45,264,22,331
1140034,49,307,34,390
1140035,58,348,28,434
1140036,32,238,7,277
1140037,51,356,17,424
1140038,39,266,20,325
1140039,55,683,102,840
1140040,34,266,21,321
1140041,45,372,40,457
1140042,15,127,8,150
1140043,44,307,15,366
1140044,59,282,17,358
1140045,25,265,13,303
1140046,45,449,39,533
1140047,38,277,10,325
1140048,37,485,47,569
1140049,59,393,20,472
1140050,51,360,18,429
1140051,35,333,17,385
1140052,31,219,16,266
1140053,49,356,28,433
1140054,42,364,35,441
1140055,56,414,33,503
1140056,38,258,24,320
1140101,57,454,18,529
1140102,49,394,23,466
1140103,53,426,18,497
1140104,36,182,3,221
1140105,0,6,0,6
1140106,0,0,0,0
1140107,0,0,0,0
1140108,0,16,18,34
1140109,33,355,18,406
1140110,18,293,31,342
1140111,37,406,27,470
1140112,17,158,11,186
1140113,67,516,38,621
1140114,39,279,24,342
1140115,27,337,30,394
1140116,24,253,16,293
1140117,19,333,51,403
1140118,36,370,9,415
1140119,27,537,37,601
1140120,17,224,22,263
1140121,50,936,153,1139
1140122,18,216,28,262
1140201,49,292,29,370
1140202,58,289,12,359
1140203,78,383,12,473
1140204,38,268,21,327
1140205,41,295,24,360
1140206,63,395,46,504
1140207,59,397,26,482
1140208,30,382,32,444
1140209,22,201,12,235
1140210,36,259,15,310
1140211,61,447,24,532
1140212,22,207,13,242
1140213,38,245,15,298
1140214,31,291,23,345
1140215,45,227,19,291
1140216,50,303,23,376
1140217,23,190,15,228
1140218,50,294,9,353
1140219,42,159,29,230
1140220,24,235,12,271
1140221,32,175,3,210
1140222,37,281,11,329
1140223,48,326,21,395
1140224,22,230,25,277
1140225,34,309,30,373
1140226,17,185,3,205
1140227,16,217,18,251
1140228,52,330,25,407
1140229,41,290,7,338
1140230,25,232,9,266
1140231,22,258,12,292
1140232,0,0,0,0
1140233,47,352,42,441
1140234,34,192,22,248
1140235,29,175,17,221
1140236,19,265,22,306
1140237,38,222,14,274
1140238,46,318,12,376
1140239,28,298,15,341
1140240,46,295,14,355
1140241,44,395,21,460
1140242,47,394,15,456
1140243,29,400,24,453
1140244,42,238,29,309
1140245,28,305,26,359
1140246,39,326,23,388
1140247,32,303,21,356
1140248,26,240,22,288
1140249,50,278,12,340
1140250,39,357,23,419
1140251,27,253,31,311
1140252,44,310,31,385
1140253,47,248,36,331
1140254,20,138,3,161
1140255,31,177,14,222
1140256,27,275,27,329
1140257,29,239,18,286
1140301,38,258,9,305
1140302,40,263,0,303
1140303,50,261,15,326
1140304,48,423,12,483
1140305,18,143,3,164
1140306,23,140,3,166
1140307,0,0,0,0
1140308,19,198,12,229
1140309,21,183,4,208
1140310,36,249,6,291
1140311,54,425,24,503
1140312,48,298,40,386
1140313,27,267,0,294
1140314,51,336,15,402
1140315,22,209,7,238
1140316,29,268,8,305
1140317,54,286,4,344
1140318,56,323,26,405
1140319,50,296,19,365
1140320,32,196,12,240
1140321,37,319,14,370
1140322,38,358,23,419
1140323,44,273,17,334
1140324,74,439,18,531
1140325,38,285,13,336
1140326,25,226,7,258
1140327,32,181,9,222
1140328,35,290,9,334
1140329,37,320,12,369
1140330,51,250,6,307
1140331,35,232,6,273
1140332,55,331,23,409
1140333,26,221,0,247
1140334,17,191,3,211
1140335,0,0,0,0
1140336,36,281,20,337
1140337,29,180,0,209
1140338,36,337,18,391
1140339,22,249,9,280
1140340,34,412,16,462
1140341,38,315,13,366
1140342,40,373,15,428
1140343,23,203,9,235
1140344,0,0,0,0
1140345,0,0,0,0
1140346,41,269,12,322
1140347,0,0,0,0
1140348,0,9,0,9
1140349,0,0,0,0
1140350,43,322,11,376
1140401,51,336,22,409
1140402,0,0,0,0
1140403,28,180,18,226
1140404,60,314,9,383
1140405,36,244,11,291
1140406,14,78,6,98
1140407,16,159,9,184
1140408,12,159,12,183
1140409,50,348,24,422
1140410,54,242,12,308
1140411,32,211,9,252
1140412,30,299,24,353
1140413,30,200,24,254
1140414,39,281,22,342
1140415,26,279,9,314
1140416,15,73,3,91
1140417,47,200,14,261
1140418,34,269,24,327
1140419,49,333,9,391
1140420,27,230,10,267
1140421,50,316,25,391
1140422,34,214,6,254
1140423,22,195,21,238
1140424,35,221,4,260
1140425,48,247,9,304
1140426,29,198,9,236
1140427,60,375,16,451
1140428,0,0,0,0
1140429,36,256,20,312
1140430,35,283,12,330
1140431,48,326,8,382
1140432,31,187,7,225
1140501,24,225,23,272
1140502,54,224,34,312
1140503,21,186,13,220
1140504,29,333,39,401
1140505,29,340,42,411
1140506,30,315,37,382
1140507,59,685,101,845
1140508,59,324,11,394
1140509,25,155,0,180
1140510,18,165,9,192
1140511,40,397,60,497
1140512,46,442,26,514
1140513,42,426,26,494
1140514,26,225,13,264
1140515,33,335,27,395
1140516,41,264,15,320
1140517,23,207,18,248
1140518,35,414,55,504
1140519,59,414,35,508
1140520,41,316,38,395
1140521,31,329,22,382
1140522,38,395,34,467
1140523,31,298,15,344
1140524,33,301,19,353
1140525,0,0,0,0
1140526,33,180,3,216
1140527,26,365,25,416
1140528,49,342,52,443
1140529,52,331,19,402
1140530,24,183,18,225
1140531,0,0,0,0
1140532,28,130,9,167
1140533,22,165,3,190
1140534,59,315,7,381
1140535,28,159,9,196
1140536,54,253,18,325
1140537,48,266,14,328
1140538,50,324,12,386
1140539,43,301,10,354
1140540,25,169,3,197
1140541,35,195,24,254
1140542,38,225,71,334
1140543,61,383,44,488
1140544,29,189,27,245
1140545,39,349,19,407
1140546,49,223,32,304
1140547,21,226,9,256
1140548,36,262,15,313
1140549,38,252,15,305
1140550,26,189,22,237
1140551,37,139,7,183
1140552,25,251,15,291
1140553,28,185,7,220
1140554,46,289,18,353
1140555,24,235,15,274
1140556,21,170,7,198
1140557,35,173,12,220
1140558,26,199,15,240
1140559,44,265,23,332
1140560,43,364,13,420
1140561,23,205,22,250
1140562,22,392,18,432
1140563,18,257,18,293
1140564,32,261,13,306
1140565,56,718,29,803
1140566,43,571,26,640
1140567,48,407,30,485
1140568,39,410,27,476
1140569,38,436,20,494
1140570,27,137,18,182
1140571,30,224,19,273
1140601,22,169,12,203
1140602,35,196,25,256
1140603,42,271,28,341
1140604,35,258,29,322
1140605,31,201,18,250
1140606,31,208,6,245
1140607,34,131,11,176
1140608,26,376,24,426
1140609,16,242,15,273
1140610,28,164,9,201
1140611,53,318,30,401
1140612,26,163,12,201
1140613,40,267,49,356
1140614,32,179,15,226
1140615,37,217,12,266
1140616,36,246,12,294
1140617,0,3,0,3
1140618,45,214,4,263
1140619,41,333,24,398
1140620,34,221,10,265
1140621,59,197,9,265
1140622,32,256,6,294
1140623,58,350,42,450
1140624,61,319,9,389
1140625,38,245,3,286
1140626,40,199,6,245
1140627,38,196,9,243
1140628,30,195,6,231
1140629,34,290,6,330
1140630,23,191,9,223
1140631,45,233,12,290
1140632,0,6,0,6
1140633,37,338,10,385
1140634,47,334,4,385
1140635,56,285,6,347
1140636,31,262,4,297
1140637,30,159,6,195
1140638,37,296,13,346
1140639,23,180,30,233
1140640,43,366,21,430
1140641,61,375,6,442
1140642,50,352,14,416
1140643,41,223,15,279
1140644,49,303,5,357
1140645,37,256,20,313
1140646,26,308,11,345
1140647,22,244,71,337
1140648,38,353,28,419
1140701,40,305,9,354
1140702,44,261,11,316
1140703,21,202,11,234
1140704,48,342,25,415
1140705,62,368,44,474
1140706,59,352,19,430
1140707,58,201,6,265
1140708,50,349,20,419
1140709,45,241,7,293
1140710,56,343,7,406
1140711,40,232,6,278
1140712,54,368,37,459
1140713,22,241,24,287
1140714,21,130,14,165
1140715,80,751,167,998
1140716,0,0,0,0
1140717,67,539,55,661
1140718,41,175,7,223
1140719,23,239,25,287
1140720,0,0,0,0
1140721,34,181,14,229
1140722,32,211,6,249
1140723,30,261,18,309
1140724,38,220,7,265
1140725,34,259,18,311
1140726,44,220,20,284
1140727,69,338,26,433
1140728,23,266,11,300
1140729,28,233,10,271
1140730,31,157,6,194
1140731,31,173,7,211
1140732,43,322,16,381
1140733,31,171,14,216
1140734,33,179,9,221
1140735,31,240,12,283
1140736,37,260,22,319
1140737,40,363,23,426
1140738,17,240,27,284
1140739,32,259,6,297
1140740,55,594,28,677
1140741,48,395,22,465
1140742,45,369,11,425
1140743,64,386,20,470
1140744,25,187,15,227
1140745,35,210,12,257
1140746,20,201,6,227
1140801,31,220,6,257
1140802,21,170,6,197
1140803,25,272,32,329
1140804,54,292,22,368
1140805,44,271,24,339
1140806,41,251,3,295
1140807,59,297,17,373
1140808,25,193,29,247
1140809,27,164,12,203
1140810,44,306,12,362
1140811,24,151,10,185
1140812,47,260,29,336
1140813,43,234,14,291
1140814,46,225,7,278
1140815,14,270,17,301
1140816,24,175,12,211
1140817,28,247,12,287
1140818,17,163,15,195
1140819,32,191,21,244
1140820,26,206,10,242
1140821,62,318,12,392
1140822,35,273,22,330
1140823,27,219,19,265
1140824,6,146,11,163
1140825,34,263,30,327
1140826,46,358,33,437
1140827,11,174,4,189
1140828,56,516,25,597
1140829,34,235,12,281
1140830,18,137,12,167
1140831,32,356,21,409
1140832,40,284,31,355
1140833,24,165,15,204
1140834,52,307,18,377
1140835,40,245,10,295
1140836,42,227,12,281
1140837,78,522,70,670
1140838,46,387,14,447
1140839,16,170,6,192
1140840,44,278,0,322
1140841,36,246,16,298
1140842,33,214,12,259
1140843,41,261,23,325
1140844,46,318,22,386
1140845,57,326,27,410
1140846,27,222,6,255
1140847,23,204,22,249
1140848,39,225,33,297
1140849,31,217,0,248
1140850,28,270,12,310
1140851,26,233,18,277
1140852,30,216,33,279
1140853,47,328,40,415
1140854,12,129,3,144
1140901,0,0,0,0
1140902,41,271,11,323
1140903,41,268,9,318
1140904,30,242,20,292
1140905,42,240,15,297
1140906,33,218,11,262
1140907,46,328,18,392
1140908,31,274,33,338
1140909,38,235,3,276
1140910,23,181,6,210
1140911,46,287,20,353
1140912,34,156,9,199
1140913,45,254,9,308
1140914,55,365,17,437
1140915,52,249,14,315
1140916,17,193,7,217
1140917,45,275,3,323
1140918,20,235,9,264
1140919,47,241,16,304
1140920,44,431,21,496
1140921,33,237,19,289
1140922,24,229,15,268
1140923,36,275,14,325
1140924,54,467,29,550
1140925,86,590,40,716
1140926,39,211,15,265
1140927,53,359,22,434
1140928,37,290,39,366
1140929,49,338,9,396
1140930,22,146,3,171
1140931,55,288,20,363
1140932,45,267,11,323
1140933,51,387,23,461
1140934,30,203,6,239
1140935,62,277,5,344
1140936,59,318,32,409
1140937,56,312,16,384
1141001,47,253,15,315
1141002,33,221,27,281
1141003,47,343,8,398
1141004,32,207,5,244
1141005,17,177,7,201
1141006,51,249,6,306
1141007,66,354,15,435
1141008,50,250,27,327
1141009,41,296,33,370
1141010,41,322,43,406
1141011,63,411,24,498
1141012,52,329,15,396
1141013,68,382,19,469
1141014,26,163,18,207
1141015,27,272,13,312
1141016,42,287,15,344
1141017,61,432,18,511
1141018,47,293,9,349
1141019,0,0,0,0
1141020,29,329,12,370
1141021,27,271,15,313
1141022,40,338,13,391
1141023,26,212,8,246
1141024,43,276,14,333
1141025,49,312,6,367
1141026,0,0,0,0
1141027,54,361,25,440
1141028,33,286,18,337
1141029,30,222,22,274
1141030,62,321,14,397
1141031,30,295,12,337
1141032,35,256,18,309
1141033,23,210,3,236
1141034,81,544,29,654
1141035,47,295,21,363
1141036,82,689,85,856
1141037,25,240,27,292
1141038,23,270,21,314
1141039,41,245,6,292
1141040,40,278,30,348
1141041,36,263,21,320
1141042,29,271,41,341
1141043,78,402,27,507
1141101,38,280,12,330
1141102,35,309,28,372
1141103,48,289,11,348
1141104,45,286,28,359
1141105,44,323,15,382
1141106,26,167,20,213
1141107,40,178,18,236
1141108,31,269,7,307
1141109,34,159,12,205
1141110,30,227,0,257
1141111,71,321,15,407
1141112,24,202,6,232
1141113,32,252,10,294
1141114,67,291,28,386
1141115,31,360,19,410
1141116,0,0,0,0
1141117,46,385,50,481
1141118,37,260,12,309
1141119,43,344,28,415
1141120,27,206,4,237
1141121,30,199,9,238
1141122,43,355,36,434
1141123,57,379,21,457
1141124,47,311,15,373
1141125,29,239,11,279
1141126,51,298,27,376
1141127,41,295,12,348
1141128,21,190,14,225
1141129,40,336,18,394
1141130,39,332,22,393
1141131,75,410,14,499
1141132,50,290,20,360
1141133,46,339,14,399
1141134,53,325,44,422
1141135,41,223,9,273
1141136,54,279,14,347
1141137,10,213,15,238
1141138,28,149,9,186
1141139,34,206,16,256
1141140,43,363,11,417
1141141,39,223,12,274
1141142,47,241,4,292
1141143,30,294,10,334
1141144,42,309,34,385
1141201,42,256,9,307
1141202,53,358,27,438
1141203,56,278,13,347
1141204,35,290,59,384
1141205,62,355,27,444
1141206,22,244,9,275
1141207,46,388,27,461
1141208,36,185,9,230
1141209,36,281,22,339
1141210,47,181,11,239
1141211,26,163,39,228
1141212,45,270,17,332
1141213,57,559,112,728
1141214,36,259,21,316
1141215,36,182,16,234
1141216,78,523,84,685
1141217,37,243,10,290
1141218,43,359,31,433
1141219,37,292,18,347
1141220,34,208,13,255
1141221,47,295,12,354
1141222,57,359,17,433
1141223,47,477,49,573
1141224,34,336,9,379
1141225,33,209,15,257
1141226,48,314,6,368
1141227,55,322,12,389
1141228,23,218,13,254
1141229,49,250,18,317
1141230,60,453,34,547
1141231,55,231,6,292
1141232,48,255,11,314
1141233,25,215,4,244
1141234,62,356,21,439
1141235,24,171,21,216
1141236,49,293,13,355
1141237,60,330,6,396
1141238,31,295,4,330
1141239,0,0,0,0
1141301,35,251,23,309
1141302,47,332,18,397
1141303,15,283,62,360
1141304,34,347,45,426
1141305,19,289,33,341
1141306,27,281,15,323
1141307,32,269,28,329
1141308,14,218,25,257
1141309,24,274,52,350
1141310,34,433,40,507
1141311,39,435,23,497
1141312,43,201,13,257
1141313,50,360,23,433
1141314,32,197,18,247
1141315,27,289,24,340
1141316,31,281,21,333
1141317,36,286,16,338
1141318,33,264,24,321
1141319,31,277,48,356
1141320,41,255,36,332
1141321,37,309,33,379
1141322,42,255,25,322
1141323,26,203,15,244
1141324,33,223,29,285
1141325,48,337,28,413
1141326,40,317,71,428
1141327,38,327,70,435
1141328,34,216,59,309
1141329,45,458,57,560
1141330,26,278,23,327
1141331,23,214,18,255
1141332,48,388,45,481
1141333,46,278,29,353
1141334,33,244,18,295
1141335,46,433,22,501
1141336,21,321,32,374
1141337,23,409,82,514
1141338,31,414,77,522
1141339,7,240,26,273
1141340,22,262,12,296
1141341,43,364,49,456
1141342,23,264,34,321
1141401,26,267,29,322
1141402,15,189,27,231
1141403,19,236,15,270
1141404,18,221,27,266
1141405,39,207,45,291
1141406,23,268,10,301
1141407,27,271,27,325
1141408,30,377,49,456
1141409,40,446,35,521
1141410,34,343,21,398
1141411,56,430,22,508
1141412,43,320,18,381
1141413,20,223,24,267
1141414,28,320,12,360
1141415,29,430,35,494
1141416,34,432,56,522
1141417,44,428,38,510
1141418,49,374,35,458
1141419,26,239,12,277
1141420,30,365,60,455
1141421,23,207,9,239
1141422,26,228,15,269
1141423,9,164,9,182
1141424,29,411,26,466
1141425,16,223,34,273
1141426,17,281,38,336
1141427,14,238,11,263
1141428,26,221,14,261
1141429,16,233,28,277
1141430,38,345,42,425
1141431,18,325,36,379
1141432,35,381,47,463
1141433,16,222,40,278
1141434,38,275,68,381
1141435,15,211,20,246
1141436,30,248,50,328
1141437,16,171,24,211
1141438,31,313,20,364
1141439,26,186,44,256
1141440,21,223,14,258
1141441,14,157,6,177
1141442,15,272,30,317
1141443,18,235,18,271
1141444,18,228,24,270
1141501,25,152,9,186
1141502,28,176,31,235
1141503,50,309,40,399
1141504,23,203,32,258
1141505,46,205,3,254
1141506,41,248,31,320
1141507,47,205,18,270
1141508,33,367,32,432
1141509,38,285,81,404
1141510,0,4,0,4
1141511,36,261,9,306
1141512,35,307,20,362
1141513,40,268,15,323
1141514,32,278,15,325
1141515,26,244,32,302
1141516,19,250,12,281
1141517,38,293,31,362
1141518,39,379,74,492
1141519,19,187,9,215
1141520,43,280,36,359
1141521,31,387,28,446
1141522,41,342,32,415
1141523,39,322,39,400
1141524,13,159,20,192
1141525,38,279,34,351
1141526,22,335,26,383
1141527,46,309,37,392
1141528,17,216,30,263
1141529,22,240,63,325
1141530,44,323,39,406
1141531,47,341,23,411
1141532,46,349,26,421
1141533,48,376,23,447
1141534,25,143,53,221
1141535,49,430,42,521
1141536,49,358,14,421
1141537,6,98,17,121
1141538,32,220,25,277
1141539,32,298,27,357
1141540,30,355,24,409
1141541,57,484,39,580
1141542,50,375,38,463
1141543,57,311,33,401
1141544,29,173,46,248
1141545,41,265,30,336
1141546,18,339,37,394
1141547,25,176,14,215
1141548,26,196,12,234
1141549,30,271,35,336
1141550,30,168,13,211
1141551,36,221,21,278
1141552,44,264,82,390
1141553,35,300,61,396
1141554,31,185,21,237
1141555,15,221,37,273
1141556,23,328,48,399
1141557,21,182,9,212
1141558,44,312,65,421
1141559,36,233,6,275
1141560,45,430,48,523
1141561,24,223,33,280
1141562,33,211,22,266
1141563,27,199,35,261
1141564,0,0,0,0
1141565,26,151,12,189
1141566,37,297,25,359
1141567,12,144,12,168
1141568,23,183,16,222
1141569,29,159,14,202
1141570,27,148,18,193
1141571,15,185,19,219
1141601,51,366,70,487
1141602,29,357,28,414
1141603,19,204,36,259
1141604,37,373,31,441
1141605,31,376,27,434
1141606,37,406,26,469
1141607,39,333,24,396
1141608,19,206,22,247
1141609,37,335,32,404
1141610,33,352,41,426
1141611,19,173,52,244
1141612,19,197,21,237
1141613,24,361,36,421
1141614,49,460,30,539
1141615,48,450,30,528
1141616,25,156,30,211
1141617,49,401,63,513
1141618,37,337,82,456
1141619,43,337,20,400
1141620,29,251,106,386
1141621,65,414,79,558
1141622,32,407,60,499
1141623,49,367,68,484
1141624,33,247,26,306
1141625,45,415,61,521
1141626,21,264,45,330
1141627,33,306,18,357
1141628,23,275,19,317
1141629,31,402,62,495
1141630,26,507,48,581
1141631,34,404,54,492
1141632,25,232,10,267
1141633,38,390,46,474
1141634,27,135,26,188
1141635,43,406,169,618
1141636,18,289,25,332
1141637,37,442,37,516
1141701,21,330,33,384
1141702,9,157,24,190
1141703,30,396,29,455
1141704,12,280,58,350
1141705,0,0,0,0
1141706,13,309,52,374
1141707,33,189,16,238
1141708,35,353,82,470
1141709,22,240,50,312
1141710,0,3,0,3
1141711,0,0,0,0
1141712,20,198,39,257
1141713,15,152,16,183
1141714,39,309,43,391
1141715,59,491,86,636
1141716,32,279,25,336
1141717,23,210,18,251
1141718,30,323,49,402
1141719,32,220,27,279
1141720,59,575,118,752
1141721,26,178,35,239
1141722,0,0,0,0
1141723,33,364,93,490
1141724,43,381,24,448
1141725,49,438,85,572
1141726,15,261,48,324
1141727,0,0,0,0
1141728,30,209,34,273
1141801,39,243,20,302
1141802,0,0,0,0
1141803,32,293,15,340
1141804,48,332,18,398
1141805,51,255,3,309
1141806,58,335,9,402
1141807,63,372,16,451
1141808,64,346,21,431
1141809,34,279,15,328
1141810,25,173,9,207
1141811,44,231,8,283
1141812,40,343,25,408
1141813,32,299,3,334
1141814,31,190,10,231
1141815,41,334,43,418
1141816,29,225,15,269
1141817,55,301,26,382
1141818,44,287,43,374
1141819,52,301,12,365
1141820,45,249,19,313
1141821,36,239,39,314
1141822,39,252,27,318
1141823,49,356,21,426
1141824,46,507,30,583
1141825,31,471,23,525
1141826,51,551,77,679
1141827,29,315,46,390
1141828,35,334,29,398
1141829,38,281,27,346
1141830,43,297,21,361
1141831,35,211,12,258
1141832,30,324,23,377
1141833,5,143,4,152
1141834,78,426,33,537
1141835,32,258,16,306
1141836,35,289,15,339
1141837,25,147,19,191
1141838,43,324,21,388
1141839,52,291,18,361
1141840,39,277,11,327
1141841,67,356,20,443
1141842,0,0,0,0
1141901,30,297,49,376
1141902,37,319,21,377
1141903,42,326,24,392
1141904,16,174,24,214
1141905,34,366,94,494
1141906,45,342,24,411
1141907,17,253,21,291
1141908,30,285,50,365
1141909,29,253,10,292
1141910,37,316,36,389
1141911,14,145,29,188
1141912,24,364,34,422
1141913,12,183,36,231
1141914,21,187,15,223
1141915,30,212,8,250
1141916,36,256,18,310
1141917,50,419,31,500
1141918,64,376,35,475
1141919,38,238,24,300
1141920,39,297,27,363
1141921,22,440,30,492
1141922,24,376,82,482
1141923,26,406,86,518
1141924,22,394,91,507
1141925,24,255,31,310
1141926,30,313,44,387
1141927,30,270,126,426
1141928,22,357,29,408
1141929,33,320,42,395
1141930,11,147,24,182
1141931,34,273,18,325
1141932,51,415,35,501
1141933,41,420,59,520
1141934,49,342,31,422
1141935,29,252,50,331
1141936,32,413,64,509
1141937,43,300,85,428
1141938,45,344,26,415
1141939,0,31,12,43
1141940,36,294,31,361
1141941,32,225,28,285
1141942,0,9,0,9
1141943,46,363,17,426
1141944,45,272,31,348
1141945,43,381,19,443
1141946,31,240,53,324
1141947,38,446,49,533
1141948,20,401,56,477
1142001,45,284,17,346
1142002,40,255,53,348
1142003,39,172,27,238
1142004,53,244,31,328
1142005,64,281,38,383
1142006,41,243,29,313
1142007,51,357,14,422
1142008,28,233,9,270
1142009,39,227,13,279
1142010,32,238,9,279
1142011,42,330,18,390
1142012,25,177,3,205
1142013,54,314,36,404
1142014,33,239,10,282
1142015,27,223,10,260
1142016,52,360,21,433
1142017,61,380,25,466
1142018,0,0,0,0
1142019,0,0,0,0
1142020,47,333,27,407
1142021,25,213,20,258
1142022,39,177,11,227
1142023,28,280,25,333
1142024,70,379,22,471
1142025,52,321,19,392
1142026,49,317,8,374
1142027,35,205,9,249
1142028,52,342,47,441
1142029,47,374,46,467
1142030,56,389,39,484
1142101,47,470,34,551
1142102,41,373,19,433
1142103,35,248,5,288
1142104,48,317,14,379
1142105,77,350,18,445
1142106,60,438,24,522
1142107,27,169,3,199
1142108,20,224,15,259
1142109,73,436,24,533
1142110,37,171,18,226
1142111,74,384,33,491
1142112,24,189,17,230
1142113,42,194,16,252
1142114,53,238,11,302
1142115,22,195,17,234
1142116,40,278,34,352
1142117,42,273,16,331
1142118,42,302,24,368
1142119,37,191,25,253
1142120,53,412,41,506
1142121,38,296,28,362
1142122,43,309,25,377
1142123,35,297,46,378
1142201,48,319,24,391
1142202,27,256,43,326
1142203,25,158,12,195
1142204,34,279,31,344
1142205,41,268,20,329
1142206,28,222,17,267
1142207,35,228,21,284
1142208,35,188,15,238
1142209,40,184,7,231
1142210,23,240,24,287
1142211,45,347,40,432
1142212,40,254,39,333
1142213,27,196,32,255
1142214,38,224,7,269
1142215,25,229,21,275
1142216,38,242,21,301
1142217,39,260,31,330
1142218,27,171,24,222
1142219,44,238,19,301
1142220,49,286,14,349
1142221,30,266,15,311
1142222,41,311,14,366
1142223,42,238,30,310
1142224,23,220,9,252
1142225,54,249,25,328
1142226,53,312,33,398
1142227,41,334,23,398
1142228,39,262,16,317
1142229,18,194,28,240
1142230,34,253,29,316
1142231,53,234,30,317
1142232,22,125,21,168
1142233,49,332,57,438
1142234,37,181,22,240
1142301,37,261,22,320
1142302,52,421,60,533
1142303,60,375,23,458
1142304,25,212,7,244
1142305,52,316,28,396
1142306,44,261,11,316
1142307,47,273,18,338
1142308,35,204,10,249
1142309,45,335,30,410
1142310,34,277,12,323
1142311,28,167,11,206
1142312,34,260,5,299
1142313,31,265,15,311
1142314,32,354,32,418
1142315,41,224,9,274
1142316,60,366,34,460
1142317,59,335,64,458
1142318,67,559,82,708
1142319,68,542,47,657
1142320,24,215,21,260
1142321,59,358,19,436
1142322,33,258,25,316
1142323,22,218,19,259
1142324,36,201,12,249
1142325,27,164,15,206
1142326,37,297,20,354
1142327,29,129,28,186
1142328,50,515,26,591
1142329,17,281,18,316
1142330,39,281,21,341
1142331,18,85,19,122
1142332,59,395,45,499
1142333,23,131,9,163
1142334,44,373,22,439
1142335,68,351,40,459
1142336,32,184,21,237
1142337,39,296,42,377
1142338,58,334,22,414
1142339,42,389,23,454
1142340,34,294,33,361
1142341,45,274,13,332
1142342,29,299,9,337
1142343,0,4,0,4
1142344,44,449,62,555
1142345,68,486,43,597
1142346,61,382,43,486
1142347,45,260,12,317
1142348,23,292,17,332
1142401,43,352,32,427
1142402,35,226,9,270
1142403,43,261,13,317
1142404,21,184,20,225
1142405,31,176,16,223
1142406,24,277,18,319
1142407,44,249,10,303
1142408,36,269,31,336
1142409,55,322,31,408
1142410,25,393,41,459
1142411,25,253,23,301
1142412,59,313,36,408
1142413,30,249,21,300
1142414,27,250,18,295
1142415,20,178,9,207
1142416,22,194,16,232
1142417,35,185,9,229
1142418,60,333,17,410
1142419,55,388,23,466
1142420,18,234,27,279
1142421,20,129,10,159
1142422,42,328,12,382
1142423,38,293,25,356
1142424,51,274,15,340
1142425,44,178,27,249
1142426,18,263,30,311
1142427,39,253,36,328
1142428,45,284,26,355
1142429,42,212,23,277
1142430,29,154,12,195
1142431,24,279,23,326
1142432,44,199,24,267
1142433,36,332,46,414
1142501,36,145,6,187
1142502,27,161,6,194
1142503,30,175,20,225
1142504,22,134,9,165
1142505,15,179,3,197
1142506,34,232,18,284
1142507,39,275,10,324
1142508,19,162,7,188
1142509,27,201,19,247
1142510,28,186,22,236
1142511,13,151,15,179
1142512,32,166,15,213
1142513,25,207,8,240
1142514,27,295,18,340
1142515,22,137,12,171
1142516,42,286,15,343
1142517,36,222,21,279
1142518,59,351,27,437
1142519,39,298,20,357
1142520,0,3,0,3
1142521,31,252,15,298
1142522,3,13,0,16
1142523,41,451,48,540
1142601,45,337,51,433
1142602,21,391,66,478
1142603,26,370,18,414
1142604,22,318,22,362
1142605,38,364,54,456
1142606,24,286,61,371
1142607,10,269,31,310
1142608,37,373,42,452
1142609,18,150,10,178
1142610,34,215,12,261
1142611,12,200,16,228
1142612,40,300,12,352
1142613,24,128,9,161
1142614,15,169,13,197
1142615,25,232,21,278
1142616,35,346,31,412
1142617,21,173,27,221
1142618,11,133,9,153
1142619,22,245,33,300
1142620,38,238,16,292
1142621,30,267,20,317
1142622,27,289,18,334
1142623,31,341,45,417
1142624,19,241,21,281
1142625,15,239,25,279
1142626,24,178,21,223
1142627,22,178,21,221
1142628,34,372,18,424
1142629,25,254,25,304
1142630,55,444,41,540
1142631,45,389,43,477
1142632,49,452,34,535
1142633,42,408,52,502
1142634,34,187,3,224
1142635,31,151,10,192
1142636,30,274,34,338
1142637,56,545,45,646
1142638,15,219,18,252
1142639,39,240,17,296
1142640,24,143,24,191
1142641,42,331,33,406
1142642,29,194,27,250
1142643,26,189,18,233
1142644,29,364,37,430
1142645,55,429,32,516
1142646,44,380,32,456
1142647,28,152,21,201
1142648,37,264,10,311
1142649,41,328,33,402
1142650,41,236,13,290
1142651,20,218,12,250
1142652,39,300,32,371
1142653,29,304,27,360
1142654,21,238,11,270
1142655,41,363,32,436
1142656,46,320,27,393
1142701,51,220,12,283
1142702,40,284,8,332
1142703,26,143,6,175
1142704,12,144,18,174
1142705,13,154,29,196
1142706,19,129,18,166
1142707,24,169,7,200
1142708,28,227,17,272
1142709,49,338,16,403
1142710,20,183,12,215
1142711,38,220,6,264
1142712,40,245,20,305
1142713,32,205,9,246
1142714,21,227,28,276
1142715,29,168,12,209
1142716,25,186,12,223
1142717,34,158,22,214
1142718,27,303,21,351
1142719,42,241,6,289
1142720,27,226,16,269
1142721,30,272,30,332
1142722,0,0,0,0
1142723,13,155,13,181
1142724,0,0,0,0
1142725,0,0,0,0
1142726,46,255,6,307
1142727,33,175,11,219
1142728,35,212,12,259
1142729,29,279,15,323
1142730,0,0,0,0
1142731,0,0,0,0
1142732,21,198,9,228
1142733,21,138,10,169
1142734,23,213,4,240
1142735,33,307,22,362
1142736,29,311,23,363
1142737,32,220,12,264
1142738,32,224,9,265
1142739,31,280,17,328
1142740,16,159,30,205
1142741,39,257,19,315
1142801,28,224,19,271
1142802,48,360,20,428
1142803,51,369,24,444
1142804,54,383,12,449
1142805,37,264,12,313
1142806,52,312,28,392
1142807,20,277,19,316
1142808,28,183,9,220
1142809,24,250,11,285
1142810,45,155,6,206
1142811,13,191,6,210
1142812,46,275,15,336
1142813,24,206,16,246
1142814,38,309,24,371
1142815,32,175,6,213
1142816,32,211,9,252
1142817,44,352,28,424
1142818,76,316,21,413
1142819,43,312,19,374
1142820,12,359,16,387
1142821,68,348,27,443
1142822,17,115,15,147
1142823,18,190,0,208
1142824,26,219,13,258
1142825,0,0,0,0
1142826,22,202,9,233
1142827,18,197,9,224
1142828,32,279,7,318
1142829,22,201,3,226
1142830,35,252,7,294
1142831,20,238,21,279
1142832,42,289,45,376
1142833,45,271,10,326
1142834,34,293,3,330
1142835,49,317,13,379
1142836,44,287,17,348
1142837,27,152,16,195
1142838,0,0,0,0
1142839,28,181,4,213
1142840,32,238,12,282
1142841,34,283,40,357
1142842,56,332,11,399
1142843,33,228,12,273
1142844,32,254,11,297
1142845,22,286,22,330
1142846,39,287,43,369
1142847,40,392,12,444
1142848,52,324,11,387
1142849,31,209,9,249
1142850,41,187,7,235
1142851,44,304,15,363
1142852,32,205,18,255
1142853,25,165,12,202
1142854,21,178,9,208
1142855,41,318,12,371
1142856,29,202,17,248
1142857,44,317,15,376
1142858,30,175,9,214
1142859,13,210,6,229
1142860,25,256,11,292
1142861,0,0,0,0
1142862,22,215,18,255
1142863,27,181,15,223
1142864,62,400,16,478
1142901,36,262,24,322
1142902,32,276,16,324
1142903,27,205,9,241
1142904,28,271,31,330
1142905,44,312,33,389
1142906,39,286,41,366
1142907,21,164,22,207
1142908,39,360,38,437
1142909,42,404,33,479
1142910,25,135,11,171
1142911,26,172,3,201
1142912,28,191,8,227
1142913,27,284,26,337
1142914,55,428,39,522
1142915,21,172,15,208
1142916,28,232,8,268
1142917,46,330,17,393
1142918,0,0,0,0
1142919,0,21,0,21
1142920,11,200,28,239
1142921,24,273,22,319
1142922,47,208,14,269
1142923,35,294,22,351
1142924,12,178,14,204
1142925,21,230,9,260
1142926,21,225,24,270
1142927,20,298,34,352
1142928,20,219,21,260
1142929,54,501,45,600
1142930,7,28,3,38
1142931,43,306,10,359
1142932,61,369,44,474
1142933,39,515,48,602
1142934,19,131,6,156
1142935,0,0,0,0
1142936,14,168,13,195
1142937,33,269,22,324
1142938,32,237,22,291
1142939,25,180,15,220
1142940,42,322,23,387
1142941,29,305,33,367
1142942,31,194,15,240
1142943,23,287,30,340
1142944,30,271,16,317
1142945,32,176,10,218
1142946,36,326,31,393
1142947,27,334,14,375
1142948,27,582,40,649
1142949,14,159,24,197
1142950,10,201,10,221
1142951,67,549,62,678
1143001,23,269,18,310
1143002,39,327,22,388
1143003,33,264,16,313
1143004,49,365,15,429
1143005,37,260,10,307
1143006,47,344,26,417
1143007,6,118,16,140
1143008,23,370,59,452
1143009,40,347,27,414
1143010,41,286,23,350
1143011,35,272,22,329
1143012,0,0,0,0
1143013,25,200,16,241
1143014,29,201,15,245
1143015,35,471,26,532
1143016,43,492,27,562
1143017,29,327,10,366
1143018,18,276,19,313
1143019,13,254,30,297
1143020,36,167,9,212
1143021,37,197,12,246
1143022,60,330,100,490
1143023,36,177,9,222
1143024,40,361,21,422
1143025,53,382,26,461
1143026,18,225,8,251
1143027,35,237,6,278
1143028,43,258,21,322
1143029,58,381,38,477
1143030,42,281,12,335
1143031,24,175,6,205
1143032,31,224,9,264
1143033,36,278,12,326
1143034,40,254,20,314
1143035,27,212,6,245
1143036,30,348,39,417
1143037,37,188,24,249
1143038,32,236,10,278
1143101,20,370,32,422
1143102,33,361,20,414
1143103,12,232,33,277
1143104,24,243,58,325
1143105,30,245,28,303
1143106,47,332,35,414
1143107,33,217,35,285
1143108,26,304,40,370
1143109,16,137,12,165
1143110,32,239,6,277
1143111,33,280,16,329
1143112,78,902,150,1130
1143113,38,169,11,218
1143114,25,173,16,214
1143115,0,0,0,0
1143116,27,217,33,277
1143117,49,325,7,381
1143118,47,326,27,400
1143119,41,265,16,322
1143120,32,425,27,484
1143121,15,168,15,198
1143122,57,560,59,676
1143123,27,322,58,407
1143124,28,353,21,402
1143125,35,258,25,318
1143126,45,245,7,297
1143127,56,290,15,361
1143128,35,250,14,299
1143129,36,314,22,372
1143130,28,238,10,276
1143131,44,300,14,358
1143132,29,181,3,213
1143133,28,208,17,253
1143134,32,154,15,201
1143135,22,207,12,241
1143136,50,382,12,444
1143137,79,316,18,413
1143138,69,398,32,499
1143139,25,209,12,246
1143140,22,243,15,280
1143141,39,291,14,344
1143142,34,281,11,326
1143143,35,217,12,264
1143144,39,281,24,344
1143145,24,142,21,187
1143146,33,263,33,329
1143147,58,305,19,382
1143148,48,367,15,430
1143149,19,160,6,185
1143150,24,320,9,353
1143151,60,340,52,452
1143152,40,323,41,404
1143153,35,200,36,271
1143154,26,134,9,169
1143155,26,117,5,148
1143156,38,212,11,261
1143201,22,170,18,210
1143202,19,254,8,281
1143203,15,82,9,106
1143204,49,312,4,365
1143205,0,0,0,0
1143206,12,74,17,103
1143207,3,0,0,3
1143208,16,172,16,204
1143209,16,133,4,153
1143210,44,219,13,276
1143211,26,196,31,253
1143212,59,350,26,435
1143213,21,161,0,182
1143214,13,164,49,226
1143301,41,194,6,241
1143302,32,527,52,611
1143303,48,429,22,499
1143304,14,163,16,193
1143305,50,307,24,381
1143306,54,506,15,575
1143307,58,332,15,405
1143308,48,332,8,388
1143309,25,386,48,459
1143310,59,306,44,409
1143311,31,234,12,277
1143312,19,217,11,247
1143313,42,224,16,282
1143314,38,357,25,420
1143315,18,117,24,159
1143316,34,310,3,347
1143317,52,366,6,424
1143318,50,254,25,329
1143319,44,291,17,352
1143320,33,234,35,302
1143321,47,272,20,339
1143322,46,341,22,409
1143323,37,313,12,362
1143324,52,289,16,357
1143325,36,184,25,245
1143326,47,300,9,356
1143327,56,314,15,385
1143401,29,222,8,259
1143402,15,186,10,211
1143403,27,279,3,309
1143404,22,200,15,237
1143405,42,320,15,377
1143406,37,273,9,319
1143407,24,192,13,229
1143408,30,267,19,316
1143409,31,305,27,363
1143410,34,413,12,459
1143411,30,257,15,302
1143412,34,259,19,312
1143413,56,292,15,363
1143414,45,363,8,416
1143415,36,289,26,351
1143416,9,216,6,231
1143417,29,183,13,225
1143418,16,249,15,280
1143419,24,182,12,218
1143420,28,218,4,250
1143421,48,333,28,409
1143422,6,31,6,43
1143423,0,0,0,0
1143424,26,195,19,240
1143425,20,152,18,190
1143426,23,151,21,195
1143427,37,340,6,383
1143428,17,137,12,166
1143429,40,308,9,357
1143430,40,194,4,238
1143431,32,193,0,225
1143432,17,128,18,163
1143433,31,199,25,255
1143434,33,330,9,372
1143435,45,316,24,385
1143436,31,365,39,435
1143437,21,160,3,184
1143438,55,293,41,389
1143439,46,427,24,497
1143440,35,162,10,207
1143441,0,0,0,0
1143442,17,131,3,151
1143443,26,129,15,170
1143444,47,263,15,325
1143501,46,239,6,291
1143502,17,207,9,233
1143503,32,223,19,274
1143504,19,222,12,253
1143505,22,245,17,284
1143506,48,315,18,381
1143507,33,330,21,384
1143508,36,308,25,369
1143509,53,295,15,363
1143510,17,186,15,218
1143511,3,16,0,19
1143512,22,155,9,186
1143513,22,188,15,225
1143514,30,278,12,320
1143515,27,190,12,229
1143516,31,268,12,311
1143517,19,220,24,263
1143518,33,323,15,371
1143519,24,242,19,285
1143520,30,312,21,363
1143521,31,180,15,226
1143522,44,291,15,350
1143523,37,258,12,307
1143524,26,178,12,216
1143525,61,296,34,391
1143526,37,407,21,465
1143527,27,272,27,326
1143528,28,229,27,284
1143529,34,304,18,356
1143530,39,267,26,332
1143531,51,292,15,358
1143532,21,138,8,167
1143533,26,156,3,185
1143534,36,334,15,385
1143535,50,316,9,375
1143536,40,216,21,277
1143537,34,264,4,302
1143538,32,290,6,328
1143539,27,255,10,292
1143540,20,187,26,233
1143541,29,342,27,398
1143542,41,273,7,321
1143543,12,59,9,80
1143544,30,210,13,253
1143545,45,290,27,362
1143546,49,308,20,377
1143547,41,297,6,344
1143548,21,177,10,208
1143549,23,187,3,213
1143550,26,309,26,361
1143551,55,384,28,467
1143552,51,328,27,406
1143553,34,188,16,238
1143554,55,821,48,924
1143555,13,107,3,123
1143556,51,393,12,456
1143557,15,142,15,172
1143601,52,222,49,323
1143602,0,0,0,0
1143603,49,252,56,357
1143604,33,226,52,311
1143605,44,186,53,283
1143606,67,309,44,420
1143607,71,368,12,451
1143608,59,273,43,375
1143609,45,326,33,404
1143610,28,180,14,222
1143611,50,360,19,429
1143612,46,256,18,320
1143613,32,319,24,375
1143614,37,263,27,327
1143615,57,373,34,464
1143616,62,343,34,439
1143617,47,324,41,412
1143618,26,180,27,233
1143619,47,339,37,423
1143620,50,250,76,376
1143621,38,128,24,190
1143622,54,230,42,326
1143623,23,142,12,177
1143624,35,247,27,309
1143625,35,220,25,280
1143626,27,165,20,212
1143627,49,266,28,343
1143628,47,177,10,234
1143629,0,0,0,0
1143630,36,275,33,344
1143631,38,252,35,325
1143632,23,171,30,224
1143633,46,280,18,344
1143634,34,291,25,350
1143635,52,315,39,406
1143636,30,186,12,228
1143637,25,271,10,306
1143638,58,160,20,238
1143639,50,245,51,346
1143640,61,394,39,494
1143641,59,321,30,410
1143642,19,128,15,162
1143643,56,269,25,350
1143644,34,220,20,274
1143645,32,197,26,255
1143646,44,339,18,401
1143701,31,179,21,231
1143702,23,131,9,163
1143703,44,247,41,332
1143704,119,881,76,1076
1143705,3,6,0,9
1143706,43,253,28,324
1143707,38,227,27,292
1143708,21,176,34,231
1143709,3,0,0,3
1143710,66,297,37,400
1143711,23,156,39,218
1143712,30,184,30,244
1143713,36,384,41,461
1143714,62,339,42,443
1143715,38,285,32,355
1143716,44,265,31,340
1143717,29,229,59,317
1143718,43,253,46,342
1143719,24,169,18,211
1143720,64,287,40,391
1143721,39,343,18,400
1143722,3,0,0,3
1143723,3,20,19,42
1143724,65,385,27,477
1143725,22,201,18,241
1143726,68,331,44,443
1143727,36,184,14,234
1143728,87,426,36,549
1143729,36,299,20,355
1143730,42,345,12,399
1143731,43,278,12,333
1143732,41,282,27,350
1143733,28,282,16,326
1143734,28,371,23,422
1143735,10,179,30,219
1143736,23,390,45,458
1143737,31,202,24,257
1143738,34,242,18,294
1143739,30,354,47,431
1143801,26,136,12,174
1143802,31,183,0,214
1143803,49,194,28,271
1143804,36,263,24,323
1143805,26,304,20,350
1143806,30,290,31,351
1143807,50,249,26,325
1143808,25,148,26,199
1143809,51,314,47,412
1143810,35,280,21,336
1143811,39,275,18,332
1143812,30,290,39,359
1143813,36,278,25,339
1143814,48,303,45,396
1143815,29,212,13,254
1143816,60,356,37,453
1143817,39,302,23,364
1143818,44,238,32,314
1143819,21,195,6,222
1143820,45,216,21,282
1143821,41,250,13,304
1143822,27,146,21,194
1143823,13,148,9,170
1143824,41,244,9,294
1143825,44,257,30,331
1143826,19,243,24,286
1143827,63,315,43,421
1143828,33,231,37,301
1143829,18,76,3,97
1143830,40,259,41,340
1143831,21,244,15,280
1143832,0,4,3,7
1143833,18,220,25,263
1143834,68,351,48,467
1143835,37,135,37,209
1143836,31,274,27,332
1143837,41,298,26,365
1143838,0,0,0,0
1143839,25,146,47,218
1143840,29,174,51,254
1143841,36,153,59,248
1143842,54,385,46,485
1143843,22,135,9,166
1143844,24,196,5,225
1143845,25,146,51,222
1143846,25,164,13,202
1143847,18,205,21,244
1143848,46,162,74,282
1143849,24,118,42,184
1143850,29,200,11,240
1143851,37,380,38,455
1143852,20,86,34,140
1143853,23,207,23,253
1143854,3,14,0,17
1143855,44,283,30,357
1143856,31,347,32,410
1143857,25,142,10,177
1143858,23,133,13,169
1143901,0,0,0,0
1144001,20,158,4,182
1144002,28,209,28,265
1144003,0,22,4,26
1144004,60,483,35,578
1144005,29,243,10,282
1144006,0,0,0,0
1144007,30,125,17,172
1144008,47,248,24,319
1144009,39,254,16,309
1144010,27,248,18,293
1144011,35,317,32,384
1144012,47,260,22,329
1144013,58,376,24,458
1144014,34,332,29,395
1144015,18,113,30,161
1144016,40,351,46,437
1144017,40,286,16,342
1144018,31,291,35,357
1144019,37,163,27,227
1144020,36,383,39,458
1144021,34,264,21,319
1144022,28,251,21,300
1144023,49,289,28,366
1144024,0,24,0,24
1144025,43,269,23,335
1144026,47,364,35,446
1144027,27,202,10,239
1144028,47,227,24,298
1144029,49,268,8,325
1144030,32,204,24,260
1144031,48,247,23,318
1144032,85,494,32,611
1144033,24,235,15,274
1144034,29,221,4,254
1144035,39,199,21,259
1144036,61,411,31,503
1144037,47,408,44,499
1144038,33,205,15,253
1144039,24,245,24,293
1144040,49,236,24,309
1144041,28,141,0,169
1144042,23,192,31,246
1144043,28,158,18,204
1144044,46,254,27,327
1144101,44,339,57,440
1144102,37,242,6,285
1144103,28,263,17,308
1144104,50,283,18,351
1144105,27,183,3,213
1144106,44,249,18,311
1144107,47,340,27,414
1144108,45,377,40,462
1144109,26,222,22,270
1144110,40,226,35,301
1144111,84,378,54,516
1144112,58,301,37,396
1144113,42,207,5,254
1144114,41,388,54,483
1144115,20,254,9,283
1144116,33,200,18,251
1144117,45,299,44,388
1144118,40,290,14,344
1144119,40,280,22,342
1144120,58,288,7,353
1144121,67,649,77,793
1144122,56,264,22,342
1144123,37,267,24,328
1144124,22,178,19,219
1144125,39,285,21,345
1144126,36,220,20,276
1144127,50,265,37,352
1144128,51,346,12,409
1144129,65,329,22,416
1144130,28,196,7,231
1144131,31,213,16,260
1144132,43,299,18,360
1144133,56,347,40,443
1144134,34,220,18,272
1144135,52,371,27,450
1144136,48,254,34,336
1144201,25,235,26,286
1144202,72,756,26,854
1144203,0,0,0,0
1144204,36,189,70,295
1144205,54,277,69,400
1144206,44,223,16,283
1144207,18,213,15,246
1144208,5,33,408,446
1144209,24,163,12,199
1144210,39,225,21,285
1144211,38,252,13,303
1144212,19,225,42,286
1144213,38,268,23,329
1144214,24,198,25,247
1144215,38,203,12,253
1144216,47,323,15,385
1144217,15,206,21,242
1144218,22,188,3,213
1144219,39,247,34,320
1144220,31,305,9,345
1144221,27,190,6,223
1144222,39,325,27,391
1144223,42,346,42,430
1144224,58,309,28,395
1144225,37,247,26,310
1144226,53,213,22,288
1144227,36,213,18,267
1144228,48,274,11,333
1144229,52,224,34,310
1144230,28,163,53,244
1144231,52,248,52,352
1144232,24,256,42,322
1144233,0,0,0,0
1144234,40,224,9,273
1144235,65,320,32,417
1144236,23,297,34,354
1144237,34,219,27,280
1144238,34,173,15,222
1144239,46,279,33,358
1144240,33,182,10,225
1144241,37,263,33,333
1144242,26,150,10,186
1144243,31,240,19,290
1144244,45,274,28,347
1144245,33,285,30,348
1144246,34,263,23,320
1144247,41,250,25,316
1144248,40,318,35,393
1144249,38,236,23,297
1144250,43,321,44,408
1144251,28,132,11,171
1144252,47,357,47,451
1144253,58,246,39,343
1144301,41,248,8,297
1144302,36,173,7,216
1144303,40,189,16,245
1144304,26,173,10,209
1144305,37,214,6,257
1144306,41,343,24,408
1144307,39,229,12,280
1144308,29,200,21,250
1144309,57,364,33,454
1144310,37,342,17,396
1144311,28,265,18,311
1144312,0,0,0,0
1144313,3,22,0,25
1144314,37,226,15,278
1144315,36,248,12,296
1144316,28,189,30,247
1144317,34,213,31,278
1144318,46,334,13,393
1144319,11,116,32,159
1144320,6,39,3,48
1144321,36,190,46,272
1144322,26,227,15,268
1144323,35,199,21,255
1144324,25,277,27,329
1144325,33,158,3,194
1144326,0,11,0,11
1144327,56,230,27,313
1144328,3,18,8,29
1144329,27,200,20,247
1144330,26,328,40,394
1144331,44,283,34,361
1144332,22,192,12,226
1144333,32,249,22,303
1144334,47,280,37,364
1144335,48,287,28,363
1144336,42,293,70,405
1144337,57,344,83,484
1144338,41,325,65,431
1144339,41,283,26,350
1144340,55,437,42,534
1144341,28,302,15,345
1144342,0,0,0,0
1144343,27,156,35,218
1144344,52,264,52,368
1144345,22,166,21,209
1144346,30,254,17,301
1144347,33,273,29,335
1144348,26,207,28,261
1144349,31,196,33,260
1144350,34,126,20,180
1144401,27,115,33,175
1144402,9,106,39,154
1144403,21,113,18,152
1144404,37,190,79,306
1144405,29,111,33,173
1144406,40,238,79,357
1144407,41,317,50,408
1144408,35,254,26,315
1144409,29,282,10,321
1144410,44,284,36,364
1144411,29,203,18,250
1144412,40,326,38,404
1144413,41,302,21,364
1144414,31,207,7,245
1144415,61,283,15,359
1144416,51,262,15,328
1144417,64,461,9,534
1144418,32,157,3,192
1144419,33,144,12,189
1144420,30,301,31,362
1144421,22,164,13,199
1144422,33,156,13,202
1144423,39,351,39,429
1144424,25,128,44,197
1144425,38,325,61,424
1144426,34,258,41,333
1144427,24,159,16,199
1144428,40,249,19,308
1144429,34,176,23,233
1144430,38,212,18,268
1144431,13,141,30,184
1144432,47,348,30,425
1144433,47,271,21,339
1144434,40,265,22,327
1144435,37,234,4,275
1144436,20,235,26,281
1144437,36,258,51,345
1144438,22,144,26,192
1144439,22,243,36,301
1144440,23,185,13,221
1144441,31,266,41,338
1144442,34,165,38,237
1144443,7,83,26,116
1144444,35,166,19,220
1144445,26,206,14,246
1144446,44,191,13,248
1144447,39,350,36,425
1144448,29,160,15,204
1144449,21,210,21,252
1144450,23,198,9,230
1144451,16,129,8,153
1144452,36,270,33,339
1144453,27,175,26,228
1144454,45,281,22,348
1144455,15,163,21,199
1144456,31,248,7,286
1144501,13,169,22,204
1144502,44,159,21,224
1144503,68,384,40,492
1144504,36,189,18,243
1144505,28,220,9,257
1144506,73,377,35,485
1144507,21,158,7,186
1144508,19,87,12,118
1144509,26,147,0,173
1144510,34,237,15,286
1144511,38,224,21,283
1144512,54,364,26,444
1144513,24,188,22,234
1144514,32,169,25,226
1144515,34,222,21,277
1144601,44,351,11,406
1144602,34,231,18,283
1144603,35,221,17,273
1144604,64,290,20,374
1144605,29,240,12,281
1144606,52,358,24,434
1144607,30,145,12,187
1144608,27,199,12,238
1144609,62,342,19,423
1144610,30,165,13,208
1144611,19,141,19,179
1144612,57,291,31,379
1144613,22,174,12,208
1144614,34,327,16,377
1144615,22,274,24,320
1144616,22,156,12,190
1144617,35,204,23,262
1144618,18,149,9,176
1144619,36,254,15,305
1144701,28,181,7,216
1144702,22,148,9,179
1144703,31,165,36,232
1144704,31,181,8,220
1144705,62,297,13,372
1144706,27,164,15,206
1144707,47,309,35,391
1144708,36,173,14,223
1144709,34,200,6,240
1144710,18,119,9,146
1144711,28,161,30,219
1144712,38,192,48,278
1144713,29,334,35,398
1144714,41,258,25,324
1144715,31,286,25,342
1144716,4,62,8,74
1144717,33,147,9,189
1144718,25,214,11,250
1144719,37,182,4,223
1144720,47,238,31,316
1144721,34,240,23,297
1144722,51,296,32,379
1144723,49,336,24,409
1144724,27,191,18,236
1144725,27,180,15,222
1144726,52,306,37,395
1144727,25,202,41,268
1144728,26,249,41,316
1144729,40,305,37,382
1144730,80,390,30,500
1144731,39,236,25,300
1144732,0,0,0,0
1144733,35,222,15,272
1144734,37,221,25,283
1144735,26,228,30,284
1144736,23,242,10,275
1144737,59,407,24,490
1144738,43,277,35,355
1144739,42,236,16,294
1144740,24,229,21,274
1144741,27,228,25,280
1144742,27,173,10,210
1144743,14,79,0,93
1144801,27,189,20,236
1144802,26,207,4,237
1144803,29,178,3,210
1144804,25,147,12,184
1144805,49,361,40,450
1144806,17,163,0,180
1144807,29,183,16,228
1144808,19,158,15,192
1144809,32,253,9,294
1144810,33,308,30,371
1144811,59,407,27,493
1144812,21,102,9,132
1144813,35,247,21,303
1144814,54,361,36,451
1144815,31,144,15,190
1144816,35,206,10,251
1144817,37,204,3,244
1144818,41,226,30,297
1144819,41,265,35,341
1144820,33,203,15,251
1144821,34,207,18,259
1144822,40,226,33,299
1144823,29,243,40,312
1144824,33,184,15,232
1144901,24,181,72,277
1144902,33,240,77,350
1144903,18,141,136,295
1144904,39,283,55,377
1144905,38,270,12,320
1144906,41,204,9,254
1144907,50,314,36,400
1144908,3,45,9,57
1144909,36,229,26,291
1144910,40,328,26,394
1144911,32,135,6,173
1144912,54,274,15,343
1144913,53,301,18,372
1144914,25,151,19,195
1144915,56,281,83,420
1145001,25,144,3,172
1145002,25,116,10,151
1145003,18,245,19,282
1145004,27,162,10,199
1145005,49,317,10,376
1145006,31,112,3,146
1145007,28,184,15,227
1145008,35,232,12,279
1145009,50,313,21,384
1145010,48,326,6,380
1145011,38,198,16,252
1145012,58,351,16,425
1145013,20,142,7,169
1145014,33,127,3,163
1145015,40,244,9,293
1145016,51,281,29,361
1145017,30,273,10,313
1145018,40,216,8,264
1145019,56,336,12,404
1145020,28,199,15,242
1145021,0,17,0,17
1145022,42,248,20,310
1145023,54,367,15,436
1145024,34,305,19,358
1145025,71,318,10,399
1145026,31,190,9,230
1145027,73,400,15,488
1145028,37,188,12,237
1145029,35,303,9,347
1145030,50,294,14,358
1145031,23,289,18,330
1145032,31,184,10,225
1145033,73,351,18,442
1145034,42,234,18,294
1145035,0,3,0,3
1145036,47,237,12,296
1145037,74,308,14,396
1145038,54,342,4,400
1145039,0,0,0,0
1145040,34,195,18,247
1145041,56,425,29,510
1145042,46,226,3,275
1145043,29,203,4,236
1145044,50,290,15,355
1145045,38,285,11,334
1145046,33,256,18,307
1145047,42,203,12,257
1145048,43,343,18,404
1145049,46,220,28,294
1145050,18,140,6,164
1145051,32,194,12,238
1145101,3,14,0,17
1145201,22,196,19,237
1145202,53,286,33,372
1145203,23,227,16,266
1145204,37,193,19,249
1145205,50,260,21,331
1145206,25,166,34,225
1145207,50,265,25,340
1145208,44,246,18,308
1145209,26,158,37,221
1145210,35,199,24,258
1145211,43,230,59,332
1145212,50,364,51,465
1145213,43,273,27,343
1145214,34,133,33,200
1145215,3,18,0,21
1145216,39,240,26,305
1145217,39,232,22,293
1145218,47,196,81,324
1145219,47,216,48,311
1145220,21,177,31,229
1145221,27,168,26,221
1145222,4,13,3,20
1145223,73,398,60,531
1145224,52,335,100,487
1145225,41,218,26,285
1145226,24,162,33,219
1145227,38,184,64,286
1145228,66,417,42,525
1145229,35,157,7,199
1145230,25,346,21,392
1145231,30,269,34,333
1145232,71,324,41,436
1145233,37,242,22,301
1145234,27,154,16,197
1145235,19,152,0,171
1145236,38,209,48,295
1145237,18,219,34,271
1145301,0,8,0,8
1145302,42,276,4,322
1145303,40,230,13,283
1145304,31,191,10,232
1145305,70,345,31,446
1145306,62,381,32,475
1145307,63,389,28,480
1145308,34,173,6,213
1145309,39,245,26,310
1145310,54,322,33,409
1145311,50,328,28,406
1145312,43,307,22,372
1145313,40,188,9,237
1145314,39,167,8,214
1145315,39,174,21,234
1145316,59,325,23,407
1145317,6,0,0,6
1145318,68,324,45,437
1145319,35,239,0,274
1145320,43,254,19,316
1145321,70,399,24,493
1145322,34,177,6,217
1145323,38,193,38,269
1145324,56,287,37,380
1145325,32,157,6,195
1145326,50,298,27,375
1145327,55,346,24,425
1145328,28,187,9,224
1145401,46,308,9,363
1145402,49,288,31,368
1145403,28,218,12,258
1145404,63,349,14,426
1145405,47,369,20,436
1145406,40,284,0,324
1145407,61,351,20,432
1145408,33,250,6,289
1145409,41,367,13,421
1145410,44,216,15,275
1145411,48,326,21,395
1145412,41,320,22,383
1145413,43,210,9,262
1145414,37,215,7,259
1145415,40,276,38,354
1145416,42,234,7,283
1145417,48,245,0,293
1145418,44,327,13,384
1145419,60,285,6,351
1145420,41,248,12,301
1145421,52,306,15,373
1145422,51,319,15,385
1145423,73,306,28,407
1145424,59,345,16,420
1145425,25,185,16,226
1145426,50,239,14,303
1145427,34,277,89,400
1145428,37,229,15,281
1145429,32,211,15,258
1145430,60,346,15,421
1145431,42,239,3,284
1145432,44,329,10,383
1145433,68,418,19,505
1145434,27,305,44,376
1145435,49,270,33,352
1145436,41,255,15,311
1145437,53,392,10,455
1145438,28,241,3,272
1145439,10,206,9,225
1145440,39,311,4,354
1145441,37,222,9,268
1145442,40,252,3,295
1145443,27,184,4,215
1145444,34,258,21,313
1145445,48,334,3,385
1145446,32,353,13,398
1145447,67,406,24,497
1145448,40,201,13,254
1145449,47,179,6,232
1145450,42,276,27,345
1145451,32,249,35,316
1145501,51,255,88,394
1145502,27,160,28,215
1145503,38,334,12,384
1145504,26,224,15,265
1145505,34,241,30,305
1145506,55,402,67,524
1145507,40,314,21,375
1145508,50,334,47,431
1145509,32,219,12,263
1145510,14,237,6,257
1145511,39,224,24,287
1145512,34,212,15,261
1145513,33,233,34,300
1145514,43,228,17,288
1145515,43,238,61,342
1145601,0,6,0,6
1145701,15,219,6,240
1145702,32,334,18,384
1145703,46,263,14,323
1145704,54,276,41,371
1145705,27,243,18,288
1145706,18,126,21,165
1145707,27,188,12,227
1145708,30,150,20,200
1145709,40,229,22,291
1145710,23,203,13,239
1145711,46,321,20,387
1145712,59,385,26,470
1145713,71,284,18,373
1145714,25,143,9,177
1145715,63,349,30,442
1145716,35,220,14,269
1145717,44,307,51,402
1145718,32,352,44,428
1145719,15,177,19,211
1145720,32,266,10,308
1145721,67,352,27,446
1145722,24,175,18,217
1145723,52,246,7,305
1145724,29,228,13,270
1145725,43,210,23,276
1145726,30,147,0,177
1145727,29,182,4,215
1145728,17,182,8,207
1145729,36,218,9,263
1145730,26,234,13,273
1145731,26,133,15,174
1145732,37,310,22,369
1145733,40,256,10,306
1145734,49,299,27,375
1145735,32,128,18,178
1145736,28,161,3,192
1145737,48,311,21,380
1145738,36,260,14,310
1145739,22,191,30,243
1145740,52,322,29,403
1145741,28,180,15,223
1145801,37,287,18,342
1145802,36,225,18,279
1145803,24,205,6,235
1145804,20,157,22,199
1145805,26,184,6,216
1145806,28,237,9,274
1145807,43,251,25,319
1145808,36,309,21,366
1145809,27,254,20,301
1145810,31,286,29,346
1145811,30,223,19,272
1145812,53,251,34,338
1145813,42,331,31,404
1145814,36,259,13,308
1145815,21,188,12,221
1145816,33,222,29,284
1145817,28,175,21,224
1145818,21,176,19,216
1145819,34,230,21,285
1145820,29,312,15,356
1145821,37,176,9,222
1145822,58,346,12,416
1145823,29,186,14,229
1145824,26,152,11,189
1145825,0,6,3,9
1145826,35,276,34,345
1145827,16,129,12,157
1145828,25,223,18,266
1145829,52,228,0,280
1145830,42,269,7,318
1145831,31,272,3,306
1145832,18,193,16,227
1145833,34,164,48,246
1145834,30,135,15,180
1145835,25,229,0,254
1145836,17,125,10,152
1145837,59,313,14,386
1145838,44,310,29,383
1145839,25,165,8,198
1145840,25,198,23,246
1145841,29,294,18,341
1145842,27,334,24,385
1145843,56,240,56,352
1145844,26,194,17,237
1145845,17,194,18,229
1145846,31,280,17,328
1145847,20,126,10,156
1145848,0,0,0,0
1145849,40,237,22,299
1145901,42,225,17,284
1145902,59,373,50,482
1145903,25,191,18,234
1145904,52,283,15,350
1145905,50,376,19,445
1145906,52,365,18,435
1145907,38,250,22,310
1145908,33,171,11,215
1145909,44,255,28,327
1145910,53,344,34,431
1145911,19,171,13,203
1145912,50,262,24,336
1145913,63,381,25,469
1145914,27,183,12,222
1145915,58,389,17,464
1145916,16,161,7,184
1145917,31,319,20,370
1145918,50,264,12,326
1145919,11,141,17,169
1145920,38,213,3,254
1145921,19,187,12,218
1145922,34,265,16,315
1145923,40,244,23,307
1145924,45,220,10,275
1145925,34,255,15,304
1145926,29,235,15,279
1145927,44,293,12,349
1145928,65,375,39,479
1145929,51,285,21,357
1145930,26,218,14,258
1145931,42,258,25,325
1145932,14,122,191,327
1145933,43,344,24,411
1145934,39,264,15,318
1146001,24,216,12,252
1146002,37,275,9,321
1146003,36,224,3,263
1146004,21,149,3,173
1146005,33,256,15,304
1146006,16,139,9,164
1146007,17,205,6,228
1146008,37,302,12,351
1146009,26,230,9,265
1146010,32,287,15,334
1146011,23,209,9,241
1146012,55,394,9,458
1146013,26,254,13,293
1146014,40,340,25,405
1146015,33,381,21,435
1146016,36,353,22,411
1146017,0,0,0,0
1146018,60,327,15,402
1146019,49,390,43,482
1146020,33,263,0,296
1146021,37,345,34,416
1146022,35,293,32,360
1146023,29,223,13,265
1146024,57,379,10,446
1146025,23,175,12,210
1146026,23,275,13,311
1146027,36,371,3,410
1146028,32,298,14,344
1146029,27,254,10,291
1146030,30,194,15,239
1146031,60,316,31,407
1146032,18,153,9,180
1146033,34,214,12,260
1146034,36,282,6,324
1146035,41,365,20,426
1146036,23,320,22,365
1146037,24,144,3,171
1146038,19,198,11,228
1146039,21,230,3,254
1146040,21,214,9,244
1146041,35,264,22,321
1146042,37,327,33,397
1146043,56,437,15,508
1146044,51,338,22,411
1146045,26,278,17,321
1146046,19,148,9,176
1146047,38,377,16,431
1146048,25,316,10,351
1146049,29,229,21,279
1146101,28,217,9,254
1146102,22,211,13,246
1146103,48,339,53,440
1146104,23,192,9,224
1146105,24,233,26,283
1146106,53,411,41,505
1146107,41,197,12,250
1146108,28,179,7,214
1146109,50,299,3,352
1146110,41,294,37,372
1146111,29,185,62,276
1146112,54,330,23,407
1146113,31,233,21,285
1146114,28,227,11,266
1146115,30,235,15,280
1146116,30,324,9,363
1146117,65,403,29,497
1146118,38,306,8,352
1146119,53,336,12,401
1146120,68,422,33,523
1146121,60,360,29,449
1146122,21,130,0,151
1146123,35,197,5,237
1146124,32,196,18,246
1146125,24,196,18,238
1146126,41,272,28,341
1146127,75,353,37,465
1146128,22,229,21,272
1146129,51,297,23,371
1146130,43,254,21,318
1146131,30,282,9,321
1146132,26,180,37,243
1146133,0,3,4,7
1146134,45,252,27,324
1146135,17,150,15,182
1146136,39,361,38,438
1146137,48,409,36,493
1146138,34,362,47,443
1146139,46,402,44,492
1146140,18,196,28,242
1146141,53,355,38,446
1146201,64,455,188,707
1146202,37,322,19,378
1146203,32,251,20,303
1146204,45,329,28,402
1146205,42,315,27,384
1146206,48,419,110,577
1146207,54,418,35,507
1146208,43,256,15,314
1146209,24,177,13,214
1146210,15,126,4,145
1146211,11,121,6,138
1146212,15,112,21,148
1146213,34,232,18,284
1146214,44,298,31,373
1146215,0,0,0,0
1146216,62,538,89,689
1146217,32,245,33,310
1146218,27,170,27,224
1146219,46,364,49,459
1146220,28,204,12,244
1146221,25,168,10,203
1146222,36,433,21,490
1146223,57,322,44,423
1146224,69,445,50,564
1146225,46,391,25,462
1146226,5,140,18,163
1146227,24,265,50,339
1146228,43,343,32,418
1146229,27,335,16,378
1146230,17,163,23,203
1146231,42,303,24,369
1146232,16,131,14,161
1146233,36,324,22,382
1146234,28,216,12,256
1146235,30,289,17,336
1146236,51,379,12,442
1146237,23,186,15,224
1146238,32,240,15,287
1146239,45,350,23,418
1146301,16,101,6,123
1146302,22,174,7,203
1146303,34,271,17,322
1146304,26,209,19,254
1146305,39,294,22,355
1146306,37,236,12,285
1146307,32,301,21,354
1146308,58,380,46,484
1146309,43,271,45,359
1146310,36,231,10,277
1146311,20,152,18,190
1146312,50,274,23,347
1146313,27,178,31,236
1146314,41,183,22,246
1146315,27,312,21,360
1146316,19,134,13,166
1146317,14,141,33,188
1146318,43,198,25,266
1146319,24,162,3,189
1146401,29,196,27,252
1146402,25,170,24,219
1146403,42,255,44,341
1146404,43,266,40,349
1146405,43,391,73,507
1146406,15,163,43,221
1146407,39,311,37,387
1146408,45,384,24,453
1146409,57,315,18,390
1146410,25,179,35,239
1146411,29,237,34,300
1146412,30,190,27,247
1146413,22,235,141,398
1146414,49,450,38,537
1146415,37,187,25,249
1146416,14,128,52,194
1146417,13,128,20,161
1146418,37,225,24,286
1146419,52,280,36,368
1146420,20,245,40,305
1146421,56,252,57,365
1146422,20,138,9,167
1146423,24,255,25,304
1146424,26,292,32,350
1146425,24,224,28,276
1146426,0,15,0,15
1146427,0,6,0,6
1146428,0,9,0,9
1146429,37,225,34,296
1146430,47,428,37,512
1146431,51,315,17,383
1146432,38,352,28,418
1146433,27,243,30,300
1146501,50,346,15,411
1146502,0,0,0,0
1146503,0,0,0,0
1146504,40,365,31,436
1146505,39,246,4,289
1146506,64,403,30,497
1146507,45,265,24,334
1146508,33,186,21,240
1146509,17,125,9,151
1146510,18,220,31,269
1146511,35,327,32,394
1146512,32,237,23,292
1146513,22,208,24,254
1146514,29,220,32,281
1146601,55,355,33,443
1146602,21,107,13,141
1146603,43,211,19,273
1146604,57,285,39,381
1146605,39,294,21,354
1146606,0,196,6,202
1146607,3,87,3,93
1146608,12,141,16,169
1146609,47,339,47,433
1146610,35,284,28,347
1146611,43,236,18,297
1146612,47,278,19,344
1146613,42,292,24,358
1146614,47,326,29,402
1146615,53,304,26,383
1146616,49,332,18,399
1146617,49,357,21,427
1146618,13,230,29,272
1146619,37,338,45,420
1146620,71,301,58,430
1146621,28,227,38,293
1146622,37,256,33,326
1146623,39,346,32,417
1146624,16,133,20,169
1146625,39,232,16,287
1146626,29,198,9,236
1146627,69,410,31,510
1146628,31,276,30,337
1146629,66,312,41,419
1146630,28,170,11,209
1146631,37,444,20,501
1146632,33,192,20,245
1146633,62,311,31,404
1146701,3,12,0,15
1146702,53,245,15,313
1146703,22,189,33,244
1146704,28,143,10,181
1146705,0,0,0,0
1146706,0,0,0,0
1146707,36,284,15,335
1146708,0,9,0,9
1146709,19,168,31,218
1146710,32,274,40,346
1146711,24,188,24,236
1146712,28,210,18,256
1146713,30,176,27,233
1146714,27,203,11,241
1146715,57,306,27,390
1146716,42,246,9,297
1146717,31,158,21,210
1146718,26,307,17,350
1146719,23,134,9,166
1146720,24,149,12,185
1146721,49,263,27,339
1146722,34,220,6,260
1146723,18,135,6,159
1146724,24,236,12,272
1146725,41,295,23,359
1146726,35,277,32,344
1146727,38,231,24,293
1146728,22,146,15,183
1146729,20,129,14,163
1146730,43,378,19,440
1146731,42,294,24,360
1146732,24,190,29,243
1146733,32,231,18,281
1146734,33,215,37,285
1146735,30,262,12,304
1146736,35,261,12,308
1146737,40,260,16,316
1146738,49,319,26,394
1146739,40,332,16,388
1146740,22,236,22,280
1146741,43,341,24,408
1146742,48,267,14,329
1146743,25,160,16,201
1146744,44,355,22,421
1146745,29,226,12,267
1146801,46,292,14,352
1146802,53,319,38,410
1146803,41,348,31,420
1146804,12,154,19,185
1146805,34,227,23,284
1146806,13,118,17,148
1146807,31,225,28,284
1146808,0,0,669,669
1146809,0,0,0,0
1146810,30,147,15,192
1146811,37,217,33,287
1146812,32,118,7,157
1146813,26,179,12,217
1146814,26,176,16,218
1146815,24,257,21,302
1146816,30,265,12,307
1146817,51,261,23,335
1146818,24,287,6,317
1146819,48,269,31,348
1146901,62,257,23,342
1146902,32,285,25,342
1146903,27,171,21,219
1146904,16,189,7,212
1146905,18,213,17,248
1146906,37,294,27,358
1146907,0,9,0,9
1146908,0,0,0,0
1146909,41,344,23,408
1146910,18,116,3,137
1146911,39,337,37,413
1146912,23,203,12,238
1146913,24,219,29,272
1146914,17,152,12,181
1146915,47,270,16,333
1146916,26,272,18,316
1146917,10,127,14,151
1146918,33,295,12,340
1146919,23,250,24,297
1146920,25,290,21,336
1147001,20,252,15,287
1147002,31,266,15,312
1147003,44,426,27,497
1147004,23,223,11,257
1147005,61,423,18,502
1147006,72,419,40,531
1147007,67,460,29,556
1147008,39,330,17,386
1147009,35,270,26,331
1147010,45,400,32,477
1147011,43,277,16,336
1147012,30,284,15,329
1147013,48,409,32,489
1147014,18,167,3,188
1147015,50,297,12,359
1147016,35,309,29,373
1147017,35,348,39,422
1147018,29,194,25,248
1147019,43,345,34,422
1147020,40,357,12,409
1147021,44,353,14,411
1147022,26,257,24,307
1147023,46,372,6,424
1147024,41,424,26,491
1147025,67,455,48,570
1147026,47,314,10,371
1147027,20,170,16,206
1147028,32,224,13,269
1147029,37,315,21,373
1147030,35,294,39,368
1147031,37,272,6,315
1147032,45,338,27,410
1147033,49,219,15,283
1147034,42,292,15,349
1147035,33,247,21,301
1147036,31,317,16,364
1147037,37,264,18,319
1147038,22,195,27,244
1147039,33,225,30,288
1147040,37,253,24,314
1147041,57,556,34,647
1147042,34,237,6,277
1147101,38,285,52,375
1147102,24,214,19,257
1147103,38,137,16,191
1147104,28,207,20,255
1147105,30,257,30,317
1147106,37,267,34,338
1147107,48,313,22,383
1147108,52,342,35,429
1147109,19,174,29,222
1147110,32,245,22,299
1147111,26,282,21,329
1147112,47,299,17,363
1147113,40,348,27,415
1147114,53,329,44,426
1147115,51,360,37,448
1147116,28,243,39,310
1147117,30,226,17,273
1147118,32,251,29,312
1147119,43,367,31,441
1147120,48,375,18,441
1147121,48,371,33,452
1147122,45,391,21,457
1147123,35,258,36,329
1147124,48,372,164,584
1147125,53,417,21,491
1147126,23,210,14,247
1147127,34,255,24,313
1147128,67,325,53,445
1147129,43,222,51,316
1147130,30,279,68,377
1147131,28,181,24,233
1147132,39,306,28,373
1147133,47,256,52,355
1147134,32,325,68,425
1147135,36,288,58,382
1147136,29,179,89,297
1147137,51,250,20,321
1147138,39,294,50,383
1147139,74,446,58,578
1147140,27,218,28,273
1147141,37,305,37,379
1147142,73,468,47,588
1147143,58,287,42,387
1147144,0,0,0,0
1147145,0,0,0,0
1147146,0,0,0,0
1147147,57,392,53,502
1147148,30,274,42,346
1147149,59,365,40,464
1147150,51,284,44,379
1147151,48,260,39,347
1147152,44,283,20,347
1147153,59,345,47,451
1147154,0,0,0,0
1147155,60,413,93,566
1147156,31,320,64,415
1147157,43,352,84,479
1147201,36,170,42,248
1147202,54,220,28,302
1147203,35,250,43,328
1147204,28,156,24,208
1147205,53,350,80,483
1147206,55,355,103,513
1147207,35,256,61,352
1147208,34,276,43,353
1147209,37,395,70,502
1147210,33,337,28,398
1147211,18,168,44,230
1147212,37,199,44,280
1147213,32,255,48,335
1147214,37,253,69,359
1147215,37,265,59,361
1147216,86,264,32,382
1147217,33,194,34,261
1147218,45,271,26,342
1147219,19,175,41,235
1147220,48,273,22,343
1147221,64,291,30,385
1147222,26,133,36,195
1147223,43,284,67,394
1147224,27,191,23,241
1147225,49,299,42,390
1147226,57,340,31,428
1147227,53,487,31,571
1147228,49,370,44,463
1147229,39,248,22,309
1147230,32,204,39,275
1147231,0,0,0,0
1147232,0,6,0,6
1147233,44,270,27,341
1147234,32,233,27,292
1147235,0,0,0,0
1147236,42,319,45,406
1147237,0,3,0,3
1147238,41,340,35,416
1147239,56,288,54,398
1147240,30,306,46,382
1147241,54,321,41,416
1147242,36,106,15,157
1147243,38,306,50,394
1147244,38,180,18,236
1147245,42,283,41,366
1147246,37,272,42,351
1147247,44,334,62,440
1147248,35,272,39,346
1147249,31,294,97,422
1147250,49,772,250,1071
1147251,39,330,95,464
1147252,0,15,6,21
1147253,46,391,42,479
1147254,3,28,3,34
1147255,50,287,25,362
1147256,46,339,21,406
1147257,32,253,24,309
1147258,39,225,45,309
1147259,28,247,51,326
1147260,39,222,117,378
1147261,49,397,41,487
1147262,51,480,85,616
1147263,34,437,47,518
1147264,33,392,74,499
1147265,54,499,80,633
1147266,11,89,0,100
1147267,25,227,36,288
1147268,32,220,37,289
1147269,62,591,105,758
1147270,39,197,46,282
1147271,0,0,0,0
1147272,28,216,14,258
1147273,33,208,18,259
1147274,64,329,58,451
1147275,30,189,23,242
1147276,36,231,43,310
1147301,21,172,12,205
1147302,24,315,19,358
1147303,24,132,7,163
1147304,34,341,30,405
1147305,23,142,35,200
1147306,0,0,0,0
1147307,0,4,1345,1349
1147308,50,298,21,369
1147309,18,235,13,266
1147310,52,453,38,543
1147311,43,332,9,384
1147312,6,23,22,51
1147313,27,179,10,216
1147314,64,885,139,1088
1147315,58,834,106,998
1147316,27,249,75,351
1147317,0,6,0,6
1147318,15,248,55,318
1147319,23,219,33,275
1147320,19,177,9,205
1147321,43,217,28,288
1147322,38,343,23,404
1147323,58,406,38,502
1147324,41,362,17,420
1147401,48,455,81,584
1147402,0,0,0,0
1147403,0,0,0,0
1147404,0,0,0,0
1147405,26,262,29,317
1147406,50,264,34,348
1147407,17,206,20,243
1147408,26,108,26,160
1147409,0,16,0,16
1147410,43,154,33,230
1147411,38,233,26,297
1147412,41,267,36,344
1147413,50,321,51,422
1147414,50,357,65,472
1147415,42,254,37,333
1147416,26,202,25,253
1147417,44,186,27,257
1147418,18,230,30,278
1147419,38,221,26,285
1147420,42,285,56,383
1147421,44,254,69,367
1147422,28,264,54,346
1147423,31,229,36,296
1147424,53,248,36,337
1147425,27,210,9,246
1147426,15,200,33,248
1147427,28,199,23,250
1147428,35,233,15,283
1147429,0,0,0,0
1147430,40,236,18,294
1147431,57,299,66,422
1147432,31,234,14,279
1147433,49,360,35,444
1147434,29,404,43,476
1147435,45,373,34,452
1147436,58,250,31,339
1147437,60,448,47,555
1147438,33,213,21,267
1147439,23,201,44,268
1147440,0,0,0,0
1147441,54,382,34,470
1147442,35,362,37,434
1147443,27,195,7,229
1147444,31,209,7,247
1147445,115,1083,80,1278
1147446,44,402,23,469
1147447,42,245,52,339
1147448,40,507,39,586
1147449,68,422,16,506
1147450,28,285,35,348
1147451,33,225,32,290
1147452,33,247,22,302
1147453,13,108,3,124
1147454,12,151,21,184
1147455,37,298,53,388
1147456,0,0,0,0
1147457,32,480,65,577
1147458,49,661,42,752
1147459,54,398,77,529
1147460,30,267,30,327
1147461,62,366,55,483
1147462,38,238,36,312
1147463,38,193,21,252
1147464,15,140,38,193
1147465,41,184,25,250
1147466,26,350,17,393
1147467,31,203,23,257
1147468,34,276,29,339
1147469,24,183,28,235
1147470,23,355,32,410
1147471,27,206,29,262
1147472,24,157,10,191
1147473,21,217,18,256
1147474,27,215,30,272
1147475,18,235,32,285
1147476,21,209,21,251
1147501,0,6,0,6
1147601,33,169,9,211
1147602,43,269,9,321
1147603,47,294,273,614
1147604,42,305,8,355
1147605,44,269,21,334
1147606,28,261,21,310
1147607,35,220,12,267
1147608,46,368,12,426
1147609,62,302,12,376
1147610,55,316,21,392
1147611,37,250,18,305
1147612,46,378,31,455
1147613,28,177,32,237
1147614,35,334,16,385
1147615,67,439,18,524
1147616,15,223,6,244
1147617,43,341,18,402
1147618,40,226,6,272
1147619,44,319,18,381
1147620,27,228,0,255
1147621,28,224,5,257
1147622,38,281,13,332
1147623,61,382,25,468
1147624,60,533,44,637
1147625,51,353,15,419
1147626,45,348,25,418
1147627,35,162,6,203
1147628,50,310,18,378
1147629,29,249,21,299
1147630,28,285,18,331
1147631,56,356,15,427
1147632,45,285,17,347
1147633,51,383,31,465
1147634,40,216,21,277
1147635,58,337,17,412
1147636,24,227,9,260
1147637,52,389,23,464
1147638,58,258,18,334
1147639,36,238,18,292
1147640,33,241,12,286
1147641,40,262,10,312
1147642,63,422,15,500
1147643,50,241,16,307
1147644,44,287,20,351
1147645,44,252,14,310
1147646,56,332,17,405
1147647,34,222,27,283
1147648,40,294,14,348
1147649,41,356,25,422
1147650,40,250,19,309
1147651,27,199,27,253
1147652,57,345,18,420
1147653,56,398,7,461
1147654,17,178,13,208
1147655,32,399,21,452
1147656,42,274,35,351
1147701,33,299,28,360
1147702,0,0,0,0
1147703,31,144,9,184
1147704,33,188,6,227
1147705,0,169,0,169
1147706,45,371,35,451
1147707,21,214,7,242
1147708,16,200,3,219
1147709,28,180,20,228
1147710,26,206,16,248
1147711,38,264,21,323
1147712,30,140,16,186
1147713,36,236,27,299
1147714,17,251,38,306
1147715,75,343,36,454
1147716,30,164,27,221
1147717,59,363,72,494
1147718,59,441,24,524
1147719,38,290,15,343
1147720,46,275,22,343
1147721,3,8,0,11
1147722,29,230,39,298
1147723,0,0,0,0
1147724,38,208,58,304
1147725,40,255,30,325
1147726,44,292,29,365
1147727,41,306,15,362
1147728,38,183,12,233
1147729,46,336,19,401
1147730,0,4,0,4
1147731,18,150,3,171
1147732,31,229,19,279
1147733,21,230,19,270
1147734,47,359,43,449
1147735,31,170,15,216
1147736,36,244,11,291
1147737,48,347,14,409
1147738,39,197,18,254
1147739,0,8,0,8
1147740,41,400,22,463
1147741,31,372,17,420
1147742,37,317,33,387
1147743,33,271,34,338
1147744,61,344,57,462
1147745,40,367,14,421
1147746,28,266,29,323
1147747,27,264,35,326
1147748,31,293,24,348
1147749,42,321,37,400
1147750,43,478,35,556
1147751,22,156,14,192
1147752,34,211,34,279
1147801,38,344,52,434
1147802,32,222,31,285
1147803,37,174,45,256
1147804,31,180,37,248
1147805,45,251,48,344
1147806,37,426,95,558
1147807,32,221,19,272
1147808,27,207,9,243
1147809,27,237,12,276
1147810,32,308,38,378
1147811,39,235,29,303
1147812,29,171,24,224
1147813,40,320,22,382
1147814,93,209,23,325
1147815,42,263,33,338
1147816,64,376,36,476
1147817,25,228,32,285
1147818,37,240,17,294
1147819,48,374,21,443
1147820,20,146,21,187
1147821,36,186,34,256
1147822,23,188,22,233
1147823,34,233,20,287
1147824,73,371,26,470
1147825,87,528,42,657
1147826,43,307,23,373
1147827,37,247,9,293
1147828,40,277,26,343
1147829,47,348,31,426
1147830,54,330,24,408
1147831,34,288,22,344
1147832,33,192,18,243
1147833,25,163,19,207
1147834,57,293,12,362
1147835,25,192,5,222
1147836,46,332,9,387
1147837,33,275,46,354
1147838,55,314,46,415
1147901,31,366,36,433
1147902,64,334,27,425
1147903,69,331,26,426
1147904,46,272,31,349
1147905,30,202,22,254
1147906,36,262,19,317
1147907,47,389,28,464
1147908,38,296,28,362
1147909,0,0,3,3
1147910,23,194,23,240
1147911,55,329,33,417
1147912,40,276,27,343
1147913,64,359,32,455
1147914,36,221,13,270
1147915,43,241,22,306
1147916,24,214,42,280
1147917,0,0,0,0
1147918,35,352,19,406
1147919,37,263,27,327
1147920,42,395,46,483
1147921,45,281,34,360
1147922,25,171,27,223
1147923,50,353,21,424
1147924,77,401,71,549
1147925,43,377,44,464
1147926,57,300,21,378
1147927,45,294,33,372
1147928,0,0,0,0
1147929,28,97,15,140
1147930,65,368,27,460
1147931,38,265,23,326
1147932,37,186,31,254
1147933,30,117,12,159
1147934,38,298,19,355
1147935,0,0,362,362
1147936,0,3,0,3
1147937,0,4,0,4
1147938,0,0,0,0
1147939,26,149,27,202
1147940,54,332,29,415
1147941,55,258,24,337
1147942,49,372,24,445
1147943,47,334,32,413
1148001,56,360,52,468
1148002,24,172,27,223
1148003,35,195,51,281
1148004,50,368,30,448
1148005,30,233,34,297
1148006,62,315,32,409
1148007,42,234,32,308
1148008,48,338,29,415
1148009,49,182,27,258
1148010,37,257,39,333
1148011,15,177,24,216
1148012,33,219,36,288
1148013,63,338,64,465
1148014,30,164,14,208
1148015,88,331,26,445
1148016,67,444,43,554
1148017,26,320,30,376
1148018,0,4,4,8
1148019,34,234,30,298
1148020,64,400,57,521
1148021,19,123,15,157
1148022,33,279,29,341
1148023,21,211,32,264
1148024,34,404,33,471
1148025,58,301,44,403
1148026,47,328,49,424
1148027,48,259,21,328
1148028,45,299,32,376
1148029,36,247,27,310
1148030,44,268,40,352
1148031,25,363,69,457
1148032,65,392,33,490
1148101,47,285,22,354
1148102,25,189,21,235
1148103,73,473,55,601
1148104,37,290,71,398
1148105,27,187,26,240
1148106,47,296,43,386
1148107,34,170,13,217
1148108,49,289,53,391
1148109,50,204,36,290
1148110,38,231,43,312
1148111,37,238,64,339
1148112,45,347,55,447
1148113,39,354,33,426
1148114,29,238,59,326
1148115,35,171,18,224
1148116,26,189,38,253
1148117,26,220,25,271
1148118,28,183,6,217
1148119,36,303,57,396
1148120,35,204,33,272
1148121,25,181,21,227
1148122,58,299,44,401
1148123,40,290,45,375
1148124,57,356,43,456
1148125,47,328,147,522
1148126,41,291,56,388
1148127,43,224,36,303
1148128,37,229,38,304
1148129,36,318,79,433
1148130,29,235,84,348
1148131,49,405,64,518
1148132,31,212,30,273
1148133,0,0,0,0
1148134,0,0,0,0
1148135,11,177,13,201
1148136,21,290,26,337
1148137,32,337,22,391
1148138,30,289,44,363
1148139,39,305,37,381
1148140,26,283,36,345
1148141,34,221,33,288
1148142,43,198,22,263
1148143,0,0,0,0
1148144,0,0,0,0
1148145,40,308,43,391
1148146,27,182,15,224
1148201,57,551,24,632
1148202,29,363,3,395
1148203,0,30,0,30
1148204,53,540,9,602
1148205,31,163,22,216
1148206,36,232,8,276
1148207,0,0,0,0
1148208,28,214,9,251
1148209,34,267,24,325
1148210,32,182,14,228
1148211,48,318,30,396
1148212,49,426,20,495
1148213,32,212,21,265
1148214,62,260,31,353
1148215,49,388,24,461
1148216,45,320,28,393
1148217,25,236,16,277
1148218,35,165,17,217
1148219,58,358,22,438
1148220,46,268,13,327
1148221,48,319,22,389
1148222,25,197,21,243
1148223,34,240,20,294
1148224,58,342,33,433
1148225,51,237,27,315
1148226,32,344,30,406
1148227,21,162,10,193
1148228,52,300,32,384
1148229,22,191,12,225
1148230,70,352,57,479
1148231,36,191,18,245
1148232,32,182,13,227
1148233,24,174,9,207
1148234,35,195,4,234
1148235,16,129,17,162
1148236,49,360,15,424
1148237,40,360,23,423
1148238,20,182,16,218
1148239,47,266,12,325
1148240,21,200,18,239
1148241,28,226,12,266
1148242,35,197,17,249
1148243,27,195,16,238
1148244,43,293,21,357
1148245,32,293,24,349
1148246,36,286,26,348
1148247,70,361,43,474
1148248,42,329,24,395
1148249,54,352,21,427
1148250,34,297,24,355
1148251,32,200,16,248
1148252,47,292,18,357
1148253,24,146,8,178
1148254,24,174,100,298
1148255,35,225,24,284
1148256,68,496,42,606
1148257,21,130,4,155
1148258,53,314,23,390
1148301,30,193,41,264
1148302,36,317,63,416
1148303,19,138,51,208
1148304,50,247,54,351
1148305,42,363,37,442
1148306,0,6,0,6
1148307,52,172,29,253
1148308,28,200,33,261
1148309,28,155,25,208
1148310,37,236,37,310
1148311,56,265,70,391
1148312,48,203,38,289
1148313,19,209,55,283
1148314,66,350,75,491
1148315,59,524,78,661
1148316,20,151,51,222
1148317,46,273,36,355
1148318,35,227,89,351
1148319,38,196,21,255
1148320,34,201,32,267
1148321,31,256,90,377
1148322,57,430,40,527
1148323,46,214,21,281
1148324,59,333,35,427
1148325,62,330,13,405
1148326,37,135,21,193
1148327,27,116,11,154
1148328,35,199,10,244
1148329,55,323,69,447
1148330,51,321,53,425
1148331,35,302,50,387
1148332,57,367,34,458
1148333,46,312,37,395
1148334,0,7,6,13
1148335,35,276,22,333
1148336,33,224,31,288
1148337,44,246,41,331
1148338,43,204,61,308
1148339,48,256,59,363
1148340,44,345,61,450
1148341,26,225,25,276
1148342,49,389,48,486
1148401,62,377,56,495
1148402,41,313,27,381
1148403,49,448,63,560
1148404,35,281,49,365
1148405,49,289,50,388
1148406,68,400,70,538
1148407,50,218,19,287
1148408,51,281,31,363
1148409,27,310,153,490
1148410,37,285,51,373
1148411,21,184,33,238
1148412,28,225,27,280
1148413,41,354,59,454
1148414,22,280,36,338
1148415,29,245,49,323
1148416,52,242,51,345
1148417,19,147,16,182
1148418,0,0,0,0
1148419,39,303,48,390
1148420,36,376,23,435
1148421,42,377,39,458
1148422,33,170,12,215
1148423,44,315,43,402
1148424,27,235,46,308
1148425,27,253,36,316
1148426,32,230,32,294
1148427,50,312,9,371
1148428,44,259,11,314
1148429,33,257,27,317
1148430,47,270,32,349
1148431,46,253,34,333
1148432,59,305,15,379
1148433,37,254,17,308
1148434,40,244,33,317
1148435,26,264,45,335
1148436,31,212,46,289
1148437,59,394,44,497
1148438,26,241,25,292
1148439,32,220,6,258
1148440,42,299,47,388
1148441,37,309,35,381
1148442,65,384,49,498
1148501,36,282,21,339
1148502,41,305,7,353
1148503,45,350,60,455
1148504,58,312,39,409
1148505,37,319,18,374
1148506,36,189,18,243
1148507,40,251,36,327
1148508,34,272,56,362
1148509,56,284,44,384
1148510,26,270,36,332
1148511,56,307,27,390
1148512,61,330,36,427
1148513,58,254,24,336
1148514,47,291,37,375
1148515,26,159,20,205
1148516,54,328,57,439
1148517,31,277,19,327
1148518,41,260,27,328
1148519,40,329,32,401
1148520,37,216,18,271
1148521,53,352,12,417
1148522,53,322,20,395
1148523,33,174,41,248
1148524,13,249,74,336
1148525,15,204,29,248
1148526,46,509,105,660
1148527,19,144,26,189
1148528,52,250,40,342
1148529,55,228,52,335
1148530,40,237,33,310
1148531,39,284,37,360
1148532,51,311,24,386
1148533,67,313,28,408
1148534,31,216,21,268
1148535,55,298,47,400
1148536,54,343,37,434
1148537,43,236,19,298
1148538,59,386,36,481
1148539,41,248,42,331
1148540,38,219,37,294
1148541,50,325,48,423
1148542,40,357,42,439
1148543,30,263,30,323
1148544,19,264,34,317
1148545,25,239,39,303
1148546,18,221,35,274
1148547,41,373,103,517
1148548,22,164,58,244
1148549,39,305,80,424
1148550,34,287,39,360
1148551,48,336,36,420
1148552,30,244,18,292
1148553,39,309,20,368
1148554,31,227,41,299
1148555,21,178,24,223
1148556,45,293,30,368
1148557,36,174,34,244
1148558,37,230,79,346
1148601,3,4,0,7
1148701,0,6,0,6
1148801,18,163,14,195
1148802,41,369,24,434
1148803,40,277,32,349
1148804,46,335,59,440
1148805,43,328,36,407
1148806,20,145,25,190
1148807,27,262,40,329
1148808,43,209,12,264
1148809,51,356,35,442
1148810,23,222,15,260
1148811,58,405,29,492
1148812,0,3,0,3
1148813,28,250,27,305
1148814,33,228,28,289
1148815,59,334,24,417
1148816,37,196,17,250
1148817,63,415,30,508
1148818,26,191,45,262
1148819,19,201,24,244
1148820,37,156,21,214
1148821,29,241,23,293
1148822,51,256,31,338
1148823,57,366,19,442
1148824,61,322,36,419
1148825,25,269,38,332
1148826,29,296,38,363
1148827,32,321,66,419
1148828,64,333,34,431
1148829,23,149,6,178
1148830,67,369,37,473
1148831,49,291,25,365
1148832,49,323,18,390
1148833,30,239,18,287
1148834,70,398,41,509
1148835,41,163,14,218
1148836,36,291,33,360
1148837,25,222,53,300
1148838,31,301,39,371
1148839,39,397,46,482
1148840,14,194,11,219
1148841,31,218,25,274
1148842,35,189,12,236
1148843,22,264,34,320
1148844,37,282,56,375
1148845,34,347,69,450
1148846,16,157,15,188
1148847,35,276,15,326
1148848,42,330,57,429
1148849,29,216,39,284
1148850,36,235,195,466
1148851,44,256,36,336
1148852,49,292,65,406
1148853,45,408,52,505
1148854,28,132,24,184
1148855,24,227,21,272
1148856,22,185,5,212
1148857,42,249,27,318
1148858,28,251,25,304
1148859,33,195,18,246
1148860,27,250,25,302
1148861,19,272,37,328
1148862,25,120,38,183
1148901,29,369,54,452
1148902,34,374,39,447
1148903,25,267,10,302
1148904,33,487,43,563
1148905,17,171,16,204
1148906,27,240,27,294
1148907,37,206,53,296
1148908,22,178,18,218
1148909,22,171,25,218
1148910,30,296,33,359
1148911,43,309,62,414
1148912,13,205,44,262
1148913,44,362,43,449
1148914,0,116,433,549
1148915,55,296,26,377
1148916,58,301,45,404
1148917,27,318,27,372
1148918,16,169,7,192
1148919,28,318,32,378
1148920,44,433,29,506
1148921,26,276,40,342
1148922,33,379,54,466
1148923,22,329,103,454
1148924,31,204,26,261
1148925,36,232,27,295
1148926,41,315,57,413
1148927,28,322,9,359
1148928,36,328,52,416
1148929,33,217,26,276
1148930,20,173,19,212
1148931,31,265,37,333
1148932,18,234,31,283
1148933,36,186,27,249
1148934,28,230,35,293
1148935,36,199,33,268
1148936,25,164,12,201
1148937,24,379,24,427
1148938,18,219,15,252
1148939,14,207,12,233
1148940,27,222,19,268
1148941,55,416,60,531
1148942,25,240,41,306
1148943,40,172,12,224
1148944,32,357,32,421
1148945,35,268,4,307
1148946,48,474,43,565
1148947,32,235,20,287
1148948,12,279,25,316
1148949,17,163,13,193
1148950,53,315,31,399
1149001,63,350,12,425
1149002,46,308,22,376
1149003,20,216,6,242
1149004,39,227,18,284
1149005,33,181,13,227
1149006,36,295,24,355
1149007,43,339,15,397
1149008,21,233,12,266
1149009,38,325,12,375
1149010,28,215,16,259
1149011,35,220,14,269
1149012,46,216,6,268
1149013,47,270,30,347
1149014,25,252,6,283
1149015,57,334,4,395
1149016,48,357,15,420
1149017,48,432,15,495
1149018,65,374,9,448
1149101,42,191,8,241
1149102,53,281,25,359
1149103,50,306,27,383
1149104,3,6,0,9
1149105,28,289,23,340
1149106,70,1033,67,1170
1149107,46,505,40,591
1149108,33,470,25,528
1149109,41,541,67,649
1149110,28,101,20,149
1149111,26,369,46,441
1149112,15,289,32,336
1149113,29,232,18,279
1149114,24,330,37,391
1149115,43,413,15,471
1149116,54,487,74,615
1149117,38,308,14,360
1149118,40,333,35,408
1149119,43,279,9,331
1149120,35,303,50,388
1149121,35,253,13,301
1149122,42,206,7,255
1149123,28,279,23,330
1149124,47,239,18,304
1149125,48,252,21,321
1149126,41,241,18,300
1149127,0,0,0,0
1149128,26,265,17,308
1149129,41,386,29,456
1149130,32,250,13,295
1149131,54,539,48,641
1149132,76,827,48,951
1149133,42,350,30,422
1149134,27,187,12,226
1149135,58,374,52,484
1149201,29,476,71,576
1149202,23,254,18,295
1149203,26,312,49,387
1149204,68,1117,182,1367
1149205,26,205,25,256
1149206,3,131,20,154
1149207,24,282,25,331
1149208,44,292,25,361
1149209,0,0,0,0
1149210,0,6,0,6
1149211,41,413,197,651
1149212,21,244,78,343
1149213,39,256,60,355
1149214,37,218,25,280
1149215,25,337,35,397
1149216,28,170,34,232
1149217,20,341,44,405
1149218,10,223,41,274
1149219,48,389,74,511
1149220,37,331,47,415
1149221,26,282,54,362
1149222,16,151,23,190
1149223,10,264,37,311
1149224,24,223,23,270
1149225,36,237,23,296
1149226,23,154,8,185
1149227,52,285,47,384
1149228,19,433,73,525
1149229,25,353,25,403
1149230,23,297,21,341
1149231,20,304,29,353
1149232,32,418,73,523
1149233,42,300,24,366
1149234,43,391,132,566
1149235,58,565,83,706
1149236,23,288,36,347
1149237,28,305,52,385
1149238,28,260,42,330
1149239,11,132,15,158
1149240,23,236,40,299
1149241,27,284,50,361
1149242,67,457,54,578
1149243,37,234,28,299
1149244,27,290,36,353
1149245,27,223,25,275
1149246,20,264,54,338
1149247,44,278,36,358
1149248,48,370,61,479
1149249,35,354,75,464
1149250,16,276,49,341
1149251,18,307,46,371
1149301,26,205,18,249
1149302,40,309,9,358
1149303,47,287,32,366
1149304,30,284,22,336
1149305,42,274,15,331
1149306,42,312,33,387
1149307,63,382,27,472
1149308,88,413,179,680
1149309,46,301,14,361
1149310,40,232,16,288
1149311,48,253,21,322
1149312,49,396,40,485
1149313,45,279,38,362
1149314,31,220,30,281
1149315,50,372,19,441
1149316,35,246,9,290
1149317,50,330,21,401
1149318,22,190,9,221
1149319,0,3,3,6
1149320,64,318,17,399
1149321,31,263,24,318
1149322,36,248,53,337
1149323,42,276,17,335
1149324,52,334,37,423
1149325,39,273,22,334
1149326,31,193,13,237
1149327,21,158,4,183
1149328,34,180,18,232
1149329,55,269,14,338
1149330,29,210,36,275
1149331,33,302,29,364
1149332,37,283,27,347
1149333,33,235,18,286
1149334,51,283,19,353
1149335,62,367,36,465
1149336,44,339,32,415
1149337,30,285,36,351
1149338,54,276,20,350
1149339,47,293,21,361
1149340,32,406,56,494
1149341,55,370,28,453
1149342,55,370,17,442
1149343,31,177,22,230
1149344,48,445,49,542
1149345,74,438,67,579
1149346,43,270,18,331
1149347,28,310,20,358
1149401,38,262,9,309
1149402,29,173,24,226
1149403,36,241,12,289
1149404,47,320,15,382
1149405,41,324,12,377
1149406,31,192,18,241
1149407,39,281,18,338
1149408,39,429,30,498
1149409,53,288,9,350
1149410,40,246,24,310
1149411,60,278,12,350
1149412,38,221,10,269
1149413,34,235,14,283
1149414,23,164,23,210
1149415,33,210,6,249
1149416,13,294,82,389
1149417,49,305,21,375
1149418,52,265,16,333
1149419,10,216,6,232
1149420,36,280,11,327
1149421,63,321,24,408
1149422,38,203,3,244
1149423,46,231,13,290
1149424,44,264,18,326
1149425,63,331,9,403
1149426,33,145,9,187
1149501,42,307,9,358
1149502,23,293,19,335
1149503,38,404,15,457
1149504,41,264,24,329
1149505,36,314,36,386
1149506,36,452,27,515
1149507,35,252,17,304
1149508,56,391,61,508
1149509,33,318,20,371
1149510,55,407,27,489
1149511,49,441,24,514
1149512,25,266,3,294
1149513,46,361,20,427
1149514,44,306,8,358
1149515,41,331,21,393
1149516,39,266,0,305
1149517,49,319,11,379
1149518,43,362,6,411
1149519,26,263,24,313
1149520,57,250,10,317
1149521,35,217,16,268
1149522,36,227,12,275
1149523,49,345,21,415
1149524,55,389,27,471
1149525,36,263,14,313
1149526,42,339,19,400
1149527,34,269,0,303
1149528,55,311,24,390
1149529,48,325,5,378
1149530,29,382,33,444
1149531,51,335,39,425
1149532,31,296,18,345
1149533,46,273,13,332
1149534,40,349,15,404
1149535,30,194,17,241
1149536,31,199,21,251
1149537,30,247,10,287
1149538,38,191,6,235
1149539,54,378,9,441
1149540,33,276,15,324
1149541,32,228,21,281
1149542,57,403,16,476
1149543,30,226,3,259
1149544,27,254,9,290
1149545,26,202,9,237
1149546,44,365,22,431
1149547,23,116,18,157
1149548,32,171,0,203
1149549,19,167,0,186
1149550,39,262,12,313
1149551,41,240,9,290
1149552,42,242,15,299
1149553,33,262,22,317
1149554,41,294,15,350
1149555,22,181,6,209
1149556,22,159,6,187
1149557,21,195,6,222
1149558,31,104,3,138
1149601,44,285,12,341
1149602,16,199,34,249
1149603,29,233,12,274
1149604,25,257,6,288
1149605,27,156,3,186
1149606,26,249,7,282
1149607,46,204,12,262
1149608,48,323,15,386
1149609,35,231,11,277
1149610,38,274,17,329
1149611,0,0,0,0
1149612,0,7,0,7
1149613,29,161,12,202
1149614,55,343,6,404
1149615,43,293,15,351
1149616,29,208,9,246
1149617,40,349,30,419
1149618,62,435,42,539
1149619,29,245,12,286
1149620,33,253,6,292
1149621,50,304,15,369
1149622,71,385,12,468
1149623,41,313,9,363
1149624,52,356,3,411
1149625,13,205,16,234
1149626,19,177,14,210
1149627,55,407,37,499
1149628,70,405,22,497
1149629,27,355,14,396
1149630,40,299,12,351
1149631,46,320,15,381
1149632,53,316,12,381
1149633,51,264,16,331
1149634,24,249,7,280
1149635,60,323,3,386
1149636,33,180,6,219
1149637,44,258,18,320
1149638,41,283,15,339
1149639,28,155,3,186
1149640,27,270,14,311
1149641,43,301,12,356
1149642,46,276,20,342
1149643,42,291,6,339
1149644,41,233,14,288
1149645,22,187,9,218
1149646,62,313,9,384
1149647,61,423,10,494
1149648,45,252,10,307
1149649,39,200,0,239
1149650,34,192,9,235
1149701,57,328,25,410
1149702,55,293,12,360
1149703,38,291,15,344
1149704,60,335,13,408
1149705,61,375,16,452
1149706,31,428,92,551
1149707,35,326,37,398
1149708,32,333,37,402
1149709,28,169,12,209
1149710,46,261,29,336
1149711,40,269,29,338
1149712,53,298,30,381
1149713,60,309,29,398
1149714,17,162,15,194
1149715,31,266,9,306
1149716,52,275,12,339
1149717,63,526,39,628
1149718,39,180,23,242
1149719,55,263,15,333
1149720,29,373,42,444
1149721,24,309,55,388
1149722,42,276,12,330
1149723,28,211,25,264
1149724,48,327,17,392
1149725,76,338,23,437
1149726,65,337,22,424
1149727,29,249,19,297
1149728,27,321,10,358
1149729,50,361,32,443
1149730,50,303,30,383
1149731,47,268,15,330
1149732,44,251,12,307
1149733,31,224,12,267
1149734,61,321,12,394
1149735,39,308,37,384
1149736,26,309,28,363
1149737,53,421,38,512
1149738,40,288,8,336
1149739,67,340,16,423
1149740,50,225,23,298
1149741,16,223,6,245
1149742,61,314,21,396
1149743,55,351,15,421
1149744,38,274,5,317
1149745,52,299,28,379
1149746,31,162,3,196
1149747,34,247,25,306
1149748,9,165,9,183
1149749,25,126,9,160
1149750,47,327,22,396
1149751,39,398,14,451
1149752,33,266,15,314
1149753,32,195,9,236
1149754,27,161,26,214
1149801,28,280,25,333
1149802,37,398,33,468
1149803,51,296,9,356
1149804,35,185,24,244
1149805,50,254,15,319
1149806,43,288,30,361
1149807,47,228,21,296
1149808,17,102,9,128
1149809,53,230,18,301
1149810,76,555,31,662
1149811,7,60,0,67
1149812,50,327,30,407
1149813,60,313,8,381
1149814,32,248,25,305
1149815,22,150,18,190
1149816,43,333,12,388
1149817,36,341,35,412
1149818,43,257,20,320
1149819,28,312,18,358
1149820,48,295,10,353
1149821,24,180,12,216
1149822,33,210,10,253
1149823,15,173,16,204
1149824,46,297,23,366
1149825,31,197,18,246
1149826,34,300,10,344
1149827,34,229,14,277
1149828,31,206,9,246
1149829,30,281,27,338
1149830,49,279,22,350
1149831,36,344,28,408
1149832,25,143,12,180
1149833,46,310,26,382
1149834,40,199,29,268
1149835,9,211,15,235
1149901,33,230,15,278
1149902,38,271,29,338
1149903,43,243,26,312
1149904,61,346,29,436
1149905,28,287,20,335
1149906,32,244,18,294
1149907,38,314,10,362
1149908,23,376,16,415
1149909,23,207,18,248
1149910,30,280,9,319
1149911,57,370,14,441
1149912,34,291,15,340
1149913,28,393,34,455
1149914,41,182,24,247
1149915,54,264,38,356
1149916,49,262,21,332
1149917,16,145,4,165
1149918,47,250,7,304
1149919,58,331,30,419
1149920,35,239,11,285
1149921,29,183,16,228
1149922,34,302,21,357
1149923,33,170,18,221
1149924,52,314,29,395
1150001,0,18,0,18
1150002,3,6,0,9
1150003,51,398,43,492
1150004,21,307,20,348
1150005,18,177,0,195
1150006,52,458,14,524
1150007,56,483,33,572
1150008,18,126,9,153
1150009,37,457,24,518
1150010,49,346,21,416
1150011,79,443,29,551
1150012,22,251,26,299
1150013,57,515,22,594
1150014,30,280,10,320
1150015,32,414,25,471
1150016,23,248,20,291
1150017,48,422,25,495
1150018,37,484,29,550
1150019,45,402,18,465
1150020,21,243,24,288
1150021,15,356,114,485
1150022,15,308,36,359
1150023,22,285,32,339
1150024,16,398,172,586
1150025,46,322,23,391
1150026,51,329,41,421
1150027,19,438,32,489
1150028,38,382,26,446
1150029,20,265,25,310
1150030,37,240,14,291
1150031,34,326,38,398
1150032,30,237,27,294
1150033,41,526,67,634
1150034,16,257,12,285
1150035,9,150,4,163
1150036,40,391,38,469
1150037,17,289,15,321
1150038,25,373,29,427
1150039,29,295,39,363
1150040,46,258,50,354
1150041,30,322,51,403
1150042,14,184,21,219
1150043,17,301,35,353
1150101,48,331,16,395
1150102,37,340,19,396
1150103,25,190,6,221
1150104,43,378,33,454
1150105,45,382,28,455
1150106,45,245,25,315
1150107,44,374,26,444
1150108,41,179,15,235
1150109,51,305,16,372
1150110,45,376,43,464
1150111,57,275,7,339
1150112,25,198,4,227
1150113,33,287,25,345
1150114,0,0,0,0
1150115,56,357,31,444
1150116,42,292,24,358
1150117,30,217,18,265
1150118,37,206,18,261
1150119,7,174,44,225
1150120,21,156,12,189
1150121,25,233,28,286
1150122,28,261,4,293
1150123,68,345,51,464
1150124,48,256,15,319
1150125,0,0,0,0
1150126,18,155,19,192
1150127,3,16,22,41
1150128,45,311,19,375
1150129,25,199,12,236
1150130,34,244,12,290
1150131,43,332,24,399
1150132,45,345,21,411
1150201,40,307,15,362
1150202,28,200,73,301
1150203,61,363,35,459
1150204,52,349,25,426
1150205,49,277,27,353
1150206,23,232,19,274
1150207,54,293,10,357
1150208,39,210,17,266
1150209,29,215,17,261
1150210,33,194,20,247
1150211,39,380,27,446
1150212,54,296,26,376
1150213,25,289,42,356
1150214,26,373,53,452
1150215,43,441,24,508
1150216,27,163,7,197
1150217,36,200,9,245
1150218,49,232,14,295
1150219,30,185,15,230
1150220,51,290,23,364
1150221,46,241,7,294
1150222,32,220,24,276
1150223,32,223,20,275
1150224,28,208,20,256
1150225,26,228,19,273
1150226,22,311,23,356
1150227,59,375,21,455
1150228,49,314,17,380
1150229,30,220,21,271
1150230,38,314,30,382
1150231,46,283,36,365
1150232,60,309,36,405
1150233,25,168,16,209
1150234,66,374,27,467
1150235,30,301,16,347
1150236,32,280,15,327
1150237,49,332,13,394
1150238,69,363,27,459
1150239,58,368,18,444
1150240,35,312,27,374
1150241,50,316,34,400
1150242,51,305,29,385
1150243,21,309,13,343
1150244,51,303,9,363
1150245,64,433,23,520
1150246,53,365,20,438
1150247,50,397,36,483
1150248,42,367,34,443
1150249,26,270,20,316
1150250,35,327,28,390
1150251,30,245,17,292
1150252,69,363,23,455
1150253,96,1075,123,1294
1150254,35,317,15,367
1150255,35,222,18,275
1150256,46,324,25,395
1150257,52,366,21,439
1150301,14,66,9,89
1150302,24,253,23,300
1150303,48,273,24,345
1150304,38,285,16,339
1150305,31,223,24,278
1150306,54,307,25,386
1150307,53,451,29,533
1150308,48,304,23,375
1150309,72,360,17,449
1150310,24,342,32,398
1150311,49,308,12,369
1150312,53,319,34,406
1150313,24,191,5,220
1150314,51,515,61,627
1150315,35,396,48,479
1150316,35,204,12,251
1150317,19,156,41,216
1150318,16,215,14,245
1150319,32,497,39,568
1150320,46,287,32,365
1150321,17,105,0,122
1150322,27,220,14,261
1150323,44,350,12,406
1150324,41,419,38,498
1150325,19,143,0,162
1150326,13,370,30,413
1150327,34,334,20,388
1150328,31,350,32,413
1150329,0,0,0,0
1150330,29,332,37,398
1150331,24,206,37,267
1150332,83,1083,104,1270
1150333,50,304,27,381
1150334,39,358,20,417
1150335,49,347,43,439
1150336,52,340,43,435
1150337,64,367,34,465
1150338,39,283,24,346
1150401,57,350,45,452
1150402,31,194,27,252
1150403,50,240,68,358
1150404,24,182,26,232
1150405,17,134,35,186
1150406,59,356,53,468
1150407,36,182,44,262
1150408,26,199,59,284
1150409,30,197,36,263
1150410,40,175,46,261
1150411,49,254,64,367
1150412,35,225,71,331
1150413,39,248,76,363
1150414,31,222,18,271
1150415,29,211,48,288
1150416,16,168,46,230
1150417,54,225,47,326
1150418,49,282,37,368
1150419,41,216,30,287
1150420,37,221,51,309
1150421,25,206,31,262
1150422,71,310,65,446
1150423,35,244,64,343
1150424,75,402,50,527
1150425,48,256,38,342
1150426,41,169,30,240
1150427,24,161,73,258
1150428,45,279,117,441
1150429,52,280,83,415
1150430,34,226,55,315
1150431,0,0,3,3
1150432,19,120,23,162
1150433,39,161,51,251
1150434,39,221,64,324
1150435,21,111,31,163
1150436,22,114,16,152
1150437,22,155,24,201
1150438,56,356,84,496
1150439,48,316,44,408
1150440,34,173,15,222
1150441,39,299,43,381
1150501,48,273,89,410
1150502,27,207,39,273
1150503,17,254,118,389
1150504,50,357,49,456
1150505,62,334,46,442
1150506,30,191,15,236
1150507,16,133,27,176
1150508,32,181,37,250
1150509,49,343,50,442
1150510,34,304,53,391
1150511,60,354,33,447
1150512,38,217,25,280
1150513,41,264,38,343
1150514,24,206,36,266
1150515,29,264,73,366
1150516,52,310,26,388
1150517,34,162,36,232
1150518,47,314,65,426
1150519,63,421,64,548
1150520,52,456,48,556
1150521,32,215,27,274
1150522,22,193,24,239
1150601,25,218,53,296
1150602,27,111,26,164
1150603,24,263,29,316
1150604,39,324,57,420
1150605,76,423,30,529
1150606,29,202,31,262
1150607,24,167,20,211
1150608,15,67,12,94
1150609,42,225,29,296
1150610,21,211,14,246
1150611,44,219,58,321
1150612,20,230,26,276
1150613,24,187,37,248
1150614,35,176,28,239
1150615,34,170,57,261
1150616,25,223,19,267
1150617,28,220,51,299
1150618,44,309,42,395
1150701,60,363,36,459
1150702,19,183,14,216
1150703,39,285,24,348
1150704,35,281,32,348
1150705,13,104,11,128
1150706,16,146,6,168
1150707,0,0,0,0
1150708,32,245,6,283
1150709,27,233,9,269
1150710,54,326,33,413
1150711,20,159,9,188
1150712,21,196,20,237
1150713,47,320,61,428
1150714,43,317,35,395
1150715,38,306,9,353
1150716,40,340,24,404
1150717,38,264,25,327
1150718,51,330,44,425
1150719,36,313,26,375
1150720,31,235,28,294
1150721,45,369,41,455
1150722,36,206,12,254
1150723,45,269,29,343
1150724,33,371,35,439
1150725,54,325,14,393
1150726,25,205,17,247
1150727,54,316,56,426
1150728,38,243,33,314
1150729,47,379,29,455
1150730,0,88,7,95
1150731,46,159,7,212
1150732,32,174,15,221
1150733,22,182,10,214
1150734,22,175,23,220
1150735,27,275,47,349
1150736,25,275,30,330
1150737,12,202,30,244
1150738,24,138,14,176
1150739,42,303,30,375
1150740,43,269,29,341
1150741,51,265,24,340
1150742,29,215,18,262
1150743,18,172,21,211
1150744,22,160,8,190
1150745,76,303,60,439
1150746,31,168,32,231
1150747,47,311,42,400
1150748,34,371,40,445
1150749,16,238,21,275
1150750,61,300,24,385
1150751,28,220,22,270
1150752,60,314,39,413
1150753,41,300,23,364
1150754,28,287,25,340
1150755,22,294,13,329
1150756,11,189,3,203
1150757,17,189,12,218
1150758,53,293,18,364
1150759,41,301,30,372
1150760,14,182,29,225
1150761,49,294,36,379
1150762,33,199,6,238
1150763,40,226,18,284
1150764,29,249,17,295
1150765,55,413,24,492
1150766,20,206,34,260
1150767,23,290,29,342
1150768,20,207,9,236
1150769,30,203,25,258
1150770,60,400,39,499
1150771,25,213,22,260
1150801,26,254,15,295
1150802,63,535,29,627
1150803,50,480,23,553
1150804,25,168,3,196
1150805,53,315,20,388
1150806,44,307,31,382
1150807,43,364,31,438
1150808,40,299,28,367
1150809,36,311,29,376
1150810,33,292,36,361
1150811,35,319,34,388
1150812,51,415,33,499
1150813,38,367,19,424
1150814,41,320,25,386
1150815,26,159,21,206
1150816,30,187,29,246
1150817,30,233,9,272
1150818,19,222,13,254
1150819,59,326,16,401
1150820,48,303,34,385
1150821,43,268,27,338
1150822,26,182,10,218
1150823,40,247,17,304
1150824,28,246,44,318
1150825,17,200,39,256
1150826,48,276,24,348
1150827,22,252,42,316
1150828,31,375,26,432
1150829,44,258,36,338
1150830,32,230,30,292
1150831,34,254,18,306
1150832,68,575,55,698
1150833,28,277,22,327
1150834,33,263,27,323
1150835,32,164,17,213
1150836,41,290,32,363
1150837,24,198,12,234
1150838,21,221,27,269
1150839,21,263,15,299
1150901,24,138,6,168
1150902,63,391,23,477
1150903,38,296,23,357
1150904,35,285,32,352
1150905,23,287,25,335
1150906,55,330,38,423
1150907,65,333,34,432
1150908,42,318,32,392
1150909,77,448,48,573
1150910,43,344,30,417
1150911,53,290,33,376
1150912,42,276,39,357
1150913,57,339,35,431
1150914,44,247,6,297
1150915,53,416,18,487
1150916,29,196,10,235
1150917,17,211,30,258
1150918,33,221,24,278
1150919,51,362,32,445
1150920,57,396,23,476
1150921,28,193,24,245
1150922,37,271,23,331
1150923,37,223,0,260
1150924,34,227,18,279
1150925,39,329,28,396
1150926,28,143,15,186
1150927,21,237,6,264
1150928,3,18,0,21
1150929,29,276,37,342
1150930,39,225,33,297
1150931,37,192,29,258
1150932,29,223,34,286
1150933,43,259,34,336
1150934,21,121,35,177
1150935,38,280,68,386
1150936,59,349,68,476
1151001,45,333,27,405
1151002,27,210,12,249
1151003,19,213,21,253
1151004,36,292,99,427
1151005,46,370,20,436
1151006,64,363,18,445
1151007,64,323,15,402
1151008,54,209,20,283
1151009,45,270,18,333
1151010,22,161,6,189
1151011,34,205,25,264
1151012,31,193,13,237
1151013,24,217,18,259
1151014,49,318,26,393
1151015,44,187,17,248
1151016,51,245,31,327
1151017,40,279,34,353
1151018,51,297,24,372
1151019,52,323,31,406
1151020,15,143,6,164
1151021,42,242,12,296
1151022,42,206,21,269
1151023,0,0,0,0
1151024,50,296,29,375
1151025,0,3,0,3
1151026,29,205,0,234
1151027,24,263,24,311
1151028,28,107,3,138
1151029,32,220,14,266
1151030,47,337,27,411
1151031,56,316,38,410
1151032,29,246,26,301
1151033,61,351,34,446
1151034,22,274,20,316
1151035,24,195,20,239
1151036,62,365,39,466
1151037,38,296,23,357
1151038,22,235,9,266
1151039,47,241,19,307
1151040,27,200,12,239
1151041,29,188,11,228
1151042,26,267,6,299
1151043,25,147,21,193
1151044,50,338,15,403
1151045,35,355,28,418
1151046,38,267,23,328
1151047,47,282,31,360
1151048,51,259,15,325
1151049,25,187,11,223
1151101,34,315,47,396
1151102,0,10,0,10
1151103,19,253,33,305
1151104,32,177,33,242
1151105,28,119,15,162
1151106,57,297,39,393
1151107,32,229,154,415
1151108,57,322,27,406
1151109,7,107,13,127
1151110,34,293,31,358
1151111,52,338,46,436
1151112,38,342,48,428
1151113,30,315,35,380
1151114,25,259,42,326
1151115,51,316,32,399
1151116,34,273,42,349
1151117,46,333,46,425
1151118,35,313,68,416
1151119,29,225,45,299
1151120,35,230,21,286
1151121,33,182,32,247
1151122,34,376,46,456
1151123,24,189,45,258
1151124,23,147,40,210
1151125,18,232,14,264
1151126,36,224,25,285
1151127,39,292,52,383
1151128,29,445,55,529
1151129,37,208,39,284
1151130,37,383,80,500
1151131,12,114,36,162
1151132,19,259,46,324
1151133,16,79,15,110
1151134,49,282,51,382
1151135,30,314,49,393
1151136,39,418,60,517
1151137,54,346,42,442
1151138,37,268,35,340
1151139,59,303,41,403
1151140,15,151,25,191
1151141,58,402,48,508
1151142,23,127,32,182
1151143,44,353,39,436
1151144,49,258,35,342
1151145,17,177,25,219
1151146,23,243,38,304
1151147,29,253,25,307
1151148,26,264,51,341
1151149,50,299,45,394
1151150,61,375,32,468
1151151,26,149,16,191
1151152,42,247,52,341
1151153,13,178,33,224
1151154,52,311,40,403
1151155,39,333,42,414
1151156,27,166,25,218
1151201,15,152,54,221
1151202,33,204,41,278
1151203,28,169,32,229
1151204,66,359,39,464
1151205,34,271,31,336
1151206,44,253,41,338
1151207,16,199,20,235
1151208,15,124,18,157
1151209,35,241,22,298
1151210,38,246,45,329
1151211,36,398,39,473
1151212,34,270,38,342
1151213,30,268,30,328
1151214,37,184,23,244
1151215,39,257,34,330
1151216,38,277,53,368
1151217,28,187,48,263
1151218,47,319,71,437
1151219,37,228,30,295
1151220,54,376,33,463
1151221,61,289,27,377
1151222,35,247,33,315
1151223,40,306,22,368
1151224,32,222,11,265
1151225,28,229,36,293
1151226,36,267,28,331
1151227,33,263,36,332
1151228,38,272,34,344
1151229,52,347,49,448
1151230,28,307,30,365
1151231,42,266,39,347
1151232,52,314,38,404
1151233,45,273,71,389
1151234,43,271,38,352
1151235,45,347,30,422
1151236,32,208,29,269
1151237,33,229,32,294
1151301,39,261,37,337
1151302,32,142,19,193
1151303,14,117,15,146
1151304,29,256,41,326
1151305,23,159,12,194
1151306,40,296,28,364
1151307,38,273,22,333
1151308,58,376,40,474
1151309,41,337,30,408
1151310,45,246,34,325
1151311,39,319,34,392
1151312,34,209,19,262
1151313,51,237,15,303
1151314,29,324,23,376
1151315,46,272,35,353
1151316,31,295,39,365
1151317,19,154,10,183
1151318,44,274,24,342
1151319,21,237,33,291
1151320,39,327,29,395
1151321,18,181,16,215
1151322,37,311,54,402
1151323,33,263,32,328
1151324,40,298,40,378
1151325,32,214,31,277
1151326,44,340,39,423
1151327,14,188,7,209
1151328,29,217,23,269
1151329,24,135,19,178
1151330,23,168,11,202
1151331,40,309,42,391
1151332,37,256,51,344
1151333,29,216,18,263
1151334,43,239,27,309
1151335,43,403,42,488
1151336,47,310,38,395
1151337,43,355,51,449
1151338,50,327,49,426
1151339,52,242,54,348
1151340,32,199,71,302
1151341,39,234,15,288
1151342,64,492,50,606
1151343,39,289,38,366
1151344,36,300,31,367
1151345,25,246,27,298
1151346,20,137,12,169
1151347,21,174,19,214
1151348,28,169,13,210
1151401,33,158,18,209
1151402,35,294,16,345
1151403,50,292,27,369
1151404,17,160,10,187
1151405,53,349,18,420
1151406,47,307,20,374
1151407,58,429,36,523
1151408,35,251,24,310
1151409,31,189,9,229
1151410,35,341,24,400
1151411,34,168,28,230
1151412,37,341,28,406
1151413,36,288,42,366
1151414,43,363,28,434
1151415,38,259,27,324
1151416,47,311,29,387
1151417,42,388,27,457
1151418,47,319,12,378
1151419,29,221,34,284
1151420,44,287,11,342
1151421,24,267,35,326
1151422,22,275,15,312
1151501,28,232,6,266
1151502,27,255,12,294
1151503,23,163,9,195
1151504,39,359,47,445
1151505,35,204,26,265
1151506,26,180,28,234
1151507,30,239,30,299
1151508,19,124,19,162
1151509,47,340,37,424
1151510,24,154,32,210
1151511,29,187,30,246
1151512,42,416,71,529
1151513,24,140,21,185
1151514,33,198,22,253
1151515,43,319,22,384
1151516,37,207,86,330
1151517,62,369,33,464
1151518,26,155,12,193
1151519,32,186,25,243
1151520,42,318,22,382
1151521,41,189,16,246
1151522,27,216,21,264
1151523,46,255,15,316
1151524,42,178,27,247
1151525,29,186,19,234
1151526,47,201,16,264
1151527,37,219,14,270
1151528,46,249,17,312
1151529,48,228,21,297
1151530,32,151,18,201
1151531,42,289,42,373
1151532,45,286,33,364
1151533,66,272,22,360
1151534,77,417,64,558
1151535,24,213,37,274
1151536,47,226,19,292
1151537,30,182,28,240
1151538,40,224,52,316
1151539,20,174,11,205
1151540,30,169,29,228
1151541,60,347,32,439
1151542,27,206,24,257
1151543,72,260,33,365
1151544,56,317,31,404
1151601,40,252,21,313
1151602,27,264,25,316
1151603,61,376,61,498
1151604,41,277,33,351
1151605,61,346,30,437
1151606,31,207,43,281
1151607,48,321,31,400
1151608,42,347,27,416
1151609,35,245,42,322
1151610,51,295,32,378
1151611,51,288,22,361
1151612,62,307,38,407
1151613,59,276,31,366
1151614,47,382,42,471
1151615,42,321,26,389
1151616,41,263,24,328
1151617,26,198,19,243
1151618,38,287,34,359
1151619,55,336,40,431
1151620,43,270,19,332
1151621,32,368,43,443
1151622,41,302,32,375
1151623,44,296,42,382
1151624,49,321,29,399
1151625,44,367,46,457
1151626,43,353,54,450
1151627,46,341,39,426
1151628,49,244,32,325
1151629,30,175,13,218
1151630,47,211,45,303
1151631,57,276,39,372
1151632,37,178,24,239
1151633,50,271,16,337
1151634,57,289,36,382
1151635,57,344,43,444
1151636,27,103,27,157
1151637,29,199,24,252
1151638,42,260,39,341
1151701,31,226,15,272
1151702,40,248,21,309
1151703,27,190,3,220
1151704,59,356,32,447
1151705,52,309,25,386
1151706,25,220,8,253
1151707,38,185,12,235
1151708,41,243,45,329
1151709,42,340,23,405
1151710,35,246,15,296
1151711,46,347,12,405
1151712,75,425,45,545
1151713,48,236,14,298
1151714,22,255,15,292
1151715,48,256,27,331
1151716,0,0,0,0
1151717,51,330,21,402
1151718,28,190,8,226
1151719,23,181,21,225
1151720,28,144,12,184
1151721,23,158,12,193
1151801,35,235,52,322
1151802,41,316,82,439
1151803,51,234,27,312
1151804,24,190,30,244
1151805,60,301,23,384
1151806,35,235,5,275
1151807,31,203,6,240
1151808,30,202,55,287
1151809,31,109,25,165
1151810,27,170,24,221
1151811,60,269,40,369
1151812,43,205,31,279
1151901,58,314,26,398
1151902,63,314,16,393
1151903,34,253,19,306
1151904,51,354,32,437
1151905,69,407,42,518
1151906,55,304,30,389
1151907,36,217,15,268
1151908,33,117,9,159
1151909,42,318,25,385
1151910,38,203,12,253
1151911,24,179,17,220
1151912,68,379,52,499
1151913,24,212,35,271
1151914,49,342,58,449
1151915,28,334,71,433
1151916,34,185,26,245
1151917,40,253,8,301
1151918,49,244,29,322
1151919,90,454,73,617
1151920,52,420,46,518
1151921,46,243,24,313
1151922,33,143,9,185
1151923,49,406,40,495
1151924,24,193,12,229
1151925,69,413,42,524
1151926,33,241,17,291
1151927,29,183,20,232
1151928,42,315,17,374
1151929,46,257,25,328
1151930,42,301,36,379
1151931,24,146,20,190
1151932,40,207,30,277
1151933,52,324,39,415
1151934,39,259,28,326
1151935,30,163,22,215
1151936,34,228,31,293
1151937,31,300,57,388
1151938,73,358,28,459
1151939,53,311,60,424
1151940,0,6,3,9
1152001,49,300,20,369
1152002,49,330,45,424
1152003,32,247,19,298
1152004,41,349,27,417
1152005,22,216,12,250
1152006,24,188,6,218
1152007,37,193,8,238
1152008,22,242,27,291
1152009,30,428,29,487
1152010,33,293,35,361
1152011,44,279,40,363
1152012,26,215,9,250
1152013,17,188,13,218
1152014,33,225,6,264
1152015,22,225,20,267
1152016,29,233,14,276
1152017,48,363,30,441
1152018,36,229,21,286
1152019,68,283,16,367
1152020,46,373,10,429
1152021,54,351,49,454
1152022,57,334,20,411
1152023,43,246,13,302
1152024,69,411,35,515
1152025,49,236,19,304
1152026,32,169,13,214
1152101,3,20,0,23
1152201,38,315,39,392
1152202,40,288,63,391
1152203,0,0,0,0
1152204,44,327,38,409
1152205,0,3,0,3
1152206,36,327,43,406
1152207,31,261,18,310
1152208,47,276,31,354
1152209,34,190,29,253
1152210,61,321,38,420
1152211,59,409,19,487
1152212,28,214,19,261
1152213,29,179,19,227
1152214,38,261,36,335
1152215,39,287,22,348
1152216,35,214,43,292
1152217,37,212,32,281
1152218,53,249,53,355
1152219,57,360,101,518
1152220,17,160,67,244
1152221,19,135,21,175
1152222,36,245,26,307
1152223,48,302,45,395
1152224,51,228,66,345
1152225,45,316,48,409
1152226,46,399,42,487
1152227,28,213,22,263
1152228,35,261,12,308
1152229,38,197,24,259
1152230,39,299,38,376
1152231,22,136,22,180
1152232,35,196,15,246
1152233,50,390,25,465
1152234,25,209,71,305
1152235,21,147,21,189
1152236,32,275,58,365
1152301,0,0,0,0
1152302,47,250,25,322
1152303,75,545,17,637
1152304,63,379,38,480
1152305,35,267,10,312
1152306,46,275,32,353
1152307,0,0,0,0
1152308,9,104,6,119
1152309,0,0,0,0
1152310,47,274,30,351
1152311,51,360,57,468
1152312,43,283,43,369
1152313,38,209,12,259
1152314,44,286,25,355
1152315,35,192,18,245
1152316,64,358,47,469
1152317,33,192,29,254
1152318,39,286,21,346
1152319,60,317,22,399
1152320,42,295,21,358
1152321,69,405,10,484
1152322,37,241,17,295
1152323,26,217,31,274
1152324,22,218,38,278
1152325,0,0,0,0
1152326,45,348,19,412
1152327,30,284,46,360
1152328,32,260,17,309
1152329,57,364,26,447
1152330,18,164,15,197
1152331,45,273,33,351
1152332,20,226,12,258
1152333,0,0,0,0
1152334,39,237,33,309
1152335,22,308,14,344
1152336,35,303,18,356
1152337,16,168,20,204
1152338,38,206,21,265
1152339,27,218,15,260
1152340,34,196,19,249
1152341,14,66,9,89
1152342,0,3,0,3
1152343,31,371,13,415
1152344,35,226,19,280
1152401,22,213,9,244
1152402,25,212,0,237
1152403,19,128,13,160
1152404,50,314,16,380
1152405,33,300,9,342
1152406,18,232,11,261
1152407,45,224,34,303
1152408,19,219,7,245
1152409,15,262,18,295
1152410,7,198,10,215
1152411,17,185,14,216
1152412,39,379,25,443
1152413,54,340,12,406
1152414,18,188,3,209
1152415,29,195,11,235
1152416,13,229,9,251
1152417,26,248,15,289
1152418,54,364,13,431
1152419,37,340,20,397
1152420,34,166,12,212
1152421,35,338,24,397
1152422,33,236,47,316
1152423,31,350,3,384
1152424,25,207,7,239
1152425,44,294,16,354
1152426,32,215,40,287
1152427,43,378,48,469
1152428,34,259,10,303
1152429,35,263,23,321
1152430,42,274,30,346
1152431,0,0,0,0
1152432,17,166,6,189
1152433,33,175,12,220
1152434,11,353,21,385
1152435,44,404,19,467
1152436,31,184,6,221
1152437,6,106,0,112
1152438,21,487,5,513
1152439,13,182,15,210
1152440,78,425,24,527
1152441,20,234,18,272
1152442,0,0,0,0
1152443,22,195,10,227
1152444,25,195,3,223
1152445,25,249,14,288
1152446,31,140,15,186
1152447,38,276,11,325
1152448,39,337,7,383
1152449,39,454,40,533
1152450,18,200,3,221
1152501,34,193,18,245
1152502,33,142,22,197
1152503,48,242,75,365
1152504,46,313,39,398
1152505,36,188,30,254
1152506,39,306,83,428
1152507,69,311,37,417
1152508,58,218,24,300
1152509,59,375,59,493
1152510,75,339,75,489
1152511,32,230,54,316
1152512,42,280,24,346
1152513,44,288,92,424
1152514,44,268,77,389
1152515,34,222,52,308
1152516,39,279,86,404
1152517,58,278,54,390
1152518,97,626,142,865
1152519,23,188,22,233
1152520,24,288,100,412
1152521,52,307,31,390
1152522,48,363,62,473
1152523,28,298,41,367
1152524,62,237,33,332
1152525,45,295,38,378
1152526,66,267,40,373
1152527,28,178,47,253
1152528,60,335,76,471
1152529,55,281,71,407
1152530,65,289,81,435
1152531,44,310,47,401
1152532,32,177,21,230
1152533,27,254,40,321
1152534,29,163,44,236
1152535,51,269,88,408
1152536,54,288,53,395
1152537,38,226,43,307
1152538,40,195,30,265
1152539,54,338,26,418
1152540,21,178,128,327
1152541,59,296,36,391
1152542,0,6,0,6
1152543,12,176,57,245
1152544,20,222,72,314
1152545,24,222,27,273
1152546,50,419,58,527
1152547,39,301,55,395
1152548,38,287,33,358
1152549,49,332,90,471
1152550,0,10,0,10
1152551,19,145,38,202
1152552,30,151,38,219
1152553,42,364,82,488
1152554,44,336,75,455
1152555,38,373,38,449
1152556,44,343,88,475
1152557,24,153,11,188
1152558,23,320,55,398
1152559,28,219,142,389
1152560,38,241,59,338
1152561,0,0,0,0
1152562,45,281,101,427
1152563,32,288,81,401
1152564,48,252,52,352
1152601,29,316,14,359
1152602,25,210,15,250
1152603,58,276,65,399
1152604,19,168,34,221
1152605,30,231,36,297
1152606,20,140,27,187
1152607,40,226,24,290
1152608,18,140,12,170
1152609,10,214,9,233
1152610,44,365,24,433
1152611,41,214,28,283
1152612,59,301,38,398
1152613,48,261,36,345
1152614,38,254,21,313
1152615,30,252,7,289
1152616,31,319,27,377
1152617,6,118,7,131
1152618,37,354,9,400
1152619,35,237,6,278
1152620,15,43,11,69
1152621,0,9,3,12
1152622,55,229,49,333
1152623,28,166,19,213
1152624,43,224,47,314
1152625,58,289,54,401
1152626,59,382,68,509
1152627,37,237,33,307
1152628,41,246,27,314
1152629,43,285,27,355
1152630,30,236,30,296
1152631,38,264,19,321
1152632,50,283,22,355
1152633,87,402,22,511
1152634,49,288,32,369
1152635,29,153,27,209
1152636,39,274,27,340
1152637,63,197,46,306
1152638,50,279,37,366
1152639,33,209,27,269
1152640,44,239,21,304
1152641,47,405,31,483
1152642,33,255,23,311
1152643,17,111,11,139
1152644,30,308,23,361
1152645,21,147,15,183
1152646,46,435,43,524
1152647,34,296,28,358
1152648,49,253,35,337
1152649,21,191,15,227
1152650,51,419,18,488
1152651,23,176,15,214
1152652,30,288,21,339
1152653,56,467,49,572
1152654,45,304,27,376
1152655,49,471,38,558
1152656,40,278,19,337
1152657,35,273,22,330
1152658,50,379,47,476
1152659,34,184,8,226
1152701,25,163,18,206
1152702,49,266,25,340
1152703,37,285,13,335
1152704,26,255,27,308
1152705,36,168,15,219
1152706,53,486,71,610
1152707,47,400,56,503
1152708,54,295,33,382
1152709,30,216,15,261
1152710,49,279,38,366
1152711,42,343,42,427
1152712,42,246,17,305
1152713,26,201,18,245
1152714,39,235,21,295
1152715,0,0,0,0
1152716,51,349,7,407
1152717,3,7,0,10
1152718,31,218,41,290
1152719,27,223,21,271
1152720,50,255,33,338
1152721,27,172,15,214
1152722,39,335,24,398
1152723,30,172,0,202
1152724,20,184,6,210
1152725,73,345,31,449
1152726,53,218,8,279
1152727,43,239,16,298
1152728,32,230,9,271
1152729,43,284,17,344
1152730,38,285,21,344
1152731,48,241,7,296
1152732,46,251,7,304
1152733,59,390,13,462
1152734,50,296,21,367
1152735,32,299,18,349
1152736,35,291,17,343
1152737,35,274,19,328
1152738,50,269,16,335
1152739,31,191,9,231
1152740,45,242,31,318
1152741,63,254,10,327
1152742,58,293,33,384
1152743,44,269,18,331
1152744,39,253,21,313
1152745,45,235,10,290
1152746,41,257,6,304
1152747,52,287,24,363
1152748,33,249,18,300
1152749,47,330,37,414
1152750,38,246,10,294
1152751,51,224,14,289
1152752,48,296,30,374
1152753,35,350,38,423
1152754,40,322,18,380
1152755,28,246,24,298
1152756,46,337,21,404
1152757,48,402,53,503
1152758,39,312,21,372
1152759,42,281,20,343
1152760,38,311,21,370
1152761,38,116,18,172
1152762,42,268,33,343
1152763,20,180,12,212
1152764,39,323,58,420
1152801,25,218,18,261
1152802,25,129,8,162
1152803,35,205,23,263
1152804,56,273,39,368
1152805,62,323,31,416
1152806,0,0,0,0
1152807,26,245,24,295
1152808,21,220,20,261
1152809,29,136,15,180
1152810,37,186,11,234
1152811,36,183,10,229
1152812,34,177,14,225
1152813,46,219,9,274
1152814,0,0,0,0
1152815,0,0,0,0
1152816,0,0,0,0
1152817,35,194,5,234
1152818,37,153,9,199
1152819,36,272,21,329
1152820,33,169,9,211
1152821,70,400,37,507
1152822,58,407,42,507
1152823,34,307,36,377
1152824,44,352,73,469
1152825,27,268,21,316
1152826,36,306,21,363
1152827,47,270,10,327
1152828,38,193,9,240
1152829,33,236,11,280
1152830,58,184,22,264
1152831,50,231,14,295
1152832,30,158,16,204
1152833,49,297,18,364
1152834,47,213,18,278
1152835,30,116,3,149
1152836,13,165,15,193
1152837,42,177,19,238
1152838,33,199,14,246
1152839,20,338,34,392
1152840,41,343,25,409
1152841,46,192,4,242
1152842,55,338,43,436
1152843,43,241,28,312
1152844,25,258,18,301
1152845,39,196,10,245
1152846,51,338,20,409
1152847,31,185,27,243
1152848,27,190,11,228
1152849,0,0,0,0
1152850,41,308,21,370
1152851,47,273,16,336
1152852,55,249,26,330
1152853,44,350,34,428
1152854,28,409,47,484
1152855,27,235,42,304
1152856,52,621,55,728
1152857,46,355,35,436
1152858,33,208,17,258
1152859,62,338,26,426
1152860,21,236,30,287
1152861,0,0,0,0
1152862,0,0,0,0
1152863,31,237,16,284
1152864,41,316,18,375
1152865,19,162,18,199
1152866,36,220,12,268
1152867,37,194,9,240
1152868,64,290,9,363
1152869,43,370,30,443
1152870,14,288,16,318
1152871,38,319,43,400
1152872,47,306,31,384
1152873,27,165,21,213
1152874,46,415,27,488
1152875,36,214,31,281
1152876,41,228,26,295
1152877,57,299,27,383
1152878,35,249,32,316
1152879,21,203,24,248
1152880,31,253,31,315
1152881,49,398,66,513
1152882,35,300,18,353
1152883,12,126,31,169
1152884,33,294,23,350
1152901,39,217,15,271
1152902,41,272,14,327
1152903,52,283,16,351
1152904,58,340,19,417
1152905,54,266,22,342
1152906,41,290,15,346
1152907,39,216,6,261
1152908,57,460,13,530
1152909,37,210,22,269
1152910,40,207,9,256
1152911,54,253,14,321
1152912,59,370,17,446
1152913,40,208,9,257
1152914,43,248,18,309
1152915,29,203,7,239
1152916,29,217,17,263
1152917,46,261,38,345
1152918,28,291,20,339
1152919,53,339,13,405
1152920,30,225,26,281
1152921,30,327,42,399
1152922,31,286,24,341
1152923,30,238,18,286
1152924,29,246,10,285
1152925,38,326,18,382
1152926,39,346,15,400
1152927,42,301,16,359
1152928,37,250,29,316
1152929,48,291,21,360
1152930,50,290,12,352
1152931,32,307,25,364
1152932,42,351,17,410
1152933,20,229,21,270
1152934,61,294,19,374
1152935,52,328,7,387
1152936,47,249,33,329
1152937,40,237,12,289
1152938,51,274,23,348
1152939,34,185,0,219
1152940,72,347,7,426
1153001,43,309,21,373
1153002,38,260,31,329
1153003,47,310,24,381
1153004,24,198,83,305
1153005,18,234,33,285
1153006,55,323,33,411
1153007,40,264,9,313
1153008,58,370,10,438
1153009,21,183,0,204
1153010,63,346,13,422
1153011,51,296,9,356
1153012,39,367,58,464
1153013,34,183,17,234
1153014,31,326,38,395
1153015,32,185,12,229
1153016,43,288,20,351
1153017,33,187,14,234
1153018,36,283,13,332
1153019,28,304,22,354
1153020,15,88,3,106
1153021,37,215,40,292
1153022,57,311,21,389
1153023,50,327,37,414
1153024,36,275,16,327
1153025,38,280,21,339
1153026,14,338,71,423
1153027,39,287,47,373
1153028,49,348,13,410
1153029,54,381,37,472
1153030,18,189,11,218
1153031,38,366,77,481
1153032,43,360,43,446
1153033,24,206,19,249
1153034,42,346,32,420
1153035,29,249,20,298
1153036,69,379,40,488
1153037,59,331,30,420
1153038,47,456,32,535
1153039,67,413,53,533
1153040,28,293,48,369
1153101,0,0,0,0
1153102,0,0,0,0
1153103,40,236,29,305
1153104,21,136,3,160
1153105,62,423,37,522
1153106,47,229,38,314
1153107,27,245,30,302
1153108,30,188,27,245
1153109,51,285,50,386
1153110,70,393,25,488
1153111,34,273,30,337
1153112,34,317,54,405
1153113,63,362,22,447
1153114,36,271,21,328
1153115,71,377,24,472
1153116,54,360,20,434
1153117,86,327,21,434
1153118,39,307,27,373
1153119,15,210,15,240
1153120,33,289,12,334
1153121,47,301,14,362
1153122,68,342,31,441
1153123,84,542,61,687
1153124,31,254,21,306
1153125,42,243,17,302
1153126,21,267,27,315
1153127,46,249,15,310
1153128,25,203,9,237
1153129,38,179,12,229
1153130,45,282,14,341
1153131,44,264,31,339
1153132,33,189,10,232
1153133,23,293,6,322
1153134,37,310,20,367
1153135,38,275,26,339
1153136,57,360,82,499
1153137,44,365,29,438
1153201,28,258,6,292
1153202,64,365,34,463
1153203,46,214,12,272
1153204,38,273,17,328
1153205,36,285,25,346
1153206,33,215,16,264
1153207,37,254,21,312
1153208,0,4,0,4
1153209,42,267,6,315
1153210,0,3,0,3
1153211,29,126,6,161
1153212,26,151,0,177
1153213,15,171,18,204
1153214,42,378,43,463
1153215,21,121,18,160
1153216,29,241,17,287
1153217,38,207,15,260
1153218,37,301,18,356
1153219,30,191,10,231
1153220,44,349,12,405
1153221,58,325,27,410
1153222,35,138,15,188
1153223,38,309,21,368
1153224,23,253,41,317
1153225,63,404,27,494
1153226,57,337,7,401
1153227,29,182,6,217
1153228,50,295,21,366
1153229,0,0,0,0
1153230,43,234,6,283
1153231,39,295,24,358
1153232,28,328,3,359
1153233,0,0,0,0
1153234,58,363,18,439
1153235,39,335,27,401
1153236,47,374,17,438
1153237,43,147,3,193
1153238,44,353,13,410
1153239,39,425,18,482
1153240,40,254,3,297
1153241,44,255,12,311
1153242,33,298,6,337
1153243,48,391,13,452
1153244,41,285,6,332
1153245,40,295,10,345
1153246,38,306,15,359
1153247,53,367,18,438
1153248,56,287,9,352
1153249,63,404,25,492
1153250,45,328,9,382
1153251,39,287,19,345
1153252,67,389,24,480
1153253,42,253,11,306
1153254,30,212,18,260
1153255,53,248,12,313
1153256,21,173,15,209
1153257,60,332,18,410
1153258,34,231,9,274
1153259,44,254,7,305
1153260,35,169,12,216
1153261,45,318,15,378
1153262,56,353,18,427
1153263,52,319,9,380
1153264,45,258,15,318
1153265,44,290,6,340
1153266,60,415,17,492
1153267,18,210,16,244
1153268,43,250,6,299
1153301,25,161,3,189
1153302,43,232,15,290
1153303,40,312,14,366
1153304,0,12,0,12
1153305,41,313,16,370
1153306,63,464,30,557
1153307,35,128,6,169
1153308,61,362,28,451
1153309,59,361,21,441
1153310,25,188,12,225
1153311,23,193,9,225
1153312,43,217,19,279
1153313,25,143,18,186
1153314,49,267,18,334
1153315,44,209,31,284
1153316,34,249,10,293
1153317,41,158,18,217
1153318,40,213,15,268
1153401,38,240,6,284
1153402,0,0,0,0
1153403,29,237,9,275
1153404,44,296,11,351
1153405,44,263,18,325
1153406,53,323,30,406
1153407,31,180,21,232
1153408,58,380,33,471
1153409,49,352,24,425
1153410,25,141,6,172
1153411,27,184,6,217
1153412,44,288,24,356
1153413,25,174,6,205
1153414,50,389,22,461
1153415,46,254,11,311
1153416,48,311,12,371
1153417,0,3,0,3
1153418,21,281,3,305
1153419,52,287,15,354
1153420,54,328,23,405
1153421,0,0,0,0
1153422,27,173,9,209
1153423,46,291,22,359
1153424,56,401,21,478
1153425,42,206,9,257
1153426,29,204,5,238
1153427,29,172,12,213
1153428,30,153,7,190
1153429,33,175,8,216
1153430,30,191,0,221
1153431,14,202,24,240
1153432,60,247,6,313
1153501,38,235,11,284
1153502,50,327,15,392
1153503,20,272,19,311
1153504,37,295,16,348
1153505,0,8,0,8
1153506,51,368,28,447
1153507,35,311,6,352
1153508,31,219,18,268
1153509,31,239,6,276
1153510,38,244,6,288
1153511,18,181,3,202
1153512,51,294,24,369
1153513,68,381,3,452
1153514,55,268,20,343
1153515,44,253,17,314
1153516,0,0,0,0
1153517,0,0,0,0
1153518,18,243,10,271
1153519,39,426,15,480
1153520,20,110,10,140
1153521,33,222,10,265
1153522,40,372,18,430
1153523,27,247,6,280
1153524,39,186,10,235
1153525,52,371,9,432
1153526,35,310,10,355
1153527,34,211,0,245
1153528,39,214,18,271
1153529,28,331,33,392
1153530,46,298,18,362
1153531,15,156,6,177
1153532,47,381,20,448
1153533,9,131,6,146
1153534,45,333,27,405
1153535,49,245,28,322
1153536,51,306,14,371
1153537,0,0,0,0
1153538,17,217,26,260
1153539,15,209,9,233
1153540,18,162,5,185
1153541,54,263,12,329
1153542,43,290,18,351
1153543,39,313,21,373
1153544,33,219,15,267
1153545,34,224,12,270
1153546,23,147,10,180
1153547,42,341,21,404
1153548,20,188,3,211
1153549,31,230,11,272
1153550,37,268,14,319
1153551,39,226,15,280
1153552,38,242,6,286
1153553,32,273,9,314
1153554,40,351,25,416
1153555,32,258,12,302
1153556,33,272,59,364
1153557,33,201,4,238
1153601,20,145,15,180
1153602,37,222,12,271
1153603,25,199,33,257
1153604,25,222,12,259
1153605,32,218,18,268
1153606,45,233,39,317
1153607,37,204,13,254
1153608,32,163,0,195
1153609,50,286,13,349
1153610,51,346,18,415
1153611,43,305,18,366
1153612,33,145,0,178
1153613,33,201,15,249
1153614,36,256,14,306
1153615,35,136,3,174
1153616,55,249,9,313
1153617,62,390,41,493
1153618,49,389,70,508
1153619,43,219,14,276
1153620,49,343,23,415
1153621,67,315,19,401
1153622,50,355,33,438
1153623,51,220,13,284
1153624,59,337,20,416
1153625,49,335,16,400
1153626,33,256,21,310
1153627,39,173,15,227
1153628,34,213,28,275
1153629,34,208,3,245
1153630,33,244,12,289
1153631,52,383,23,458
1153632,48,252,8,308
1153633,27,320,10,357
1153634,29,314,18,361
1153635,29,179,24,232
1153636,28,207,11,246
1153637,39,308,21,368
1153638,39,324,17,380
1153639,51,281,6,338
1153640,48,239,18,305
1153641,37,250,22,309
1153642,44,335,18,397
1153643,54,467,35,556
1153644,46,372,35,453
1153645,63,310,13,386
1153646,51,252,21,324
1153647,46,346,20,412
1153648,35,246,0,281
1153649,49,318,30,397
1153701,0,18,0,18
1153801,24,256,18,298
1153802,28,175,7,210
1153803,65,282,7,354
1153804,15,201,11,227
1153805,0,4,0,4
1153806,41,242,8,291
1153807,0,3,0,3
1153808,42,227,18,287
1153809,30,313,32,375
1153810,25,231,9,265
1153811,0,0,0,0
1153812,34,225,19,278
1153813,42,279,37,358
1153814,33,205,16,254
1153815,47,280,21,348
1153816,36,180,62,278
1153817,32,371,27,430
1153818,3,9,0,12
1153819,0,0,0,0
1153820,28,193,24,245
1153821,38,245,24,307
1153822,24,200,16,240
1153823,42,302,8,352
1153824,0,0,0,0
1153825,39,257,31,327
1153826,34,355,13,402
1153827,30,252,18,300
1153828,59,266,30,355
1153829,19,199,28,246
1153830,31,194,9,234
1153831,76,323,19,418
1153832,66,321,36,423
1153833,38,258,31,327
1153834,26,237,18,281
1153835,30,302,102,434
1153836,50,394,31,475
1153837,62,462,34,558
1153838,52,302,14,368
1153839,26,196,12,234
1153840,19,129,13,161
1153841,36,304,31,371
1153842,12,174,6,192
1153843,57,456,88,601
1153844,43,357,32,432
1153845,43,391,91,525
1153846,30,309,27,366
1153847,65,415,36,516
1153848,28,250,30,308
1153849,32,222,17,271
1153850,37,311,23,371
1153851,18,179,30,227
1153852,27,259,37,323
1153853,39,503,34,576
1949999,943,7891,2902,11736
1979991,0,0,0,0
1979992,0,0,0,0
1979993,9,85,16,110
2100101,39,295,20,354
2100102,24,175,9,208
2100103,59,402,27,488
2100104,57,490,27,574
2100105,35,187,23,245
2100106,67,385,30,482
2100107,37,248,42,327
2100108,46,267,36,349
2100109,57,329,27,413
2100110,55,327,13,395
2100111,34,243,6,283
2100112,52,306,28,386
2100113,38,221,15,274
2100114,52,300,26,378
2100115,45,295,15,355
2100116,70,691,48,809
2100117,6,37,6,49
2100201,54,336,21,411
2100202,45,221,16,282
2100203,45,296,10,351
2100204,38,200,29,267
2100205,59,365,41,465
2100206,38,340,13,391
2100207,43,256,12,311
2100208,74,341,43,458
2100209,0,0,0,0
2100210,0,0,0,0
2100211,48,328,22,398
2100212,26,208,33,267
2100213,32,340,12,384
2100214,41,275,34,350
2100215,35,354,32,421
2100216,28,299,9,336
2100217,33,218,22,273
2100218,29,233,17,279
2100219,16,141,15,172
2100220,26,171,18,215
2100221,22,160,46,228
2100222,58,290,26,374
2100223,49,413,22,484
2100224,38,310,25,373
2100225,24,152,38,214
2100226,15,170,21,206
2100227,26,218,22,266
2100228,32,168,27,227
2100229,42,224,20,286
2100230,29,246,23,298
2100231,41,263,22,326
2100232,35,208,22,265
2100233,36,231,13,280
2100234,13,127,18,158
2100301,25,119,10,154
2100302,28,238,38,304
2100303,25,213,22,260
2100304,31,233,40,304
2100305,46,388,48,482
2100306,16,167,12,195
2100307,41,200,21,262
2100308,44,261,27,332
2100309,69,312,30,411
2100310,38,322,30,390
2100311,45,284,28,357
2100312,68,356,36,460
2100313,56,305,18,379
2100314,64,308,21,393
2100315,50,362,31,443
2100316,48,443,39,530
2100317,31,289,16,336
2100318,62,318,37,417
2100319,36,274,33,343
2100320,36,258,30,324
2100321,27,284,31,342
2100322,61,409,33,503
2100323,32,201,14,247
2100324,22,234,23,279
2100325,33,200,42,275
2100326,52,419,23,494
2100327,63,426,17,506
2100328,52,357,33,442
2100329,62,443,34,539
2100330,61,390,45,496
2100331,58,339,24,421
2100332,48,296,21,365
2100333,53,464,35,552
2100334,51,305,31,387
2100335,50,367,44,461
2100336,0,0,0,0
2100337,43,268,18,329
2100338,23,111,12,146
2100339,19,156,32,207
2100340,46,337,32,415
2100341,24,201,15,240
2100342,54,350,19,423
2100343,29,204,9,242
2100344,37,314,33,384
2100345,28,200,18,246
2100346,34,198,18,250
2100347,31,244,26,301
2100348,24,177,19,220
2100349,37,318,42,397
2100350,23,222,22,267
2100351,36,217,108,361
2100401,53,326,31,410
2100402,72,353,82,507
2100403,87,586,50,723
2100404,34,260,23,317
2100405,69,367,49,485
2100406,23,193,4,220
2100407,50,316,35,401
2100408,57,328,33,418
2100409,28,302,32,362
2100410,26,266,35,327
2100411,33,283,36,352
2100412,70,385,61,516
2100413,0,3,0,3
2100414,27,168,12,207
2100415,24,211,26,261
2100416,45,331,22,398
2100417,49,306,35,390
2100418,24,189,15,228
2100419,63,395,19,477
2100420,63,389,39,491
2100421,38,335,39,412
2100422,49,308,27,384
2100423,22,170,17,209
2100424,54,312,45,411
2100425,54,367,45,466
2100426,37,280,16,333
2100427,35,232,43,310
2100428,50,255,41,346
2100429,36,247,3,286
2100430,38,333,35,406
2100431,45,284,22,351
2100432,38,324,37,399
2100433,42,220,39,301
2100434,59,342,51,452
2100435,25,223,55,303
2100436,51,344,40,435
2100437,33,258,43,334
2100438,55,427,64,546
2100439,58,365,55,478
2100440,40,249,15,304
2100441,74,371,52,497
2100442,52,234,22,308
2100443,6,43,3,52
2100444,33,228,12,273
2100445,64,385,49,498
2100446,35,184,30,249
2100447,49,274,22,345
2100448,57,183,33,273
2100449,24,146,80,250
2100450,57,487,32,576
2100451,40,275,10,325
2100501,26,211,20,257
2100502,77,419,36,532
2100503,73,494,28,595
2100504,55,305,22,382
2100505,19,278,22,319
2100506,54,366,12,432
2100507,46,235,7,288
2100508,40,255,24,319
2100509,28,160,21,209
2100510,32,199,33,264
2100511,27,191,6,224
2100512,30,177,8,215
2100513,47,196,30,273
2100514,7,125,6,138
2100515,37,237,23,297
2100516,31,242,7,280
2100517,37,209,9,255
2100601,39,221,39,299
2100602,45,277,31,353
2100603,25,245,12,282
2100604,29,221,18,268
2100605,40,365,27,432
2100606,40,240,10,290
2100607,20,179,15,214
2100608,17,125,3,145
2100609,97,595,62,754
2100610,53,297,23,373
2100611,39,256,30,325
2100612,57,296,25,378
2100613,35,163,34,232
2100614,3,83,15,101
2100701,38,272,26,336
2100702,40,223,3,266
2100703,32,194,37,263
2100704,37,283,17,337
2100705,48,259,15,322
2100706,52,319,24,395
2100707,46,299,40,385
2100708,47,232,18,297
2100709,32,218,12,262
2100801,25,142,50,217
2100802,37,118,15,170
2100803,54,356,37,447
2100804,30,202,44,276
2100805,26,207,40,273
2100806,51,231,48,330
2100807,47,241,29,317
2100808,3,0,3,6
2100809,44,369,32,445
2100810,51,309,40,400
2100811,30,148,6,184
2100812,33,214,26,273
2100813,24,205,24,253
2100814,0,0,0,0
2100815,42,194,47,283
2100816,29,187,30,246
2100817,23,155,15,193
2100818,37,261,18,316
2100819,131,970,29,1130
2100820,35,301,25,361
2100821,35,301,41,377
2100822,29,197,25,251
2100823,72,353,53,478
2100824,32,364,122,518
2100825,18,248,29,295
2100826,40,329,37,406
2100827,45,342,44,431
2100828,35,273,21,329
2100829,20,185,21,226
2100830,40,275,24,339
2100831,34,254,39,327
2100832,65,288,54,407
2100833,60,346,32,438
2100834,19,203,21,243
2100835,23,214,16,253
2100901,64,315,25,404
2100902,22,170,20,212
2100903,33,268,22,323
2100904,18,133,15,166
2100905,37,178,39,254
2100906,26,179,3,208
2100907,33,229,21,283
2100908,47,189,22,258
2100909,34,224,13,271
2100910,24,189,31,244
2100911,26,172,12,210
2100912,23,215,16,254
2100913,23,213,22,258
2100914,30,120,19,169
2100915,37,170,21,228
2100916,40,237,33,310
2100917,40,315,16,371
2101001,35,238,35,308
2101002,40,287,26,353
2101003,35,201,21,257
2101004,29,184,17,230
2101005,15,199,15,229
2101006,53,270,28,351
2101007,39,222,30,291
2101008,43,239,21,303
2101009,22,140,11,173
2101010,30,186,33,249
2101011,36,205,12,253
2101012,53,281,39,373
2101013,35,234,27,296
2101014,42,172,21,235
2101015,40,209,18,267
2101016,46,173,14,233
2101017,31,189,18,238
2101018,39,215,16,270
2101019,75,335,45,455
2101020,57,386,27,470
2101021,27,169,18,214
2101101,50,257,26,333
2101102,22,119,16,157
2101103,30,179,27,236
2101104,26,150,28,204
2101105,29,153,35,217
2101106,57,252,28,337
2101107,44,289,26,359
2101108,28,170,20,218
2101109,28,195,42,265
2101110,36,194,18,248
2101111,21,189,17,227
2101112,57,348,40,445
2101113,33,283,30,346
2101114,25,198,29,252
2101115,52,305,56,413
2101116,34,246,29,309
2101117,32,204,29,265
2101118,45,202,26,273
2101119,33,220,22,275
2101120,31,207,21,259
2101121,29,189,17,235
2101122,36,250,48,334
2101123,40,220,19,279
2101124,33,157,23,213
2101125,51,259,27,337
2101201,34,210,15,259
2101202,22,104,3,129
2101203,49,239,18,306
2101204,37,144,9,190
2101205,36,228,18,282
2101206,28,180,13,221
2101207,30,165,9,204
2101208,41,142,22,205
2101209,27,210,36,273
2101210,39,260,31,330
2101211,32,252,31,315
2101212,17,138,9,164
2101213,28,218,21,267
2101214,39,242,21,302
2101215,23,142,17,182
2101216,28,250,23,301
2101217,54,322,15,391
2101301,60,296,27,383
2101302,34,135,17,186
2101303,37,196,6,239
2101304,59,259,29,347
2101305,44,293,19,356
2101306,37,188,17,242
2101307,34,138,20,192
2101308,56,281,27,364
2101309,35,181,7,223
2101310,33,156,26,215
2101401,30,268,37,335
2101402,30,178,32,240
2101403,45,246,26,317
2101404,40,280,24,344
2101405,39,145,15,199
2101406,30,166,139,335
2101407,40,191,18,249
2101408,51,256,24,331
2101409,23,162,12,197
2101410,18,100,10,128
2101411,20,193,26,239
2101412,43,182,35,260
2101413,0,8,0,8
2101501,65,340,20,425
2101502,35,186,20,241
2101503,26,203,34,263
2101504,27,165,8,200
2101505,50,282,24,356
2101506,39,223,35,297
2101507,66,281,52,399
2101508,33,145,15,193
2101509,37,255,18,310
2101510,18,134,12,164
2101511,37,153,5,195
2101512,33,175,12,220
2101601,12,131,18,161
2101602,56,340,71,467
2101603,49,245,30,324
2101604,38,234,38,310
2101605,27,148,37,212
2101606,45,278,34,357
2101607,44,275,30,349
2101608,30,219,17,266
2101609,37,243,36,316
2101610,66,308,25,399
2101611,30,101,18,149
2101612,59,287,31,377
2101613,37,364,52,453
2101614,27,244,30,301
2101615,18,195,28,241
2101616,51,290,35,376
2101617,47,192,34,273
2101618,23,157,18,198
2101619,55,256,26,337
2101620,33,195,16,244
2101621,41,168,15,224
2101701,38,238,22,298
2101702,20,166,18,204
2101703,31,159,21,211
2101704,39,191,23,253
2101705,37,198,22,257
2101706,24,182,11,217
2101707,62,283,30,375
2101708,24,179,33,236
2101709,53,284,20,357
2101710,58,317,26,401
2101711,45,228,21,294
2101712,50,345,31,426
2101713,31,191,3,225
2101714,56,214,18,288
2101715,35,170,10,215
2101801,58,272,74,404
2101802,26,175,23,224
2101803,40,301,24,365
2101804,12,209,6,227
2101805,35,222,125,382
2101806,31,277,53,361
2101807,40,269,28,337
2101808,31,107,9,147
2101809,40,269,25,334
2101810,35,207,25,267
2101811,41,254,37,332
2101812,35,156,25,216
2101813,46,284,49,379
2101814,31,134,26,191
2101815,46,362,35,443
2101816,42,282,51,375
2101817,38,293,47,378
2101818,40,247,31,318
2101819,27,173,21,221
2101820,6,98,79,183
2101821,46,230,18,294
2101822,43,215,23,281
2101823,37,228,28,293
2101824,56,315,11,382
2101825,32,226,37,295
2101826,33,180,30,243
2101827,52,273,60,385
2101828,35,245,56,336
2101829,21,122,16,159
2101830,69,425,38,532
2101831,46,345,30,421
2101832,37,247,31,315
2101833,60,285,29,374
2101834,36,226,27,289
2101835,70,366,41,477
2101836,14,167,17,198
2101837,73,291,30,394
2101838,31,123,15,169
2101901,61,334,48,443
2101902,58,399,46,503
2101903,48,220,17,285
2101904,39,273,42,354
2101905,58,357,51,466
2101906,13,64,3,80
2101907,40,264,25,329
2101908,52,348,38,438
2101909,70,408,51,529
2101910,39,268,27,334
2101911,24,185,32,241
2101912,30,194,23,247
2101913,47,272,42,361
2101914,49,299,60,408
2101915,49,235,25,309
2101916,29,225,24,278
2101917,14,104,10,128
2101918,33,167,23,223
2101919,54,307,47,408
2101920,72,366,35,473
2101921,44,261,12,317
2101922,53,361,31,445
2101923,24,172,6,202
2101924,40,194,28,262
2102001,31,180,19,230
2102002,26,146,7,179
2102003,32,202,15,249
2102004,42,237,23,302
2102005,47,344,31,422
2102006,41,270,18,329
2102007,33,173,0,206
2102008,29,126,0,155
2102009,34,231,11,276
2102010,50,262,21,333
2102011,74,363,29,466
2102012,20,220,12,252
2102013,35,198,26,259
2102014,18,154,30,202
2102015,39,246,14,299
2102016,29,171,18,218
2102017,22,151,61,234
2102018,65,341,38,444
2102019,68,363,37,468
2102020,18,181,12,211
2102021,44,305,11,360
2102022,43,157,0,200
2102023,30,147,27,204
2102024,36,263,21,320
2102025,53,412,22,487
2102026,53,320,39,412
2102027,27,148,26,201
2102028,64,247,30,341
2102029,37,322,23,382
2102030,41,266,49,356
2102031,50,382,31,463
2102032,33,258,23,314
2102033,49,328,21,398
2102034,36,291,18,345
2102035,31,273,6,310
2102036,33,226,23,282
2102037,0,0,0,0
2102038,22,209,32,263
2102039,0,9,9,18
2102101,55,191,20,266
2102102,43,325,20,388
2102103,26,227,30,283
2102104,53,365,40,458
2102105,37,302,25,364
2102106,24,146,9,179
2102107,42,304,24,370
2102108,28,355,23,406
2102109,43,275,19,337
2102110,36,305,23,364
2102111,61,309,36,406
2102112,31,179,5,215
2102113,37,183,9,229
2102114,33,249,4,286
2102115,38,322,31,391
2102116,21,174,27,222
2102117,21,228,13,262
2102118,60,319,20,399
2102119,48,354,45,447
2102120,34,225,9,268
2102121,22,203,28,253
2102122,22,117,6,145
2102123,0,0,0,0
2102124,0,0,0,0
2102125,33,242,16,291
2102126,38,257,29,324
2102127,0,0,0,0
2102201,50,292,24,366
2102202,58,363,46,467
2102203,24,190,17,231
2102204,40,241,30,311
2102205,46,251,17,314
2102206,36,246,15,297
2102207,31,270,19,320
2102208,56,296,20,372
2102209,57,320,13,390
2102210,35,271,32,338
2102211,58,290,31,379
2102212,48,263,21,332
2102213,24,129,19,172
2102214,31,206,21,258
2102215,29,187,15,231
2102216,69,428,32,529
2102217,48,325,43,416
2102218,56,329,21,406
2102219,42,227,17,286
2102220,9,137,33,179
2102221,31,282,35,348
2102222,49,342,17,408
2102223,54,325,30,409
2102224,63,275,24,362
2102225,49,414,38,501
2102226,26,212,12,250
2102227,43,362,35,440
2102228,57,336,56,449
2102229,43,327,24,394
2102230,43,217,38,298
2102231,34,268,41,343
2102232,58,317,30,405
2102233,21,199,6,226
2102234,33,152,16,201
2102235,47,288,21,356
2102236,64,431,46,541
2102237,36,355,26,417
2102238,37,284,27,348
2102239,50,261,16,327
2102240,16,134,13,163
2102241,48,324,134,506
2102242,30,163,15,208
2102243,30,205,21,256
2102244,34,196,20,250
2102301,50,317,22,389
2102302,35,340,13,388
2102303,55,452,30,537
2102304,54,427,23,504
2102305,50,365,14,429
2102306,36,239,18,293
2102307,37,264,8,309
2102308,47,342,24,413
2102401,19,126,9,154
2102402,34,208,9,251
2102403,27,117,4,148
2102404,83,575,36,694
2102405,46,325,25,396
2102406,73,439,9,521
2102407,45,306,24,375
2102408,44,360,12,416
2102409,50,364,7,421
2102410,41,363,19,423
2102411,43,212,13,268
2102412,61,326,21,408
2102413,50,189,9,248
2102414,26,228,6,260
2102415,35,130,11,176
2102501,46,325,28,399
2102502,39,284,15,338
2102503,48,305,18,371
2102504,18,166,17,201
2102505,51,253,35,339
2102506,38,238,20,296
2102507,0,5,0,5
2102508,107,785,52,944
2102509,55,277,25,357
2102510,42,252,19,313
2102511,30,207,30,267
2102512,42,183,8,233
2102513,44,451,33,528
2102514,65,260,18,343
2102515,20,153,16,189
2102516,40,170,12,222
2102517,42,285,35,362
2102518,55,347,28,430
2102519,45,229,18,292
2102520,43,329,29,401
2102601,36,200,12,248
2102602,30,171,7,208
2102603,56,290,25,371
2102604,41,226,35,302
2102605,39,199,9,247
2102606,7,119,3,129
2102607,44,255,28,327
2102608,30,234,11,275
2102609,24,172,22,218
2102610,32,186,11,229
2102611,50,278,24,352
2102612,48,246,28,322
2102613,47,308,13,368
2102614,18,153,9,180
2102615,25,173,30,228
2102616,38,184,23,245
2102617,18,73,8,99
2102618,34,200,18,252
2102619,24,188,18,230
2102701,41,234,18,293
2102702,36,236,22,294
2102703,0,0,400,400
2102704,47,211,30,288
2102705,32,237,43,312
2102706,58,255,35,348
2102707,28,167,9,204
2102708,72,381,32,485
2102709,33,200,6,239
2102710,32,187,18,237
2102711,43,195,16,254
2102712,37,230,15,282
2102713,46,250,27,323
2102714,23,205,25,253
2102715,51,295,26,372
2102716,32,170,20,222
2102717,33,250,31,314
2102718,35,184,169,388
2102719,54,260,38,352
2102720,34,218,21,273
2102721,68,290,41,399
2102722,41,162,24,227
2102723,25,171,24,220
2102724,18,135,13,166
2102725,33,230,24,287
2102726,49,303,21,373
2102727,38,256,22,316
2102801,25,145,17,187
2102802,78,317,45,440
2102803,45,230,13,288
2102804,46,153,19,218
2102805,37,230,6,273
2102806,27,180,16,223
2102807,43,201,9,253
2102808,47,270,17,334
2102809,20,98,62,180
2102810,49,294,61,404
2102811,41,178,24,243
2102812,19,119,17,155
2102813,30,203,26,259
2102814,23,211,21,255
2102815,56,285,33,374
2102816,35,235,27,297
2102817,19,163,21,203
2102818,42,225,12,279
2102819,27,162,0,189
2102820,44,277,33,354
2102821,29,163,18,210
2102822,23,144,25,192
2102823,32,236,11,279
2102824,62,244,14,320
2102825,21,94,12,127
2102826,47,271,31,349
2102901,57,290,73,420
2102902,38,165,31,234
2102903,29,136,15,180
2102904,37,183,22,242
2102905,32,162,23,217
2102906,26,170,35,231
2102907,63,295,29,387
2102908,47,239,30,316
2102909,36,185,34,255
2102910,43,228,47,318
2102911,35,211,18,264
2102912,37,189,37,263
2102913,12,116,15,143
2103001,46,260,21,327
2103002,35,240,8,283
2103003,55,288,30,373
2103004,36,310,18,364
2103005,25,180,18,223
2103006,31,191,18,240
2103007,38,242,15,295
2103008,22,125,15,162
2103009,44,213,27,284
2103010,38,197,36,271
2103011,31,201,12,244
2103012,56,317,16,389
2103013,63,305,38,406
2103014,30,155,21,206
2103015,35,274,17,326
2103016,45,253,34,332
2103017,77,365,40,482
2103018,46,359,34,439
2103019,57,370,38,465
2103020,47,447,30,524
2103021,45,284,18,347
2103022,0,3,0,3
2103023,27,177,22,226
2103101,39,319,23,381
2103102,75,394,26,495
2103103,34,239,6,279
2103104,57,312,20,389
2103105,66,314,34,414
2103106,34,172,15,221
2103107,46,364,16,426
2103108,21,187,33,241
2103109,24,136,6,166
2103110,31,166,14,211
2103111,35,251,0,286
2103112,23,172,9,204
2103113,36,259,16,311
2103114,42,138,28,208
2103115,47,295,53,395
2103116,31,324,53,408
2103201,50,319,9,378
2103202,41,212,47,300
2103203,29,160,14,203
2103204,50,169,23,242
2103205,36,215,18,269
2103206,50,259,23,332
2103207,59,284,27,370
2103208,33,163,24,220
2103209,36,205,16,257
2103210,12,132,13,157
2103211,25,209,6,240
2103212,14,89,13,116
2103213,45,185,37,267
2103301,44,281,56,381
2103302,49,219,34,302
2103303,12,152,7,171
2103304,32,217,16,265
2103305,41,165,28,234
2103306,35,240,20,295
2103307,50,226,24,300
2103308,51,203,21,275
2103309,31,191,19,241
2103310,27,172,18,217
2103311,12,87,19,118
2103312,37,192,28,257
2103313,37,271,15,323
2103314,44,226,42,312
2103315,32,264,27,323
2103316,57,196,21,274
2103317,53,284,24,361
2103318,47,235,35,317
2103319,29,130,16,175
2103320,15,128,24,167
2103321,36,190,35,261
2103322,37,181,18,236
2103401,46,284,13,343
2103402,27,272,16,315
2103403,35,269,9,313
2103404,42,288,15,345
2103405,19,169,10,198
2103406,58,592,24,674
2103407,53,335,15,403
2103408,30,163,16,209
2103409,35,294,19,348
2103410,12,103,4,119
2103411,29,208,15,252
2103501,19,186,0,205
2103502,42,210,24,276
2103503,45,343,21,409
2103504,19,178,3,200
2103505,51,284,17,352
2103506,61,293,11,365
2103507,24,170,18,212
2103508,31,160,8,199
2103509,38,242,15,295
2103510,38,227,29,294
2103511,30,208,12,250
2103512,61,371,32,464
2103513,41,280,25,346
2103514,50,288,12,350
2103515,27,163,18,208
2103516,45,281,27,353
2103601,28,194,28,250
2103602,55,385,14,454
2103603,30,230,17,277
2103604,39,239,18,296
2103605,28,178,24,230
2103606,26,119,12,157
2103607,69,270,19,358
2103608,30,165,3,198
2103609,28,174,18,220
2103610,37,198,17,252
2103611,41,220,24,285
2103612,23,209,3,235
2103613,40,176,31,247
2103614,24,195,9,228
2103615,51,287,18,356
2103616,57,330,83,470
2103701,62,310,19,391
2103702,61,386,36,483
2103703,39,233,15,287
2103704,41,267,15,323
2103705,47,306,51,404
2103706,39,239,19,297
2103707,50,327,38,415
2103708,0,0,0,0
2103709,43,352,45,440
2103710,18,282,14,314
2103711,53,419,24,496
2103712,37,325,21,383
2103713,31,220,18,269
2103714,33,209,10,252
2103715,67,301,22,390
2103716,31,335,28,394
2103717,47,366,29,442
2103718,36,237,18,291
2103719,46,207,11,264
2103720,45,279,24,348
2103721,47,250,18,315
2103722,45,346,18,409
2103723,50,365,21,436
2103724,52,350,59,461
2103725,31,189,23,243
2103726,64,321,20,405
2103727,68,423,56,547
2103728,32,211,54,297
2103729,60,364,41,465
2103730,49,291,39,379
2103731,34,329,30,393
2103732,13,134,21,168
2103801,35,278,54,367
2103802,23,165,10,198
2103803,38,193,15,246
2103804,51,198,31,280
2103805,33,156,27,216
2103806,29,206,38,273
2103807,29,155,29,213
2103808,35,201,39,275
2103809,32,215,37,284
2103810,67,353,41,461
2103811,32,290,55,377
2103812,26,187,28,241
2103813,49,358,34,441
2103814,38,162,24,224
2103815,37,152,11,200
2103816,27,242,19,288
2103817,25,230,22,277
2103818,46,206,47,299
2103819,31,187,25,243
2103820,35,246,24,305
2103821,35,188,12,235
2103822,38,214,26,278
2103823,25,271,38,334
2103824,28,144,14,186
2103825,65,260,37,362
2103826,48,264,45,357
2103827,32,205,23,260
2103828,20,167,26,213
2103829,71,312,72,455
2103830,32,219,27,278
2103831,43,218,44,305
2103832,53,251,37,341
2103833,30,181,59,270
2103834,29,177,31,237
2103835,22,130,30,182
2103836,32,225,38,295
2103837,24,161,27,212
2103838,51,221,34,306
2103839,24,253,15,292
2103840,29,216,17,262
2103841,32,157,27,216
2103842,49,329,44,422
2103843,35,177,36,248
2103844,41,255,28,324
2103845,30,200,18,248
2103846,3,59,6,68
2103847,40,221,27,288
2103848,44,277,39,360
2103849,46,265,68,379
2103850,31,203,44,278
2103851,30,148,36,214
2103852,14,121,9,144
2103853,3,0,0,3
2103854,17,151,12,180
2103855,49,269,21,339
2103856,58,377,23,458
2103857,61,283,14,358
2103858,18,129,13,160
2103859,49,315,44,408
2103860,40,177,50,267
2103861,34,237,41,312
2103862,0,11,0,11
2103863,0,4,0,4
2103864,36,237,24,297
2103865,27,239,15,281
2103866,32,178,27,237
2103867,35,146,8,189
2103868,39,203,30,272
2103869,26,359,22,407
2103870,42,196,4,242
2103871,30,179,16,225
2103872,22,187,15,224
2103873,42,235,24,301
2103874,28,207,15,250
2103875,46,238,17,301
2103876,14,131,32,177
2103901,37,326,27,390
2103902,23,286,55,364
2103903,42,333,22,397
2103904,32,231,7,270
2103905,36,242,31,309
2103906,36,189,30,255
2103907,58,331,35,424
2103908,43,262,24,329
2103909,23,207,23,253
2103910,35,342,104,481
2103911,36,294,14,344
2103912,51,310,38,399
2103913,28,232,27,287
2103914,44,340,36,420
2103915,59,359,57,475
2103916,29,227,35,291
2103917,43,215,12,270
2103918,36,236,30,302
2103919,51,386,29,466
2103920,46,267,29,342
2103921,29,163,4,196
2103922,50,294,7,351
2103923,47,303,24,374
2103924,46,243,27,316
2103925,34,301,43,378
2103926,0,0,0,0
2103927,41,275,21,337
2103928,58,332,35,425
2103929,40,228,30,298
2103930,40,255,50,345
2103931,0,0,0,0
2103932,19,159,19,197
2104001,60,283,27,370
2104002,68,358,24,450
2104003,36,258,17,311
2104004,67,379,22,468
2104005,28,161,14,203
2104006,39,193,21,253
2104007,25,245,22,292
2104008,46,277,25,348
2104009,34,239,16,289
2104010,27,233,15,275
2104011,30,220,29,279
2104012,33,300,28,361
2104013,21,201,24,246
2104014,40,289,22,351
2104015,34,314,33,381
2104016,35,281,33,349
2104017,40,254,10,304
2104018,29,367,25,421
2104019,27,190,15,232
2104020,33,137,20,190
2104021,33,193,24,250
2104022,25,261,22,308
2104023,38,219,24,281
2104024,22,259,24,305
2104025,32,342,24,398
2104026,48,282,29,359
2104027,25,186,27,238
2104028,24,153,18,195
2104029,44,250,37,331
2104030,16,169,11,196
2104031,66,384,33,483
2104032,21,158,29,208
2104033,27,219,25,271
2104034,44,352,35,431
2104035,49,299,23,371
2104036,44,236,27,307
2104037,22,118,10,150
2104038,41,344,34,419
2104039,50,272,40,362
2104040,43,235,18,296
2104041,48,422,46,516
2104042,37,296,33,366
2104043,44,264,24,332
2104044,39,255,33,327
2104045,45,221,18,284
2104046,26,213,30,269
2104047,29,275,30,334
2104048,14,149,35,198
2104049,18,172,10,200
2104050,33,188,16,237
2104101,47,305,33,385
2104102,42,267,18,327
2104103,51,390,21,462
2104104,31,251,19,301
2104105,57,371,17,445
2104106,53,411,67,531
2104107,61,491,32,584
2104108,47,292,30,369
2104109,44,285,31,360
2104110,30,231,30,291
2104111,60,321,19,400
2104112,38,290,22,350
2104113,39,308,22,369
2104114,79,622,29,730
2104115,37,250,11,298
2104116,47,395,27,469
2104117,11,84,7,102
2104118,40,304,12,356
2104119,46,441,15,502
2104120,55,369,55,479
2104121,40,354,35,429
2104122,39,248,27,314
2104123,45,252,21,318
2104124,42,242,19,303
2104125,57,266,12,335
2104126,35,206,20,261
2104127,68,631,30,729
2104128,49,279,9,337
2104129,38,292,3,333
2104130,22,232,14,268
2104131,32,237,10,279
2104132,25,269,11,305
2104133,39,200,9,248
2104134,39,290,15,344
2104135,41,270,28,339
2104136,40,208,3,251
2104137,35,260,22,317
2104138,69,388,23,480
2104139,39,167,16,222
2104140,16,164,4,184
2104141,42,357,26,425
2104142,65,479,38,582
2104143,33,137,21,191
2104201,58,373,16,447
2104202,70,386,17,473
2104203,42,242,18,302
2104204,41,168,24,233
2104205,31,223,9,263
2104206,60,394,18,472
2104207,43,405,8,456
2104208,50,381,28,459
2104209,49,324,41,414
2104210,41,232,18,291
2104211,58,361,12,431
2104212,38,224,17,279
2104213,43,260,24,327
2104214,94,831,74,999
2104215,44,366,23,433
2104216,66,400,8,474
2104217,50,294,26,370
2104218,58,418,31,507
2104219,37,274,31,342
2104220,42,281,12,335
2104221,19,219,12,250
2104222,40,385,22,447
2104223,55,348,33,436
2104224,21,299,22,342
2104225,41,154,3,198
2104226,9,281,25,315
2104227,22,161,12,195
2104228,49,322,24,395
2104229,45,335,22,402
2104230,47,343,14,404
2104231,53,337,10,400
2104232,34,357,16,407
2104233,55,274,22,351
2104234,40,227,0,267
2104235,33,296,43,372
2104236,33,204,13,250
2104237,65,368,33,466
2104238,46,282,23,351
2104239,37,246,8,291
2104240,35,203,24,262
2104241,12,119,6,137
2104242,23,165,4,192
2104243,49,343,11,403
2104244,0,0,0,0
2104301,56,297,27,380
2104302,23,174,21,218
2104303,17,179,24,220
2104304,37,231,14,282
2104305,42,264,20,326
2104306,26,147,21,194
2104307,56,349,30,435
2104308,9,24,681,714
2104309,3,53,6,62
2104310,43,273,20,336
2104311,28,179,22,229
2104312,33,145,21,199
2104313,46,273,10,329
2104314,27,182,12,221
2104315,10,94,29,133
2104316,26,193,13,232
2104317,34,187,17,238
2104318,48,357,19,424
2104319,59,383,38,480
2104320,46,335,13,394
2104321,56,331,28,415
2104322,33,208,26,267
2104323,59,373,45,477
2104324,24,210,0,234
2104325,3,15,4,22
2104326,49,209,9,267
2104327,24,281,16,321
2104328,89,819,37,945
2104329,23,235,9,267
2104330,46,238,11,295
2104331,39,344,27,410
2104332,54,420,22,496
2104333,31,217,28,276
2104334,61,270,7,338
2104335,33,233,20,286
2104336,68,518,18,604
2104337,40,272,25,337
2104401,31,228,6,265
2104402,48,276,24,348
2104403,29,139,8,176
2104404,45,283,19,347
2104405,38,297,36,371
2104406,44,345,24,413
2104407,36,316,27,379
2104408,17,240,19,276
2104409,53,309,28,390
2104410,43,340,20,403
2104411,44,225,22,291
2104412,55,326,21,402
2104413,52,330,27,409
2104414,53,344,24,421
2104415,37,208,30,275
2104416,41,181,7,229
2104417,35,461,27,523
2104418,43,244,25,312
2104419,72,500,21,593
2104420,21,149,9,179
2104421,32,224,12,268
2104422,31,243,12,286
2104423,38,255,31,324
2104424,29,143,6,178
2104501,34,322,46,402
2104502,42,235,16,293
2104503,46,246,46,338
2104504,45,409,60,514
2104505,47,343,20,410
2104506,51,342,13,406
2104507,35,259,31,325
2104508,40,374,32,446
2104509,25,279,5,309
2104510,29,160,20,209
2104511,36,256,28,320
2104512,33,258,20,311
2104513,47,257,27,331
2104514,56,283,46,385
2104515,34,209,27,270
2104516,49,293,61,403
2104517,45,392,15,452
2104518,33,181,6,220
2104519,62,348,28,438
2104520,56,289,42,387
2104521,42,207,26,275
2104522,37,244,17,298
2104523,30,265,16,311
2104524,44,282,43,369
2104525,39,322,71,432
2104526,32,236,22,290
2104527,31,262,28,321
2104528,54,316,39,409
2104529,0,0,0,0
2104530,44,328,48,420
2104531,46,293,27,366
2104532,34,247,25,306
2104533,42,296,34,372
2104534,53,284,35,372
2104535,46,272,48,366
2104601,37,406,18,461
2104602,53,360,19,432
2104603,30,203,24,257
2104604,10,128,7,145
2104605,22,150,8,180
2104606,77,376,32,485
2104607,25,255,18,298
2104608,47,234,19,300
2104609,42,215,15,272
2104610,34,275,15,324
2104611,60,333,41,434
2104612,57,322,24,403
2104613,45,282,22,349
2104614,47,274,18,339
2104615,52,351,16,419
2104616,28,143,15,186
2104617,64,391,38,493
2104618,31,166,25,222
2104619,22,118,11,151
2104620,50,221,21,292
2104621,41,243,12,296
2104622,22,145,9,176
2104623,50,291,28,369
2104624,32,244,17,293
2104625,30,156,10,196
2104701,0,0,0,0
2104702,0,6,3,9
2104703,50,204,20,274
2104704,57,318,61,436
2104705,27,190,39,256
2104706,46,318,24,388
2104707,50,219,22,291
2104708,36,210,10,256
2104709,49,235,33,317
2104710,47,262,35,344
2104711,57,373,39,469
2104712,47,253,24,324
2104713,27,242,21,290
2104714,21,165,13,199
2104715,63,402,29,494
2104716,56,452,31,539
2104717,0,0,0,0
2104718,55,314,29,398
2104719,37,189,38,264
2104720,40,221,34,295
2104721,53,316,60,429
2104722,17,192,26,235
2104723,12,390,33,435
2104724,47,335,44,426
2104725,12,197,32,241
2104726,41,173,27,241
2104727,3,11,0,14
2104728,41,325,22,388
2104729,72,398,52,522
2104730,37,281,27,345
2104731,42,302,24,368
2104732,0,0,0,0
2104733,27,147,12,186
2104734,31,144,32,207
2104735,71,307,40,418
2104736,3,86,18,107
2104737,33,204,21,258
2104738,68,394,34,496
2104739,52,202,19,273
2104740,36,259,38,333
2104801,41,368,33,442
2104802,29,272,12,313
2104803,55,330,81,466
2104804,48,196,14,258
2104805,57,292,37,386
2104806,28,145,14,187
2104807,18,161,0,179
2104808,39,232,18,289
2104809,21,144,12,177
2104810,34,203,23,260
2104811,42,263,13,318
2104812,33,192,9,234
2104813,75,510,54,639
2104814,31,201,6,238
2104815,18,168,13,199
2104816,64,369,20,453
2104817,59,456,37,552
2104818,23,153,34,210
2104819,42,271,33,346
2104820,42,266,24,332
2104821,39,273,20,332
2104822,34,136,9,179
2104823,87,427,27,541
2104824,31,174,13,218
2104825,48,247,26,321
2104826,48,230,17,295
2104827,33,197,20,250
2104828,27,303,13,343
2104829,35,247,3,285
2104830,16,123,15,154
2104831,24,124,9,157
2104901,40,217,33,290
2104902,46,263,60,369
2104903,43,244,22,309
2104904,54,355,35,444
2104905,59,460,50,569
2104906,61,285,29,375
2104907,52,191,31,274
2104908,58,386,92,536
2104909,39,280,17,336
2104910,41,269,31,341
2104911,32,213,27,272
2105001,14,160,25,199
2105002,27,208,18,253
2105003,39,245,18,302
2105004,36,285,15,336
2105005,46,332,21,399
2105006,56,310,36,402
2105007,20,154,27,201
2105008,43,254,31,328
2105009,57,308,42,407
2105010,25,235,20,280
2105011,36,292,27,355
2105012,37,275,27,339
2105013,41,240,12,293
2105014,39,240,12,291
2105015,28,229,11,268
2105016,30,267,8,305
2105017,30,221,18,269
2105018,37,271,22,330
2105019,33,265,18,316
2105020,40,361,21,422
2105021,40,242,21,303
2105022,51,351,21,423
2105023,57,258,22,337
2105024,48,223,3,274
2105025,39,183,9,231
2105026,42,309,32,383
2105027,86,800,49,935
2105028,23,208,7,238
2105029,49,332,19,400
2105030,19,210,11,240
2105031,56,253,75,384
2105032,50,328,27,405
2105033,25,215,17,257
2105034,37,188,70,295
2105035,44,330,16,390
2105036,48,331,18,397
2105037,24,112,12,148
2105038,55,487,16,558
2105039,41,359,50,450
2105040,53,313,15,381
2105041,18,145,3,166
2105042,55,286,42,383
2105043,19,108,3,130
2105044,30,157,9,196
2105101,64,339,49,452
2105102,37,218,33,288
2105103,32,153,25,210
2105104,71,404,56,531
2105105,28,157,21,206
2105106,38,241,18,297
2105107,33,260,29,322
2105108,33,191,12,236
2105109,57,304,28,389
2105110,47,290,48,385
2105111,53,221,11,285
2105112,71,413,34,518
2105113,20,189,26,235
2105114,49,195,32,276
2105115,59,286,44,389
2105116,48,303,17,368
2105117,31,174,14,219
2105201,32,207,37,276
2105202,63,262,39,364
2105203,42,194,4,240
2105204,83,335,35,453
2105205,54,340,37,431
2105206,42,263,23,328
2105207,74,344,35,453
2105208,29,200,18,247
2105209,27,188,10,225
2105210,28,238,23,289
2105211,26,117,12,155
2105301,48,259,9,316
2105302,46,301,20,367
2105303,59,340,23,422
2105304,24,86,18,128
2105305,39,326,28,393
2105306,40,331,24,395
2105307,36,323,17,376
2105308,29,208,15,252
2105309,30,261,10,301
2105310,39,384,38,461
2105311,46,283,19,348
2105312,29,275,20,324
2105313,42,204,27,273
2105314,35,461,33,529
2105315,64,373,37,474
2105316,46,498,31,575
2105317,50,462,49,561
2105318,31,292,10,333
2105319,36,289,16,341
2105320,26,239,13,278
2105321,31,187,19,237
2105322,23,236,15,274
2105323,58,285,18,361
2105324,27,256,18,301
2105325,29,233,12,274
2105326,37,334,19,390
2105327,52,266,27,345
2105328,30,110,0,140
2105329,37,269,16,322
2105330,31,295,20,346
2105331,24,87,18,129
2105332,46,218,16,280
2105333,63,277,29,369
2105334,38,268,24,330
2105401,25,151,14,190
2105402,31,164,26,221
2105403,18,233,41,292
2105404,29,197,6,232
2105405,0,6,0,6
2105406,48,361,48,457
2105407,28,172,21,221
2105408,36,227,14,277
2105409,64,208,30,302
2105410,41,240,21,302
2105411,29,235,22,286
2105412,34,206,21,261
2105413,31,159,30,220
2105414,23,246,21,290
2105415,24,252,21,297
2105416,28,230,26,284
2105417,36,331,35,402
2105418,19,195,23,237
2105419,40,310,47,397
2105501,48,269,48,365
2105502,27,211,21,259
2105503,33,126,21,180
2105504,31,187,7,225
2105505,24,141,15,180
2105506,60,304,34,398
2105507,20,186,21,227
2105508,38,265,32,335
2105509,27,220,42,289
2105510,16,132,12,160
2105511,43,243,30,316
2105512,39,286,30,355
2105513,37,194,15,246
2105514,47,278,27,352
2105515,44,227,19,290
2105516,46,222,12,280
2105517,28,125,11,164
2105518,18,128,21,167
2105519,34,205,24,263
2105601,45,313,28,386
2105602,36,194,15,245
2105603,30,136,25,191
2105604,28,137,28,193
2105605,63,418,44,525
2105606,33,182,41,256
2105607,32,223,29,284
2105608,37,284,30,351
2105609,57,389,35,481
2105610,44,224,17,285
2105611,19,135,42,196
2105612,15,107,27,149
2105613,54,466,31,551
2105614,46,303,28,377
2105615,60,348,32,440
2105616,54,281,24,359
2105617,57,394,41,492
2105618,19,168,21,208
2105619,34,306,15,355
2105620,56,357,37,450
2105621,25,201,27,253
2105622,27,136,13,176
2105623,15,128,10,153
2105624,21,237,21,279
2105625,54,231,43,328
2105626,21,197,15,233
2105627,32,137,10,179
2105628,38,261,34,333
2105629,14,118,6,138
2105630,36,319,22,377
2105631,16,149,6,171
2105701,55,263,25,343
2105702,35,205,19,259
2105703,55,344,32,431
2105704,51,378,39,468
2105705,57,487,32,576
2105706,19,78,3,100
2105707,34,202,9,245
2105708,9,221,8,238
2105709,0,3,0,3
2105710,14,164,10,188
2105711,24,198,19,241
2105712,26,164,21,211
2105713,49,461,33,543
2105714,85,415,36,536
2105715,23,141,19,183
2105716,38,328,25,391
2105717,46,221,52,319
2105718,33,174,21,228
2105719,56,444,42,542
2105720,11,160,36,207
2105721,23,134,6,163
2105722,45,178,19,242
2105801,19,147,20,186
2105802,34,166,29,229
2105803,13,148,15,176
2105804,30,198,16,244
2105805,23,152,17,192
2105806,35,175,25,235
2105807,55,265,44,364
2105808,20,119,15,154
2105809,40,221,33,294
2105810,0,0,0,0
2105811,26,158,24,208
2105812,28,120,37,185
2105813,22,184,22,228
2105814,39,242,27,308
2105901,36,274,27,337
2105902,33,213,38,284
2105903,31,218,13,262
2105904,17,139,27,183
2105905,20,170,26,216
2105906,52,437,27,516
2105907,38,203,39,280
2105908,6,84,12,102
2105909,43,274,62,379
2105910,45,211,32,288
2105911,46,244,37,327
2105912,34,275,59,368
2105913,34,236,40,310
2105914,61,274,39,374
2105915,59,359,34,452
2105916,31,202,42,275
2105917,33,213,44,290
2106001,32,170,17,219
2106002,49,268,28,345
2106003,17,141,12,170
2106004,0,0,0,0
2106005,46,304,24,374
2106006,39,197,15,251
2106007,36,239,25,300
2106008,17,242,15,274
2106009,30,173,18,221
2106010,61,259,17,337
2106011,57,708,35,800
2106101,32,132,17,181
2106201,44,237,28,309
2106202,34,140,15,189
2106203,28,235,34,297
2106204,34,226,14,274
2106205,43,357,27,427
2106206,43,263,21,327
2106207,51,252,57,360
2106208,23,187,20,230
2106209,45,158,27,230
2106210,19,130,59,208
2106301,47,226,16,289
2106302,29,293,48,370
2106303,22,142,13,177
2106304,51,239,33,323
2106305,17,149,6,172
2106306,45,337,30,412
2106307,50,332,42,424
2106308,59,321,24,404
2106309,41,215,19,275
2106310,38,198,19,255
2106311,32,181,24,237
2106312,56,291,16,363
2106313,48,287,29,364
2106314,39,218,17,274
2106315,40,163,15,218
2106316,0,3,0,3
2106317,34,213,30,277
2106318,37,258,32,327
2106319,55,306,27,388
2106320,38,245,30,313
2106321,47,258,24,329
2106322,40,246,9,295
2106323,21,238,31,290
2106324,30,211,25,266
2106325,48,280,24,352
2106326,41,338,17,396
2106327,40,251,25,316
2106328,41,161,15,217
2106329,35,144,15,194
2106401,42,224,15,281
2106402,42,322,25,389
2106403,43,247,18,308
2106404,59,296,30,385
2106405,21,144,13,178
2106406,58,355,18,431
2106407,41,241,7,289
2106408,57,292,33,382
2106409,23,122,12,157
2106501,28,169,20,217
2106502,23,211,29,263
2106503,35,308,27,370
2106504,24,330,24,378
2106505,23,185,24,232
2106506,37,251,22,310
2106507,43,243,11,297
2106508,33,186,13,232
2106509,26,182,6,214
2106510,40,178,29,247
2106511,29,184,30,243
2106601,42,278,21,341
2106602,60,286,9,355
2106603,47,371,41,459
2106604,25,186,26,237
2106605,25,221,24,270
2106606,71,436,208,715
2106607,35,271,8,314
2106608,57,326,30,413
2106609,28,306,45,379
2106610,28,145,13,186
2106611,53,316,16,385
2106612,45,298,43,386
2106613,34,212,33,279
2106614,36,231,18,285
2106615,60,371,42,473
2106616,60,306,27,393
2106617,64,361,24,449
2106618,51,327,32,410
2106619,45,285,33,363
2106620,31,222,18,271
2106621,34,209,9,252
2106622,28,238,22,288
2106623,40,277,15,332
2106624,36,193,13,242
2106625,19,258,16,293
2106626,40,191,29,260
2106627,39,200,25,264
2106628,34,180,9,223
2106629,54,314,23,391
2106630,46,328,42,416
2106631,40,194,43,277
2106632,29,198,13,240
2106633,21,88,8,117
2106634,38,234,34,306
2106635,37,244,22,303
2106636,39,220,49,308
2106637,43,212,26,281
2106638,18,122,21,161
2106639,0,0,0,0
2106640,26,112,12,150
2106641,29,174,16,219
2106642,48,310,13,371
2106643,21,131,25,177
2106644,21,143,9,173
2106645,21,231,13,265
2106646,42,334,32,408
2106647,20,163,15,198
2106701,45,175,18,238
2106702,15,174,14,203
2106703,57,308,21,386
2106704,37,211,9,257
2106705,23,251,18,292
2106706,47,232,19,298
2106707,49,164,18,231
2106708,27,147,12,186
2106709,28,126,18,172
2106710,13,139,18,170
2106711,30,134,6,170
2106712,22,149,3,174
2106713,40,218,18,276
2106714,32,164,21,217
2106715,35,154,15,204
2106716,40,168,18,226
2106717,54,241,18,313
2106718,25,158,6,189
2106719,46,198,19,263
2106720,33,210,6,249
2106721,44,210,11,265
2106722,29,228,21,278
2106723,44,234,24,302
2106724,40,201,11,252
2106725,45,206,12,263
2106726,32,165,0,197
2106727,35,160,12,207
2106728,35,163,5,203
2106729,35,311,19,365
2106730,45,172,12,229
2106731,25,122,4,151
2106801,33,202,35,270
2106802,29,189,160,378
2106803,27,233,12,272
2106804,42,201,24,267
2106805,39,206,24,269
2106806,24,146,16,186
2106807,33,224,29,286
2106808,54,289,25,368
2106809,28,212,24,264
2106810,36,228,14,278
2106811,61,365,29,455
2106812,27,187,27,241
2106901,29,185,10,224
2106902,14,175,15,204
2106903,30,173,27,230
2106904,26,230,19,275
2106905,20,183,22,225
2106906,14,160,17,191
2106907,24,196,14,234
2106908,0,6,0,6
2106909,28,117,15,160
2106910,16,127,10,153
2106911,36,274,21,331
2106912,21,109,11,141
2106913,17,75,12,104
2106914,43,186,18,247
2106915,40,231,25,296
2106916,21,207,44,272
2106917,32,205,24,261
2106918,17,157,16,190
2106919,45,180,15,240
2106920,0,0,0,0
2106921,32,187,12,231
2106922,42,255,15,312
2106923,24,206,3,233
2106924,23,170,16,209
2106925,5,182,11,198
2106926,27,230,27,284
2106927,34,201,13,248
2106928,38,202,11,251
2106929,9,111,27,147
2106930,3,85,26,114
2106931,25,177,30,232
2107001,56,307,32,395
2107002,20,128,18,166
2107003,48,233,22,303
2107004,25,136,18,179
2107005,48,291,27,366
2107006,34,182,13,229
2107007,26,141,31,198
2107008,46,183,9,238
2107009,30,227,23,280
2107101,70,327,24,421
2107102,22,193,6,221
2107103,30,157,15,202
2107104,7,127,8,142
2107105,18,103,3,124
2107106,38,180,24,242
2107107,40,260,17,317
2107108,38,256,24,318
2107109,33,208,23,264
2107110,28,95,12,135
2107111,41,236,14,291
2107112,45,319,34,398
2107113,0,3,0,3
2107114,24,213,25,262
2107115,49,321,17,387
2107201,27,129,0,156
2107202,39,255,20,314
2107203,26,144,11,181
2107204,33,222,29,284
2107205,25,140,18,183
2107206,54,205,13,272
2107207,28,183,6,217
2107208,21,234,14,269
2107209,19,148,15,182
2107210,49,189,22,260
2107211,46,219,18,283
2107212,37,154,14,205
2107213,31,356,34,421
2107214,56,291,37,384
2107215,0,0,0,0
2107216,42,232,18,292
2107217,28,147,9,184
2107218,22,155,9,186
2107219,38,283,24,345
2107220,28,152,12,192
2107301,19,141,36,196
2107302,59,328,21,408
2107303,24,227,10,261
2107304,48,297,24,369
2107305,48,346,12,406
2107306,50,299,24,373
2107307,45,338,15,398
2107308,20,212,28,260
2107309,26,168,4,198
2107310,33,226,12,271
2107311,38,257,9,304
2107312,48,152,37,237
2107313,27,273,24,324
2107314,34,159,9,202
2107315,46,326,15,387
2107316,29,210,24,263
2107317,47,245,12,304
2107318,28,124,10,162
2107319,41,210,13,264
2107320,57,499,39,595
2107321,33,257,15,305
2107322,18,294,18,330
2107323,44,323,24,391
2107324,26,226,18,270
2107325,46,345,3,394
2107326,41,313,10,364
2107327,38,266,16,320
2107328,45,324,30,399
2107329,26,220,21,267
2107330,38,218,33,289
2107331,60,277,13,350
2107332,36,266,9,311
2107333,60,380,22,462
2107334,31,282,9,322
2107335,16,165,3,184
2107401,39,193,15,247
2107402,51,372,34,457
2107403,30,111,3,144
2107404,20,122,3,145
2107405,61,497,24,582
2107406,35,339,21,395
2107407,31,200,22,253
2107408,0,12,3,15
2107409,27,130,13,170
2107410,0,3,0,3
2107411,48,358,41,447
2107412,67,336,22,425
2107413,35,266,62,363
2107414,48,216,26,290
2107415,53,389,18,460
2107416,18,172,9,199
2107417,38,245,45,328
2107418,53,267,33,353
2107419,30,210,14,254
2107420,32,287,35,354
2107421,29,189,13,231
2107422,50,330,42,422
2107423,42,304,29,375
2107424,33,159,23,215
2107425,27,204,26,257
2107426,56,274,15,345
2107427,61,345,58,464
2107428,53,311,38,402
2107429,16,171,10,197
2107430,25,204,23,252
2107431,0,19,0,19
2107432,27,171,27,225
2107433,40,318,27,385
2107434,42,315,35,392
2107435,23,145,3,171
2107436,29,162,4,195
2107437,58,401,15,474
2107438,38,244,18,300
2107439,62,302,47,411
2107440,62,458,30,550
2107441,44,384,17,445
2107442,33,239,28,300
2107443,46,322,32,400
2107444,87,359,11,457
2107445,41,211,31,283
2107446,29,302,8,339
2107447,37,226,4,267
2107448,3,3,3,9
2107449,13,129,9,151
2107450,15,118,3,136
2107451,45,248,43,336
2107452,38,361,83,482
2107453,28,190,28,246
2107454,19,400,29,448
2107455,11,186,6,203
2107501,52,383,15,450
2107502,20,286,16,322
2107503,20,220,12,252
2107504,36,207,15,258
2107505,26,124,3,153
2107506,53,240,23,316
2107507,44,235,12,291
2107508,27,162,6,195
2107509,45,294,20,359
2107510,44,289,20,353
2107511,17,194,10,221
2107512,34,248,15,297
2107601,49,236,58,343
2107602,83,623,77,783
2107603,28,147,16,191
2107604,47,345,19,411
2107605,30,117,9,156
2107606,79,421,37,537
2107607,61,399,37,497
2107608,53,319,16,388
2107609,52,349,39,440
2107610,66,311,22,399
2107611,43,185,27,255
2107612,36,160,14,210
2107613,34,265,49,348
2107614,35,262,38,335
2107615,20,150,3,173
2107616,49,346,38,433
2107617,42,264,49,355
2107618,30,187,20,237
2107619,16,182,12,210
2107620,48,303,17,368
2107621,42,330,19,391
2107622,31,184,15,230
2107623,25,103,12,140
2107624,37,191,28,256
2107625,9,92,4,105
2107626,21,82,6,109
2107627,27,152,14,193
2107628,36,185,13,234
2107629,63,376,38,477
2107630,32,270,30,332
2107631,50,451,33,534
2107632,46,237,35,318
2107633,19,129,9,157
2107701,0,20,0,20
2107702,20,125,9,154
2107703,29,181,25,235
2107704,23,161,12,196
2107705,31,211,26,268
2107706,0,12,0,12
2107707,0,4,0,4
2107708,29,190,16,235
2107709,48,267,20,335
2107710,23,123,9,155
2107711,35,185,24,244
2107712,38,361,21,420
2107713,53,261,30,344
2107714,42,316,18,376
2107715,37,241,27,305
2107716,24,224,9,257
2107717,25,151,9,185
2107718,0,0,0,0
2107719,83,293,30,406
2107720,31,129,14,174
2107721,39,196,22,257
2107722,24,147,41,212
2107801,63,375,35,473
2107802,31,230,31,292
2107803,22,142,33,197
2107804,42,177,23,242
2107805,26,188,27,241
2107806,40,271,28,339
2107807,23,142,0,165
2107808,43,252,14,309
2107809,22,279,71,372
2107810,21,150,17,188
2107811,53,406,30,489
2107812,49,392,25,466
2107813,23,161,6,190
2107814,33,218,29,280
2107815,27,133,20,180
2107816,18,99,30,147
2107817,46,336,34,416
2107818,15,111,9,135
2107819,26,171,19,216
2107820,30,153,12,195
2107821,33,162,28,223
2107901,23,212,10,245
2107902,47,354,24,425
2107903,39,247,17,303
2107904,54,297,22,373
2107905,48,342,33,423
2107906,28,213,36,277
2107907,51,229,11,291
2107908,39,244,26,309
2107909,32,186,14,232
2107910,61,311,23,395
2107911,29,203,24,256
2107912,47,283,40,370
2107913,40,299,31,370
2107914,34,197,4,235
2107915,23,197,25,245
2107916,66,290,27,383
2107917,25,208,26,259
2107918,17,127,14,158
2107919,39,166,7,212
2107920,29,206,19,254
2107921,46,298,24,368
2107922,43,232,12,287
2107923,39,304,27,370
2107924,30,144,22,196
2107925,45,297,87,429
2107926,26,289,18,333
2107927,46,354,20,420
2107928,61,416,36,513
2107929,53,251,30,334
2107930,33,288,4,325
2107931,61,292,20,373
2107932,46,380,18,444
2107933,44,214,9,267
2107934,66,565,21,652
2107935,56,264,44,364
2107936,36,243,21,300
2107937,27,231,12,270
2107938,45,261,22,328
2107939,44,330,38,412
2107940,37,254,6,297
2108001,0,0,0,0
2108101,17,80,9,106
2108102,97,651,45,793
2108103,24,155,15,194
2108104,65,388,18,471
2108105,66,290,20,376
2108106,62,313,22,397
2108107,68,398,42,508
2108108,79,558,43,680
2108109,59,388,42,489
2108110,42,317,34,393
2108111,21,178,19,218
2108112,47,242,46,335
2108113,57,351,50,458
2108114,58,362,28,448
2108115,27,163,18,208
2108116,43,352,50,445
2108117,59,347,47,453
2108118,29,202,27,258
2108119,30,142,9,181
2108120,59,327,39,425
2108121,40,236,34,310
2108122,41,276,15,332
2108123,33,224,31,288
2108124,39,158,15,212
2108125,62,340,36,438
2108126,37,328,22,387
2108127,34,156,23,213
2108128,45,240,33,318
2108129,25,143,12,180
2108130,14,145,22,181
2108201,14,67,0,81
2108202,40,269,23,332
2108203,64,357,21,442
2108204,34,211,20,265
2108205,31,238,6,275
2108206,18,144,14,176
2108207,18,163,7,188
2108208,23,176,24,223
2108209,24,166,14,204
2108210,18,136,34,188
2108211,51,271,22,344
2108212,40,191,38,269
2108213,14,164,16,194
2108214,22,155,22,199
2108215,30,195,10,235
2108216,47,236,21,304
2108217,13,103,18,134
2108218,21,218,22,261
2108219,59,351,15,425
2108220,10,133,15,158
2108221,24,167,18,209
2108222,22,214,31,267
2108223,9,124,4,137
2108224,45,222,45,312
2108225,33,190,24,247
2108301,0,0,0,0
2108401,37,246,32,315
2108402,61,293,41,395
2108403,34,175,39,248
2108404,56,377,25,458
2108405,42,280,29,351
2108406,71,431,30,532
2108407,51,310,32,393
2108408,35,197,15,247
2108409,44,195,23,262
2108410,29,270,23,322
2108411,41,211,16,268
2108412,37,207,20,264
2108413,24,153,9,186
2108414,18,140,39,197
2108415,38,153,21,212
2108416,67,282,18,367
2108417,30,212,60,302
2108418,37,227,51,315
2108419,21,240,32,293
2108420,34,202,28,264
2108421,42,253,58,353
2108422,3,0,0,3
2108423,39,162,21,222
2108424,50,283,38,371
2108425,25,170,15,210
2108426,26,154,13,193
2108427,24,188,18,230
2108428,23,144,20,187
2108501,35,147,15,197
2108502,25,172,12,209
2108503,20,136,22,178
2108504,36,189,28,253
2108505,50,294,35,379
2108506,42,214,35,291
2108507,35,185,23,243
2108508,12,58,15,85
2108509,41,274,39,354
2108510,24,107,15,146
2108511,44,219,18,281
2108512,43,184,18,245
2108513,30,152,3,185
2108514,47,271,21,339
2108515,43,260,24,327
2108516,35,220,9,264
2108517,25,145,21,191
2108518,41,203,32,276
2108519,40,199,9,248
2108520,50,274,40,364
2108521,18,122,15,155
2108522,34,223,18,275
2108601,27,110,17,154
2108602,30,148,15,193
2108603,67,338,38,443
2108604,41,266,23,330
2108605,55,387,42,484
2108606,47,370,33,450
2108607,66,387,32,485
2108608,29,216,30,275
2108609,33,185,11,229
2108610,49,309,33,391
2108611,30,152,37,219
2108612,34,183,38,255
2108613,14,122,18,154
2108614,42,225,30,297
2108615,36,196,12,244
2108616,36,215,27,278
2108617,0,0,0,0
2108701,51,250,39,340
2108702,27,134,13,174
2108703,15,114,42,171
2108704,31,178,21,230
2108705,31,216,19,266
2108706,36,199,23,258
2108707,17,190,23,230
2108708,17,134,17,168
2108709,43,307,25,375
2108710,21,134,19,174
2108711,53,304,24,381
2108712,29,247,25,301
2108713,44,306,31,381
2108714,52,285,31,368
2108715,45,279,9,333
2108716,51,273,27,351
2108717,31,166,27,224
2108718,12,132,7,151
2108719,44,331,21,396
2108720,60,406,31,497
2108721,24,143,4,171
2108722,48,255,10,313
2108723,35,238,21,294
2108724,9,138,17,164
2108725,12,112,15,139
2108801,14,81,0,95
2108901,58,329,29,416
2108902,33,188,32,253
2108903,24,199,15,238
2108904,30,295,26,351
2108905,38,311,36,385
2108906,13,153,11,177
2108907,38,305,38,381
2108908,64,389,31,484
2108909,27,225,9,261
2108910,35,198,12,245
2108911,21,208,18,247
2108912,34,251,14,299
2108913,18,170,9,197
2108914,33,236,16,285
2108915,25,165,9,199
2108916,32,161,9,202
2108917,31,300,27,358
2108918,33,250,13,296
2108919,76,399,25,500
2108920,23,184,15,222
2108921,53,399,50,502
2108922,32,283,26,341
2108923,23,122,3,148
2109001,38,185,32,255
2109002,39,216,24,279
2109003,39,248,37,324
2109004,38,236,21,295
2109005,30,306,21,357
2109006,44,231,40,315
2109007,51,226,26,303
2109008,40,287,22,349
2109009,45,202,18,265
2109010,43,191,28,262
2109011,61,309,17,387
2109012,40,292,33,365
2109013,48,272,30,350
2109014,31,248,16,295
2109015,39,364,13,416
2109016,54,275,22,351
2109017,58,334,19,411
2109018,63,411,43,517
2109019,53,376,30,459
2109020,41,222,34,297
2109021,29,214,7,250
2109022,41,231,23,295
2109023,44,272,31,347
2109024,36,206,15,257
2109025,32,163,12,207
2109026,42,169,6,217
2109101,46,405,65,516
2109102,40,336,64,440
2109103,29,241,28,298
2109104,50,387,34,471
2109105,35,219,12,266
2109106,37,227,28,292
2109107,75,405,47,527
2109108,63,430,42,535
2109109,30,212,20,262
2109110,32,163,21,216
2109111,24,149,19,192
2109112,29,251,18,298
2109113,20,158,33,211
2109114,13,90,16,119
2109115,79,351,27,457
2109116,42,257,27,326
2109117,35,198,30,263
2109118,31,162,23,216
2109119,49,238,35,322
2109120,70,466,34,570
2109121,38,263,36,337
2109122,55,280,28,363
2109123,57,239,15,311
2109124,0,0,0,0
2109201,7,3,0,10
2109301,43,338,51,432
2109302,55,255,32,342
2109303,41,231,28,300
2109304,22,182,12,216
2109305,19,107,6,132
2109306,47,269,30,346
2109307,17,137,3,157
2109308,19,207,41,267
2109309,28,151,9,188
2109310,41,246,14,301
2109311,0,0,0,0
2109312,39,228,37,304
2109313,23,148,15,186
2109314,40,195,43,278
2109315,61,397,44,502
2109316,38,257,129,424
2109317,59,325,26,410
2109318,52,289,43,384
2109319,63,354,47,464
2109320,34,247,51,332
2109321,36,237,32,305
2109322,62,312,42,416
2109323,80,536,126,742
2109324,56,290,30,376
2109325,18,148,21,187
2109326,35,253,29,317
2109327,38,205,22,265
2109328,37,238,37,312
2109329,18,188,27,233
2109330,23,280,12,315
2109331,51,234,28,313
2109332,43,265,47,355
2109333,48,296,42,386
2109334,42,249,21,312
2109335,32,244,19,295
2109336,43,210,27,280
2109337,41,268,56,365
2109338,35,276,36,347
2109339,87,471,67,625
2109340,52,325,52,429
2109341,54,327,67,448
2109342,78,385,57,520
2109343,69,352,41,462
2109344,38,229,14,281
2109345,60,262,29,351
2109346,27,181,26,234
2109347,23,148,18,189
2109348,27,148,23,198
2109349,28,203,20,251
2109350,71,379,31,481
2109351,12,48,9,69
2109401,32,196,6,234
2109402,38,247,33,318
2109403,33,233,34,300
2109404,29,193,13,235
2109405,59,353,30,442
2109406,19,126,12,157
2109407,45,320,21,386
2109408,56,207,15,278
2109409,18,114,15,147
2109410,61,342,40,443
2109411,51,231,59,341
2109412,6,258,6,270
2109413,61,474,48,583
2109414,43,366,25,434
2109415,61,313,24,398
2109416,49,270,27,346
2109417,33,218,15,266
2109418,27,135,3,165
2109419,30,196,18,244
2109420,33,244,19,296
2109421,45,251,20,316
2109422,21,150,18,189
2109423,38,239,38,315
2109424,38,222,18,278
2109425,45,264,26,335
2109426,43,193,35,271
2109427,25,223,15,263
2109428,35,152,9,196
2109429,40,271,12,323
2109430,27,192,23,242
2109431,26,135,6,167
2109501,31,144,21,196
2109502,50,311,17,378
2109503,52,211,26,289
2109504,65,338,59,462
2109505,45,266,35,346
2109506,35,241,10,286
2109507,24,225,33,282
2109508,40,229,58,327
2109509,57,255,24,336
2109510,0,0,0,0
2109511,74,508,45,627
2109512,34,291,54,379
2109513,47,243,22,312
2109514,46,353,28,427
2109515,68,458,47,573
2109516,29,285,30,344
2109517,47,270,23,340
2109518,44,289,22,355
2109519,38,231,26,295
2109520,44,306,70,420
2109521,35,240,36,311
2109522,32,349,26,407
2109523,71,377,40,488
2109524,36,211,37,284
2109525,47,347,38,432
2109526,63,347,23,433
2109527,58,338,56,452
2109528,38,243,28,309
2109529,42,262,35,339
2109530,39,239,14,292
2109531,40,265,24,329
2109532,57,406,47,510
2109533,53,228,45,326
2109534,69,296,33,398
2109535,52,343,41,436
2109536,55,268,35,358
2109537,44,220,25,289
2109538,28,197,26,251
2109601,39,417,37,493
2109602,23,138,24,185
2109603,29,246,19,294
2109604,6,3,0,9
2109605,46,282,40,368
2109606,33,217,24,274
2109607,37,244,27,308
2109608,41,343,70,454
2109609,75,412,43,530
2109610,36,235,28,299
2109611,50,255,42,347
2109612,49,243,56,348
2109613,45,348,65,458
2109614,40,315,63,418
2109615,36,288,56,380
2109616,36,303,39,378
2109617,26,178,35,239
2109618,28,172,26,226
2109619,51,316,39,406
2109620,51,232,39,322
2109621,24,147,15,186
2109622,41,228,21,290
2109623,51,367,33,451
2109624,40,287,37,364
2109625,0,0,3,3
2109626,59,329,48,436
2109627,49,285,29,363
2109628,53,322,34,409
2109629,35,201,21,257
2109630,61,336,25,422
2109631,33,168,28,229
2109632,34,185,35,254
2109633,47,275,37,359
2109634,50,290,68,408
2109635,39,185,25,249
2109636,0,0,0,0
2109701,30,189,30,249
2109702,20,230,33,283
2109703,21,144,30,195
2109704,24,177,18,219
2109705,24,144,18,186
2109706,29,200,38,267
2109707,23,145,15,183
2109708,39,253,37,329
2109709,38,159,18,215
2109710,25,198,12,235
2109711,52,274,64,390
2109712,30,117,9,156
2109713,14,119,21,154
2109714,48,212,73,333
2109715,30,241,39,310
2109716,25,235,41,301
2109717,61,453,51,565
2109718,6,31,0,37
2109719,31,184,14,229
2109720,44,285,15,344
2109721,53,467,21,541
2109722,30,272,27,329
2109723,31,320,35,386
2109724,29,191,3,223
2109725,35,190,9,234
2109726,46,274,27,347
2109727,24,160,12,196
2109728,35,218,18,271
2109729,68,549,74,691
2109730,29,179,15,223
2109731,37,280,36,353
2109732,43,192,12,247
2109733,19,204,12,235
2109734,39,215,8,262
2109735,39,388,32,459
2109736,33,247,29,309
2109737,38,321,41,400
2109738,30,175,3,208
2109739,74,526,26,626
2109740,45,276,44,365
2109741,41,332,10,383
2109742,35,341,48,424
2109743,51,558,17,626
2109744,52,289,22,363
2109745,50,333,28,411
2109746,43,227,21,291
2109747,28,248,27,303
2109748,40,295,32,367
2109749,38,303,43,384
2109750,55,311,49,415
2109751,30,246,22,298
2109752,43,245,12,300
2109753,24,188,16,228
2109754,24,297,73,394
2109755,15,190,0,205
2109756,39,281,50,370
2109757,31,239,13,283
2109758,40,305,35,380
2109759,56,370,40,466
2109760,14,194,18,226
2109761,46,276,37,359
2109762,50,397,27,474
2109763,0,6,0,6
2109764,46,263,25,334
2109801,33,250,19,302
2109802,0,0,0,0
2109803,59,300,16,375
2109804,40,226,21,287
2109805,6,10,0,16
2109806,32,260,32,324
2109807,43,305,35,383
2109808,24,226,23,273
2109809,26,165,32,223
2109810,17,133,12,162
2109811,21,171,25,217
2109812,24,87,12,123
2109813,65,393,40,498
2109814,45,293,29,367
2109901,0,12,8,20
2110001,41,231,36,308
2110002,15,134,7,156
2110003,44,310,22,376
2110004,56,313,39,408
2110005,0,0,0,0
2110006,47,218,19,284
2110007,0,12,7,19
2110008,30,237,26,293
2110009,61,263,47,371
2110010,42,267,26,335
2110011,48,189,27,264
2110012,42,186,45,273
2110013,7,93,3,103
2110101,33,188,12,233
2110102,44,216,11,271
2110103,61,379,57,497
2110104,32,209,15,256
2110105,28,127,9,164
2110106,29,213,23,265
2110107,47,325,22,394
2110108,27,191,28,246
2110109,43,251,36,330
2110110,41,252,28,321
2110111,37,222,16,275
2110112,46,218,25,289
2110113,41,206,21,268
2110114,42,195,15,252
2110115,50,327,67,444
2110116,36,293,49,378
2110117,37,267,29,333
2110118,44,292,28,364
2110119,64,276,41,381
2110120,25,120,0,145
2110121,34,237,36,307
2110122,64,349,22,435
2110123,44,296,34,374
2110124,45,237,29,311
2110125,53,304,26,383
2110126,64,358,36,458
2110127,25,200,15,240
2110128,28,206,24,258
2110129,22,234,8,264
2110130,60,341,43,444
2110131,18,147,19,184
2110132,44,209,71,324
2110133,26,168,21,215
2110134,28,188,10,226
2110135,24,142,15,181
2110201,41,183,5,229
2110202,51,321,21,393
2110203,0,28,810,838
2110204,31,150,19,200
2110205,27,187,45,259
2110206,48,300,12,360
2110207,20,196,26,242
2110208,38,179,10,227
2110209,44,272,14,330
2110210,38,224,27,289
2110211,30,204,32,266
2110212,20,171,9,200
2110301,60,359,30,449
2110302,21,61,9,91
2110303,49,319,21,389
2110304,53,206,33,292
2110305,46,268,20,334
2110306,28,190,12,230
2110307,39,301,28,368
2110308,33,276,22,331
2110309,44,266,21,331
2110310,25,94,25,144
2110311,51,354,30,435
2110312,28,215,12,255
2110313,53,359,33,445
2110314,38,230,19,287
2110315,12,174,33,219
2110316,55,291,39,385
2110317,52,329,36,417
2110318,53,309,26,388
2110319,47,366,34,447
2110320,51,294,39,384
2110321,42,275,26,343
2110322,31,189,19,239
2110323,65,354,34,453
2110324,27,215,35,277
2110325,45,347,31,423
2110326,36,278,38,352
2110327,56,386,48,490
2110328,38,281,55,374
2110329,23,144,9,176
2110330,33,194,22,249
2110331,47,302,30,379
2110332,21,115,12,148
2110333,45,341,29,415
2110334,44,329,35,408
2110401,37,139,25,201
2110402,23,123,9,155
2110403,57,323,17,397
2110404,33,144,8,185
2110405,34,198,16,248
2110406,36,161,30,227
2110407,0,3,0,3
2110408,22,167,34,223
2110409,38,175,9,222
2110410,35,231,38,304
2110411,46,333,25,404
2110412,36,267,27,330
2110413,31,237,21,289
2110414,69,341,31,441
2110415,28,331,51,410
2110416,32,293,16,341
2110501,17,160,10,187
2110502,46,471,24,541
2110503,30,292,86,408
2110504,31,227,24,282
2110505,34,251,12,297
2110506,48,327,37,412
2110507,37,340,28,405
2110508,25,298,26,349
2110509,27,218,30,275
2110510,43,411,54,508
2110511,74,722,143,939
2110512,30,212,23,265
2110513,49,599,62,710
2110514,47,300,28,375
2110515,51,247,18,316
2110516,30,178,24,232
2110517,48,286,24,358
2110518,31,285,28,344
2110519,31,227,27,285
2110520,43,260,16,319
2110521,41,289,50,380
2110522,40,497,62,599
2110523,64,482,67,613
2110524,38,312,27,377
2110525,33,226,48,307
2110526,40,321,19,380
2110527,27,224,27,278
2110528,44,199,12,255
2110529,42,365,23,430
2110530,42,374,13,429
2110531,40,430,33,503
2110532,12,155,18,185
2110533,53,331,24,408
2110534,69,435,30,534
2110535,39,487,47,573
2110536,37,262,17,316
2110537,28,361,53,442
2110538,30,366,48,444
2110539,30,339,13,382
2110540,40,390,9,439
2110541,36,446,62,544
2110542,50,302,45,397
2110543,45,404,33,482
2110544,64,639,88,791
2110545,28,511,24,563
2110546,12,209,21,242
2110547,14,211,15,240
2110548,20,154,3,177
2110549,32,252,17,301
2110550,31,290,48,369
2110601,57,412,22,491
2110602,34,435,71,540
2110603,30,320,37,387
2110604,44,356,18,418
2110605,37,299,12,348
2110606,14,241,31,286
2110607,52,330,33,415
2110608,47,339,48,434
2110609,28,390,39,457
2110610,23,260,27,310
2110611,43,340,35,418
2110612,44,375,37,456
2110613,46,294,15,355
2110614,46,488,47,581
2110615,31,294,18,343
2110616,33,206,27,266
2110617,37,367,36,440
2110618,16,246,19,281
2110619,33,189,25,247
2110701,45,322,25,392
2110702,35,263,30,328
2110703,39,356,25,420
2110704,46,256,19,321
2110705,44,348,45,437
2110706,51,390,57,498
2110707,45,408,46,499
2110708,27,285,16,328
2110709,49,503,40,592
2110710,21,235,13,269
2110711,0,255,21,276
2110712,41,341,31,413
2110713,55,309,20,384
2110714,47,332,27,406
2110715,34,357,33,424
2110716,42,317,62,421
2110717,32,252,27,311
2110718,27,273,36,336
2110719,65,362,57,484
2110720,35,383,78,496
2110721,22,315,24,361
2110722,13,149,21,183
2110723,37,224,15,276
2110724,31,244,35,310
2110725,43,321,21,385
2110726,37,276,30,343
2110727,27,235,49,311
2110728,39,188,6,233
2110729,33,187,29,249
2110730,24,231,24,279
2110731,54,373,18,445
2110801,37,244,10,291
2110802,13,179,21,213
2110803,58,345,55,458
2110804,32,199,43,274
2110805,49,351,46,446
2110806,47,310,48,405
2110807,16,244,12,272
2110808,52,296,12,360
2110809,61,397,40,498
2110810,49,284,19,352
2110811,43,277,17,337
2110812,25,156,16,197
2110813,44,260,7,311
2110814,39,283,9,331
2110815,63,350,39,452
2110816,55,258,20,333
2110817,42,207,18,267
2110818,46,194,23,263
2110819,55,400,60,515
2110820,68,363,58,489
2110821,56,360,41,457
2110822,54,474,45,573
2110823,60,337,47,444
2110824,59,362,33,454
2110825,64,370,42,476
2110826,31,259,10,300
2110827,40,233,23,296
2110828,44,250,14,308
2110829,52,325,38,415
2110830,49,187,17,253
2110831,50,325,33,408
2110832,52,259,31,342
2110833,48,402,38,488
2110834,39,266,58,363
2110835,32,258,38,328
2110836,32,216,32,280
2110837,36,196,27,259
2110838,69,372,24,465
2110839,27,209,19,255
2110840,35,206,27,268
2110841,33,278,57,368
2110842,31,321,23,375
2110843,45,282,33,360
2110844,37,329,9,375
2110845,33,197,21,251
2110846,33,288,25,346
2110847,36,227,46,309
2110848,29,149,15,193
2110849,41,307,21,369
2110850,34,305,22,361
2110851,23,198,21,242
2110852,28,152,6,186
2110853,50,509,85,644
2110854,30,197,23,250
2110855,32,282,29,343
2110856,26,123,10,159
2110857,29,159,10,198
2110858,32,333,15,380
2110859,27,165,84,276
2110860,5,250,25,280
2110901,57,361,33,451
2110902,38,230,19,287
2110903,31,203,21,255
2110904,44,272,25,341
2110905,44,220,6,270
2110906,60,310,8,378
2110907,53,269,14,336
2110908,20,207,9,236
2110909,53,308,18,379
2110910,23,198,16,237
2110911,56,287,13,356
2110912,36,260,27,323
2110913,37,292,24,353
2110914,40,181,15,236
2110915,39,247,15,301
2110916,38,222,15,275
2110917,44,251,9,304
2110918,52,328,28,408
2110919,32,264,27,323
2110920,38,228,21,287
2110921,49,239,47,335
2110922,33,297,33,363
2110923,41,270,24,335
2110924,29,156,21,206
2111001,43,261,15,319
2111002,36,265,20,321
2111003,45,322,24,391
2111004,21,191,24,236
2111005,23,133,9,165
2111006,38,348,30,416
2111007,47,341,26,414
2111008,46,349,39,434
2111009,0,3,0,3
2111010,46,458,46,550
2111011,28,207,5,240
2111012,59,297,21,377
2111013,58,371,24,453
2111014,42,258,23,323
2111015,69,423,31,523
2111016,39,263,18,320
2111017,38,163,8,209
2111018,23,281,20,324
2111019,35,318,38,391
2111020,0,0,0,0
2111021,0,7,0,7
2111022,37,268,12,317
2111101,22,271,22,315
2111102,33,224,8,265
2111103,44,532,31,607
2111104,69,424,33,526
2111105,51,393,35,479
2111106,39,195,25,259
2111107,74,343,15,432
2111108,55,409,64,528
2111109,31,210,11,252
2111110,45,356,33,434
2111111,37,158,12,207
2111112,52,402,24,478
2111113,56,361,44,461
2111114,54,368,43,465
2111115,42,327,17,386
2111116,13,176,19,208
2111117,32,257,30,319
2111118,44,286,31,361
2111119,27,204,12,243
2111120,16,263,24,303
2111121,31,216,28,275
2111122,37,210,21,268
2111123,40,437,71,548
2111124,31,289,16,336
2111125,27,200,6,233
2111126,36,271,29,336
2111127,37,276,8,321
2111128,40,380,26,446
2111129,45,345,30,420
2111130,61,389,18,468
2111131,41,224,22,287
2111132,39,300,49,388
2111133,62,339,30,431
2111134,21,241,21,283
2111135,49,270,21,340
2111136,61,385,18,464
2111137,56,323,15,394
2111138,59,271,8,338
2111139,30,206,25,261
2111140,61,348,24,433
2111141,37,278,11,326
2111142,29,305,18,352
2111143,56,417,34,507
2111144,41,278,5,324
2111145,54,370,26,450
2111146,36,298,32,366
2111147,23,231,38,292
2111148,48,463,16,527
2111149,28,273,23,324
2111150,20,200,19,239
2111151,16,262,21,299
2111152,28,286,10,324
2111153,0,0,0,0
2111201,78,338,28,444
2111202,41,298,48,387
2111203,39,234,21,294
2111204,37,190,20,247
2111205,32,464,58,554
2111206,30,247,33,310
2111207,39,306,34,379
2111208,35,253,18,306
2111209,48,357,65,470
2111210,64,318,24,406
2111211,24,182,7,213
2111212,30,350,48,428
2111213,27,318,32,377
2111214,54,344,17,415
2111215,38,255,39,332
2111216,35,313,22,370
2111217,31,231,21,283
2111218,35,219,9,263
2111219,47,276,8,331
2111220,41,311,52,404
2111221,47,372,28,447
2111222,27,194,21,242
2111223,49,330,31,410
2111224,42,286,41,369
2111225,63,340,66,469
2111226,39,274,19,332
2111227,12,239,48,299
2111228,54,298,15,367
2111229,38,305,14,357
2111230,45,338,24,407
2111231,27,158,10,195
2111232,45,293,28,366
2111233,41,264,33,338
2111234,23,311,64,398
2111235,57,407,30,494
2111236,40,162,15,217
2111237,23,261,11,295
2111238,31,265,28,324
2111239,32,286,36,354
2111240,6,239,22,267
2111241,33,209,4,246
2111242,21,243,39,303
2111301,0,0,0,0
2111302,21,229,9,259
2111303,60,389,31,480
2111304,57,402,28,487
2111305,60,502,39,601
2111306,64,445,24,533
2111307,39,424,17,480
2111308,22,247,13,282
2111309,23,230,29,282
2111310,21,200,19,240
2111311,54,410,22,486
2111312,42,362,45,449
2111313,45,283,30,358
2111314,39,277,28,344
2111315,29,315,33,377
2111316,39,233,59,331
2111317,34,260,79,373
2111318,27,151,57,235
2111319,20,345,61,426
2111320,42,227,31,300
2111321,19,220,59,298
2111322,35,247,24,306
2111323,56,255,27,338
2111324,39,355,23,417
2111325,34,244,29,307
2111326,34,315,35,384
2111327,47,359,44,450
2111328,45,280,40,365
2111329,15,151,8,174
2111330,18,214,19,251
2111331,27,221,30,278
2111332,20,160,33,213
2111401,27,189,5,221
2111402,39,329,41,409
2111403,38,236,28,302
2111404,46,243,31,320
2111405,28,266,26,320
2111406,68,328,30,426
2111407,53,368,27,448
2111408,41,254,26,321
2111409,55,356,25,436
2111410,67,307,46,420
2111411,32,193,11,236
2111412,33,215,15,263
2111413,57,400,44,501
2111414,56,302,35,393
2111415,27,160,12,199
2111416,28,195,31,254
2111417,50,245,24,319
2111418,56,210,29,295
2111419,29,180,15,224
2111420,52,201,24,277
2111421,58,320,24,402
2111422,33,191,18,242
2111423,52,298,39,389
2111424,38,183,28,249
2111425,55,251,24,330
2111426,55,272,19,346
2111427,46,356,106,508
2111428,31,323,34,388
2111429,34,243,13,290
2111430,45,197,11,253
2111431,25,201,37,263
2111432,32,285,34,351
2111433,49,315,16,380
2111434,40,214,12,266
2111435,60,327,24,411
2111436,30,230,28,288
2111437,49,378,43,470
2111438,55,344,18,417
2111439,42,207,12,261
2111440,39,348,30,417
2111441,48,318,47,413
2111442,46,366,18,430
2111443,41,279,48,368
2111444,46,401,29,476
2111445,24,302,30,356
2111446,39,272,36,347
2111447,36,258,41,335
2111448,52,234,16,302
2111449,51,302,13,366
2111450,29,227,11,267
2111451,35,182,8,225
2111452,57,365,27,449
2111453,56,238,28,322
2111454,42,226,15,283
2111455,18,146,60,224
2111456,32,200,6,238
2111457,16,186,88,290
2111458,41,280,4,325
2111459,22,237,6,265
2111460,51,242,19,312
2111461,65,327,27,419
2111501,35,280,18,333
2111502,33,303,36,372
2111503,24,236,16,276
2111504,18,240,14,272
2111505,27,347,13,387
2111506,23,226,59,308
2111507,32,261,84,377
2111508,47,418,29,494
2111509,18,151,41,210
2111510,34,262,45,341
2111511,28,344,36,408
2111512,42,361,71,474
2111513,36,278,12,326
2111514,5,293,29,327
2111515,43,272,55,370
2111516,54,322,39,415
2111517,68,951,131,1150
2111518,0,0,0,0
2111519,19,161,53,233
2111520,41,211,93,345
2111521,19,155,43,217
2111601,36,221,23,280
2111602,36,321,100,457
2111603,68,283,24,375
2111604,29,285,28,342
2111605,16,269,31,316
2111606,35,232,21,288
2111607,40,311,17,368
2111608,62,289,19,370
2111609,27,216,30,273
2111610,45,264,24,333
2111611,52,282,14,348
2111612,49,271,18,338
2111613,55,383,36,474
2111614,57,276,36,369
2111615,59,355,44,458
2111616,52,339,27,418
2111617,39,306,50,395
2111618,37,315,19,371
2111619,47,320,39,406
2111620,39,258,15,312
2111621,38,303,21,362
2111622,48,304,33,385
2111623,52,354,13,419
2111624,43,260,14,317
2111625,39,323,38,400
2111626,46,343,33,422
2111627,43,213,23,279
2111628,34,302,35,371
2111629,0,3,0,3
2111630,36,221,18,275
2111631,61,450,19,530
2111632,48,162,9,219
2111701,43,542,55,640
2111702,33,322,41,396
2111703,15,207,19,241
2111704,24,329,38,391
2111705,14,314,39,367
2111706,23,471,76,570
2111707,38,486,23,547
2111708,15,438,42,495
2111709,27,322,64,413
2111710,12,379,123,514
2111711,19,267,34,320
2111712,22,302,32,356
2111713,37,296,30,363
2111714,9,206,57,272
2111715,30,347,69,446
2111716,35,211,29,275
2111717,17,179,13,209
2111718,36,300,96,432
2111719,10,504,56,570
2111720,19,166,93,278
2111721,18,425,79,522
2111722,21,167,46,234
2111723,25,194,93,312
2111724,3,0,0,3
2111725,22,297,38,357
2111726,10,219,43,272
2111727,15,312,34,361
2111728,7,512,36,555
2111729,12,257,39,308
2111730,31,633,78,742
2111731,12,359,42,413
2111732,20,834,76,930
2111801,31,328,41,400
2111802,47,376,60,483
2111803,38,686,185,909
2111804,25,464,145,634
2111805,36,372,101,509
2111806,9,163,9,181
2111807,9,166,11,186
2111808,13,217,17,247
2111809,7,162,67,236
2111810,29,556,141,726
2111811,0,3,3,6
2111812,3,128,33,164
2111813,25,510,122,657
2111814,0,87,25,112
2111901,32,187,7,226
2111902,23,298,60,381
2111903,35,278,27,340
2111904,19,220,30,269
2111905,25,164,16,205
2111906,24,233,93,350
2111907,39,380,87,506
2111908,37,356,52,445
2111909,26,426,48,500
2111910,26,173,29,228
2111911,13,151,13,177
2111912,46,320,38,404
2111913,0,0,0,0
2111914,22,226,20,268
2111915,28,276,16,320
2112001,4,62,3,69
2112101,0,12,3,15
2112102,16,239,12,267
2112103,38,333,35,406
2112104,39,273,28,340
2112105,42,376,32,450
2112106,0,0,0,0
2112107,52,723,77,852
2112108,28,384,41,453
2112109,34,249,35,318
2112110,38,227,22,287
2112111,0,0,0,0
2112112,21,262,26,309
2112113,27,281,96,404
2112114,24,215,12,251
2112115,56,419,27,502
2112116,27,183,27,237
2112117,53,479,43,575
2112118,32,347,18,397
2112119,33,428,12,473
2112120,46,575,27,648
2112121,5,145,6,156
2112122,27,368,38,433
2112123,36,498,39,573
2112201,37,873,90,1000
2112202,18,284,49,351
2112203,23,559,87,669
2112204,13,286,22,321
2112205,0,0,0,0
2112206,14,432,133,579
2112207,45,756,141,942
2112208,28,758,149,935
2112209,30,371,111,512
2112210,8,264,102,374
2112211,12,376,49,437
2112212,24,516,102,642
2112213,26,371,65,462
2112214,11,386,44,441
2112215,21,516,100,637
2112216,12,281,63,356
2112217,23,466,76,565
2112218,12,170,54,236
2112219,38,930,286,1254
2112220,25,666,171,862
2112221,21,246,65,332
2112222,14,367,31,412
2112223,13,189,18,220
2112224,22,270,90,382
2112225,13,143,57,213
2112226,38,821,73,932
2112227,43,1463,185,1691
2112228,15,317,25,357
2112229,30,659,51,740
2112230,37,268,45,350
2112231,14,212,28,254
2112232,27,465,111,603
2112233,20,355,32,407
2112234,6,331,24,361
2112235,16,473,47,536
2112301,24,770,54,848
2112302,10,210,93,313
2112303,29,300,131,460
2112304,17,209,64,290
2112305,18,207,18,243
2112306,32,253,16,301
2112307,21,198,21,240
2112308,27,377,91,495
2112309,28,315,90,433
2112310,21,223,18,262
2112311,34,436,51,521
2112312,32,470,86,588
2112313,0,0,234,234
2112314,35,558,53,646
2112315,0,0,0,0
2112316,24,381,93,498
2112317,0,0,0,0
2112318,33,377,26,436
2112319,26,302,34,362
2112320,11,131,26,168
2112321,34,203,87,324
2112322,32,267,128,427
2112323,6,143,10,159
2112324,26,337,75,438
2112325,52,386,34,472
2112326,22,158,26,206
2112327,14,207,0,221
2112328,24,316,20,360
2112329,32,366,51,449
2112330,31,394,47,472
2112331,24,264,67,355
2112332,41,370,57,468
2112333,0,20,23,43
2112334,15,313,25,353
2112335,65,399,61,525
2112336,12,426,51,489
2112337,36,439,87,562
2112338,24,190,34,248
2112401,3,33,28,64
2112402,31,376,13,420
2112403,0,7,0,7
2112404,20,268,27,315
2112405,46,458,90,594
2112406,20,218,18,256
2112407,66,1397,40,1503
2112408,65,763,53,881
2112409,19,249,33,301
2112410,16,358,21,395
2112411,20,273,57,350
2112412,49,243,31,323
2112413,45,302,42,389
2112501,22,338,40,400
2112502,40,408,49,497
2112503,37,358,23,418
2112504,39,228,38,305
2112505,23,455,118,596
2112506,37,296,37,370
2112507,38,373,62,473
2112508,36,321,31,388
2112509,32,206,33,271
2112510,31,357,52,440
2112511,19,176,17,212
2112512,33,473,75,581
2112513,40,209,40,289
2112514,23,213,40,276
2112601,25,602,21,648
2112602,33,443,30,506
2112603,27,350,34,411
2112604,8,285,45,338
2112605,37,229,27,293
2112606,26,364,32,422
2112607,22,427,124,573
2112608,27,374,147,548
2112609,51,509,177,737
2112610,21,180,54,255
2112611,36,559,40,635
2112612,0,0,0,0
2112613,11,367,48,426
2112614,9,278,48,335
2112615,18,394,40,452
2112616,15,346,33,394
2112617,24,445,25,494
2112618,28,744,77,849
2112619,20,556,46,622
2112620,16,272,11,299
2112621,30,604,102,736
2112622,0,50,12,62
2112623,6,53,21,80
2112624,0,3,3,6
2112625,12,163,16,191
2112626,0,0,0,0
2112627,6,145,5,156
2112628,17,275,26,318
2112701,0,0,0,0
2112702,0,0,0,0
2112801,13,195,13,221
2112802,33,220,28,281
2112803,48,382,21,451
2112804,31,338,18,387
2112805,24,208,13,245
2112806,25,309,38,372
2112807,34,317,21,372
2112808,37,333,64,434
2112809,42,322,39,403
2112810,12,180,20,212
2112811,26,234,36,296
2112812,38,264,22,324
2112813,73,401,16,490
2112814,36,249,24,309
2112815,35,254,13,302
2112816,54,301,50,405
2112817,54,251,44,349
2112818,23,190,4,217
2112819,38,327,17,382
2112820,42,319,29,390
2112821,28,197,28,253
2112822,33,294,29,356
2112823,40,222,39,301
2112824,37,241,33,311
2112825,41,267,23,331
2112826,51,332,22,405
2112827,44,417,47,508
2112828,38,467,95,600
2112829,80,782,59,921
2112830,34,593,48,675
2112831,21,169,30,220
2112832,0,3,0,3
2112833,29,484,67,580
2112901,30,253,31,314
2112902,33,417,27,477
2112903,36,348,37,421
2112904,39,304,40,383
2112905,42,400,67,509
2112906,24,218,20,262
2112907,49,459,23,531
2112908,40,361,29,430
2112909,31,331,32,394
2112910,28,273,34,335
2112911,23,203,25,251
2112912,19,175,12,206
2112913,41,264,87,392
2112914,30,257,43,330
2112915,22,174,13,209
2112916,29,304,57,390
2112917,0,0,0,0
2112918,0,0,0,0
2112919,0,0,0,0
2112920,0,0,0,0
2112921,24,318,47,389
2112922,42,402,31,475
2112923,44,407,49,500
2112924,25,277,52,354
2112925,41,390,44,475
2112926,38,292,43,373
2112927,22,251,21,294
2112928,20,264,29,313
2112929,16,228,31,275
2112930,25,308,32,365
2112931,41,368,57,466
2112932,25,264,59,348
2112933,22,266,50,338
2112934,33,215,22,270
2112935,38,285,32,355
2112936,38,294,27,359
2112937,16,128,28,172
2112938,17,172,10,199
2112939,31,287,16,334
2112940,33,201,17,251
2113001,42,407,43,492
2113002,60,380,31,471
2113003,41,334,27,402
2113004,30,226,37,293
2113005,22,229,21,272
2113006,37,243,32,312
2113007,50,326,12,388
2113008,27,152,23,202
2113009,25,221,31,277
2113010,32,432,49,513
2113011,30,305,49,384
2113012,24,205,29,258
2113013,33,226,57,316
2113014,26,180,35,241
2113015,25,188,37,250
2113016,35,332,68,435
2113017,51,358,73,482
2113018,64,1144,93,1301
2113019,32,231,16,279
2113020,58,405,41,504
2113021,19,197,14,230
2113022,35,457,59,551
2113023,27,218,13,258
2113024,46,346,27,419
2113025,36,304,42,382
2113026,34,352,53,439
2113027,35,264,47,346
2113028,32,238,37,307
2113029,43,298,25,366
2113030,27,264,22,313
2113031,65,485,46,596
2113032,27,164,15,206
2113033,35,181,21,237
2113101,0,0,0,0
2113102,0,9,0,9
2113201,33,220,29,282
2113202,39,169,53,261
2113203,71,363,86,520
2113204,19,223,46,288
2113205,34,272,43,349
2113206,19,239,15,273
2113207,28,233,16,277
2113208,46,302,21,369
2113209,36,310,15,361
2113210,40,249,65,354
2113211,10,154,50,214
2113212,32,238,30,300
2113213,28,393,44,465
2113214,53,285,26,364
2113215,42,373,31,446
2113216,46,491,36,573
2113217,37,411,34,482
2113218,24,257,27,308
2113219,22,341,33,396
2113220,25,252,23,300
2113221,16,197,24,237
2113222,12,146,3,161
2113223,26,307,23,356
2113224,27,220,24,271
2113225,23,168,67,258
2113226,25,190,16,231
2113301,16,224,34,274
2113302,9,190,22,221
2113303,19,221,23,263
2113304,16,250,21,287
2113305,36,314,32,382
2113306,0,0,0,0
2113307,28,407,30,465
2113308,32,506,69,607
2113309,0,0,0,0
2113310,15,143,7,165
2113311,30,247,18,295
2113312,25,270,72,367
2113313,23,297,55,375
2113314,28,384,100,512
2113315,23,311,34,368
2113316,32,328,59,419
2113317,24,410,54,488
2113318,23,391,35,449
2113319,0,0,0,0
2113320,32,222,21,275
2113321,18,191,27,236
2113322,36,377,54,467
2113323,53,378,44,475
2113324,37,205,40,282
2113325,0,0,0,0
2113326,28,414,20,462
2113327,41,340,47,428
2113328,30,288,27,345
2113329,26,339,48,413
2113330,15,270,93,378
2113331,28,395,88,511
2113332,50,480,80,610
2113333,36,318,64,418
2113334,28,638,38,704
2113335,32,281,44,357
2113336,18,338,40,396
2113337,47,523,56,626
2113338,13,258,36,307
2113339,43,400,32,475
2113340,9,313,19,341
2113341,18,167,173,358
2113342,35,159,215,409
2113343,28,376,47,451
2113344,33,363,47,443
2113345,18,206,68,292
2113346,18,347,43,408
2113347,22,210,10,242
2113348,29,369,97,495
2113349,37,382,48,467
2113350,49,319,41,409
2113351,43,345,113,501
2113352,35,467,67,569
2113353,36,362,20,418
2113354,23,322,41,386
2113355,32,353,63,448
2113356,15,208,24,247
2113401,28,288,26,342
2113402,27,257,13,297
2113403,29,277,23,329
2113404,12,144,32,188
2113405,36,329,65,430
2113406,32,396,35,463
2113407,22,356,25,403
2113408,26,250,35,311
2113409,21,218,16,255
2113410,15,185,21,221
2113411,30,254,45,329
2113412,36,436,45,517
2113413,48,434,12,494
2113414,29,244,34,307
2113415,29,318,35,382
2113416,41,326,44,411
2113417,23,329,25,377
2113418,21,232,40,293
2113419,45,317,28,390
2113420,39,395,39,473
2113421,24,254,19,297
2113422,33,375,43,451
2113423,34,294,23,351
2113424,31,188,10,229
2113425,53,328,12,393
2113426,30,246,5,281
2113427,23,371,32,426
2113428,36,340,26,402
2113429,24,248,35,307
2113430,25,274,46,345
2113431,13,216,13,242
2113432,40,416,29,485
2113433,30,247,24,301
2113434,31,364,23,418
2113435,48,283,10,341
2113436,19,149,12,180
2113437,37,322,36,395
2113438,38,417,32,487
2113439,22,280,26,328
2113501,38,399,27,464
2113502,39,258,36,333
2113503,64,464,43,571
2113504,45,318,18,381
2113505,42,217,19,278
2113506,44,372,28,444
2113507,45,473,58,576
2113508,28,240,26,294
2113509,32,285,45,362
2113510,25,297,28,350
2113511,34,248,27,309
2113512,44,263,36,343
2113513,50,331,40,421
2113514,30,265,36,331
2113515,33,321,51,405
2113516,41,421,54,516
2113517,39,460,49,548
2113518,15,177,34,226
2113519,34,356,33,423
2113601,24,530,56,610
2113602,25,413,73,511
2113603,31,297,34,362
2113604,21,253,31,305
2113605,27,369,50,446
2113606,37,265,154,456
2113607,38,387,24,449
2113608,50,393,48,491
2113609,26,225,24,275
2113610,36,360,45,441
2113611,41,308,33,382
2113612,36,225,26,287
2113613,31,300,48,379
2113614,31,258,49,338
2113615,8,164,7,179
2113616,35,250,88,373
2113617,38,342,71,451
2113618,37,359,37,433
2113619,33,353,38,424
2113620,19,295,39,353
2113621,32,252,23,307
2113622,29,254,11,294
2113623,28,440,18,486
2113624,32,458,38,528
2113625,38,358,25,421
2113626,55,369,46,470
2113627,18,369,46,433
2113628,55,479,31,565
2113629,34,286,62,382
2113630,34,340,22,396
2113631,18,284,22,324
2113632,45,270,46,361
2113633,40,366,100,506
2113634,35,305,29,369
2113635,48,349,29,426
2113636,21,182,26,229
2113637,30,255,39,324
2113638,21,222,6,249
2113639,30,357,45,432
2113640,27,166,9,202
2113641,22,229,24,275
2113701,0,0,0,0
2113702,24,541,105,670
2113703,5,235,12,252
2113704,49,469,63,581
2113705,33,272,26,331
2113706,35,360,24,419
2113707,25,387,58,470
2113708,36,272,29,337
2113709,45,417,21,483
2113710,52,486,68,606
2113711,29,317,59,405
2113712,16,250,20,286
2113713,26,263,63,352
2113714,24,324,49,397
2113715,49,376,25,450
2113716,32,255,25,312
2113717,27,487,90,604
2113718,28,249,39,316
2113719,27,398,73,498
2113720,46,484,66,596
2113721,15,242,34,291
2113722,35,391,26,452
2113723,33,457,36,526
2113724,51,373,44,468
2113725,34,425,29,488
2113726,29,289,31,349
2113727,64,305,128,497
2113728,75,367,71,513
2113729,40,585,62,687
2113730,50,498,57,605
2113731,21,257,27,305
2113801,40,248,18,306
2113802,31,319,40,390
2113803,21,197,24,242
2113804,35,285,23,343
2113805,35,305,27,367
2113806,35,179,21,235
2113807,16,203,36,255
2113808,42,262,46,350
2113809,40,215,19,274
2113810,39,252,37,328
2113811,24,265,34,323
2113812,61,452,75,588
2113813,22,329,39,390
2113814,44,423,56,523
2113815,36,276,60,372
2113816,42,267,47,356
2113817,40,291,20,351
2113818,48,315,22,385
2113819,55,270,51,376
2113820,64,390,46,500
2113821,43,217,18,278
2113822,44,293,37,374
2113823,50,399,49,498
2113824,51,314,26,391
2113825,37,322,31,390
2113826,44,258,12,314
2113827,32,327,65,424
2113828,32,189,22,243
2113829,36,270,39,345
2113830,37,321,44,402
2113831,30,269,27,326
2113832,19,180,16,215
2113901,23,214,43,280
2113902,28,310,70,408
2113903,31,340,34,405
2113904,20,203,38,261
2113905,49,430,77,556
2113906,39,298,13,350
2113907,59,466,89,614
2113908,17,203,20,240
2113909,45,298,72,415
2113910,23,324,70,417
2113911,49,373,18,440
2114001,21,226,9,256
2114002,26,276,17,319
2114003,21,202,15,238
2114004,27,232,6,265
2114005,24,266,8,298
2114006,27,286,12,325
2114007,40,234,32,306
2114008,55,318,72,445
2114009,35,328,27,390
2114010,28,344,20,392
2114011,23,258,16,297
2114012,47,226,18,291
2114013,0,0,0,0
2114014,36,367,49,452
2114015,21,331,30,382
2114016,36,417,22,475
2114017,18,278,10,306
2114018,38,242,18,298
2114019,33,260,17,310
2114020,20,214,17,251
2114021,27,333,40,400
2114022,37,286,24,347
2114023,35,303,13,351
2114101,41,526,41,608
2114102,36,334,31,401
2114103,11,226,25,262
2114104,32,415,154,601
2114105,22,476,125,623
2114106,48,361,152,561
2114107,21,148,65,234
2114108,25,170,43,238
2114109,29,351,47,427
2114110,13,223,21,257
2114111,42,271,18,331
2114112,43,471,47,561
2114113,23,179,14,216
2114114,39,207,53,299
2114201,34,233,47,314
2114202,18,284,40,342
2114203,27,205,50,282
2114204,46,247,65,358
2114205,44,279,45,368
2114206,33,355,88,476
2114207,22,156,31,209
2114208,35,343,45,423
2114209,29,324,33,386
2114210,28,383,21,432
2114211,22,286,17,325
2114212,34,365,45,444
2114213,23,256,76,355
2114214,16,139,75,230
2114215,16,132,140,288
2114216,30,239,9,278
2114217,46,460,49,555
2114218,19,168,40,227
2114219,35,267,31,333
2114220,24,371,38,433
2114221,32,352,65,449
2114222,19,205,19,243
2114223,38,461,66,565
2114301,45,300,22,367
2114302,33,193,15,241
2114303,42,324,3,369
2114304,20,207,4,231
2114305,41,426,32,499
2114306,36,409,43,488
2114307,72,372,17,461
2114308,42,373,75,490
2114309,44,360,31,435
2114310,33,250,20,303
2114311,39,316,36,391
2114312,21,372,28,421
2114313,21,174,16,211
2114314,52,319,45,416
2114315,31,343,29,403
2114316,46,386,45,477
2114317,49,369,40,458
2114318,24,263,40,327
2114319,31,189,22,242
2114320,26,246,13,285
2114321,50,229,13,292
2114322,39,301,16,356
2114323,31,267,30,328
2114324,50,393,34,477
2114325,44,273,34,351
2114326,36,198,21,255
2114327,50,324,15,389
2114401,30,317,49,396
2114402,29,277,43,349
2114403,33,395,53,481
2114404,31,268,31,330
2114405,36,274,76,386
2114406,47,296,36,379
2114407,37,304,30,371
2114408,27,287,58,372
2114409,42,360,25,427
2114410,38,334,36,408
2114411,17,172,32,221
2114412,45,390,19,454
2114413,18,352,31,401
2114414,39,291,25,355
2114415,19,284,19,322
2114416,28,293,15,336
2114417,28,346,21,395
2114418,49,366,33,448
2114419,29,300,19,348
2114420,29,305,14,348
2114421,22,204,38,264
2114422,14,233,28,275
2114423,40,344,31,415
2114424,34,375,16,425
2114425,26,393,15,434
2114426,38,329,51,418
2114427,27,386,34,447
2114428,51,327,31,409
2114429,20,199,15,234
2114430,36,340,18,394
2114431,14,234,12,260
2114432,33,383,19,435
2114433,26,362,32,420
2114434,18,224,34,276
2114435,54,370,34,458
2114436,34,310,32,376
2114437,13,206,21,240
2114438,33,208,22,263
2114439,25,225,28,278
2114440,27,358,41,426
2114441,33,212,29,274
2114442,28,336,28,392
2114443,39,437,51,527
2114444,46,595,80,721
2114445,28,564,37,629
2114446,31,343,56,430
2114447,32,301,12,345
2114448,37,378,16,431
2114449,51,327,19,397
2114450,36,438,40,514
2114451,35,333,18,386
2114452,47,339,69,455
2114453,23,331,48,402
2114454,73,356,65,494
2114455,38,430,17,485
2114456,22,217,25,264
2114457,54,415,47,516
2114458,23,268,39,330
2114459,41,197,34,272
2114460,29,304,41,374
2114461,0,3,0,3
2114501,25,330,44,399
2114502,37,349,27,413
2114503,44,335,30,409
2114504,41,264,4,309
2114505,44,344,15,403
2114506,68,399,17,484
2114507,27,194,18,239
2114508,29,233,18,280
2114509,0,0,0,0
2114510,73,360,22,455
2114511,42,254,14,310
2114512,38,265,18,321
2114513,33,248,24,305
2114514,47,336,18,401
2114515,42,280,37,359
2114516,26,229,10,265
2114517,53,365,27,445
2114518,25,219,18,262
2114519,38,228,18,284
2114520,19,252,44,315
2114521,20,236,24,280
2114601,33,260,5,298
2114602,27,157,6,190
2114603,41,261,13,315
2114604,41,201,15,257
2114605,35,210,3,248
2114606,47,377,28,452
2114607,46,240,11,297
2114608,30,155,15,200
2114609,45,326,31,402
2114610,40,284,31,355
2114611,42,339,27,408
2114612,45,212,9,266
2114613,31,185,10,226
2114614,71,353,6,430
2114615,33,296,16,345
2114616,28,220,15,263
2114617,24,152,18,194
2114618,25,237,25,287
2114619,69,419,37,525
2114701,69,327,30,426
2114702,26,246,12,284
2114703,29,161,3,193
2114704,56,241,13,310
2114705,55,312,26,393
2114706,60,404,33,497
2114707,15,182,10,207
2114708,37,165,7,209
2114709,53,375,42,470
2114710,52,395,40,487
2114711,50,335,15,400
2114712,40,287,7,334
2114713,45,415,34,494
2114714,69,422,41,532
2114715,41,282,13,336
2114716,65,346,36,447
2114717,40,312,16,368
2114718,26,245,13,284
2114719,61,370,22,453
2114720,55,360,12,427
2114721,37,267,18,322
2114722,51,298,12,361
2114723,54,355,38,447
2114724,50,349,24,423
2114725,65,398,25,488
2114726,55,325,20,400
2114727,53,328,21,402
2114728,51,362,28,441
2114729,49,306,18,373
2114730,51,315,42,408
2114731,30,205,42,277
2114732,43,248,32,323
2114733,49,300,22,371
2114734,26,182,6,214
2114735,27,190,18,235
2114801,40,241,12,293
2114802,51,321,21,393
2114803,33,240,11,284
2114804,43,309,17,369
2114805,18,198,12,228
2114806,61,309,18,388
2114807,58,388,19,465
2114808,48,327,19,394
2114809,48,258,18,324
2114810,28,198,14,240
2114811,61,304,19,384
2114812,62,361,12,435
2114813,41,247,14,302
2114814,37,246,10,293
2114815,30,271,24,325
2114816,39,334,23,396
2114817,65,404,23,492
2114818,28,183,9,220
2114819,35,271,18,324
2114820,47,203,17,267
2114821,35,170,6,211
2114822,81,299,15,395
2114823,46,311,22,379
2114824,54,258,14,326
2114825,27,239,18,284
2114826,29,194,18,241
2114827,60,396,27,483
2114828,61,392,22,475
2114829,44,248,21,313
2114830,64,259,18,341
2114831,52,318,23,393
2114832,59,403,19,481
2114833,35,269,16,320
2114834,47,237,14,298
2114835,23,174,6,203
2114836,27,170,9,206
2114837,23,167,3,193
2114838,35,278,28,341
2114839,59,292,45,396
2114840,34,254,13,301
2114841,64,301,22,387
2114842,27,177,20,224
2114843,16,209,24,249
2114844,31,194,13,238
2114845,43,277,22,342
2114846,0,0,0,0
2114847,0,0,0,0
2114848,30,217,6,253
2114849,33,196,19,248
2114850,36,365,18,419
2114851,35,167,17,219
2114852,23,223,12,258
2114901,29,327,13,369
2114902,33,260,29,322
2114903,41,190,12,243
2114904,47,314,31,392
2114905,43,268,23,334
2114906,37,340,83,460
2114907,40,291,25,356
2114908,45,348,19,412
2114909,72,335,34,441
2114910,35,248,15,298
2114911,35,195,7,237
2114912,37,208,6,251
2114913,19,256,18,293
2114914,36,254,15,305
2114915,32,163,18,213
2114916,44,300,18,362
2114917,37,237,10,284
2114918,47,368,16,431
2114919,55,319,18,392
2114920,41,267,18,326
2114921,28,157,12,197
2114922,32,185,9,226
2114923,30,134,6,170
2114924,49,275,16,340
2114925,39,185,15,239
2114926,32,259,9,300
2114927,30,260,9,299
2114928,60,369,23,452
2114929,50,285,16,351
2114930,57,328,29,414
2114931,49,279,41,369
2114932,69,330,15,414
2114933,13,112,9,134
2114934,41,384,18,443
2114935,75,469,33,577
2114936,48,259,6,313
2114937,30,202,12,244
2114938,16,197,49,262
2114939,51,375,21,447
2114940,40,323,8,371
2114941,58,385,10,453
2114942,35,215,21,271
2114943,52,274,11,337
2114944,55,358,23,436
2114945,42,164,7,213
2114946,67,403,12,482
2114947,42,275,18,335
2114948,32,192,13,237
2114949,37,271,14,322
2115001,20,206,13,239
2115002,54,342,15,411
2115003,27,294,9,330
2115004,31,255,15,301
2115005,40,276,13,329
2115006,47,319,9,375
2115007,25,135,9,169
2115008,20,144,11,175
2115009,39,241,8,288
2115010,49,315,24,388
2115011,37,215,13,265
2115012,42,251,7,300
2115013,76,377,25,478
2115014,35,226,7,268
2115015,61,387,42,490
2115016,42,251,22,315
2115017,32,219,10,261
2115018,43,317,23,383
2115019,48,280,5,333
2115020,57,317,22,396
2115021,60,407,14,481
2115022,57,316,15,388
2115023,35,260,32,327
2115024,32,271,18,321
2115025,27,230,7,264
2115026,70,372,18,460
2115027,87,751,80,918
2115028,13,110,10,133
2115029,41,311,20,372
2115030,32,227,15,274
2115031,40,286,31,357
2115032,48,311,20,379
2115033,29,222,8,259
2115034,24,223,9,256
2115035,24,156,12,192
2115036,34,233,8,275
2115037,17,170,12,199
2115038,23,194,12,229
2115101,54,409,26,489
2115102,21,225,32,278
2115103,32,263,53,348
2115104,40,335,47,422
2115105,37,384,37,458
2115106,37,397,28,462
2115107,34,287,29,350
2115108,15,217,13,245
2115109,35,296,21,352
2115110,24,275,28,327
2115111,43,244,15,302
2115112,21,166,18,205
2115113,47,472,18,537
2115114,55,407,21,483
2115115,36,198,35,269
2115116,17,487,12,516
2115117,25,298,14,337
2115118,32,328,34,394
2115119,48,431,65,544
2115120,16,160,21,197
2115121,47,431,27,505
2115122,32,341,24,397
2115123,29,293,25,347
2115124,31,162,12,205
2115125,30,317,36,383
2115126,25,219,25,269
2115127,41,288,37,366
2115128,39,430,61,530
2115129,29,281,35,345
2115130,47,220,18,285
2115131,38,266,42,346
2115132,28,113,9,150
2115133,43,364,26,433
2115134,27,370,13,410
2115135,30,236,22,288
2115136,33,300,39,372
2115137,39,372,29,440
2115138,34,296,43,373
2115139,55,495,28,578
2115140,19,308,24,351
2115141,24,623,17,664
2115142,42,327,27,396
2115143,43,311,29,383
2115144,25,454,20,499
2115145,24,229,12,265
2115146,46,328,40,414
2115147,42,433,20,495
2115201,45,432,38,515
2115202,53,272,15,340
2115203,22,179,10,211
2115204,26,255,31,312
2115205,29,348,28,405
2115206,78,338,30,446
2115207,14,376,42,432
2115208,25,242,24,291
2115209,13,241,29,283
2115210,44,316,29,389
2115211,42,297,41,380
2115212,30,275,34,339
2115213,34,196,18,248
2115214,35,232,27,294
2115215,26,320,44,390
2115216,24,302,24,350
2115217,23,262,32,317
2115218,46,288,11,345
2115219,41,292,65,398
2115220,51,419,38,508
2115221,19,278,18,315
2115222,57,454,30,541
2115223,38,238,26,302
2115224,51,371,41,463
2115225,27,198,9,234
2115226,48,309,20,377
2115227,29,465,76,570
2115228,67,292,21,380
2115229,45,305,19,369
2115230,45,278,23,346
2115231,34,341,35,410
2115301,50,234,95,379
2115302,48,344,9,401
2115303,32,321,20,373
2115304,35,344,9,388
2115305,50,315,21,386
2115306,35,346,23,404
2115307,20,331,25,376
2115308,72,385,12,469
2115309,55,312,14,381
2115310,52,230,141,423
2115311,53,269,16,338
2115312,42,251,20,313
2115313,51,368,38,457
2115314,21,224,37,282
2115315,23,258,25,306
2115316,45,434,46,525
2115317,52,402,40,494
2115318,43,264,33,340
2115319,31,174,24,229
2115320,35,320,27,382
2115321,31,290,21,342
2115322,51,395,17,463
2115323,24,205,27,256
2115324,40,297,36,373
2115325,58,318,51,427
2115326,48,229,15,292
2115327,34,246,32,312
2115328,42,286,16,344
2115329,38,222,28,288
2115330,46,330,30,406
2115331,61,456,35,552
2115332,47,216,15,278
2115333,33,242,12,287
2115334,63,287,32,382
2115335,45,314,18,377
2115336,47,275,32,354
2115337,38,191,15,244
2115338,32,267,23,322
2115339,44,301,39,384
2115340,34,200,26,260
2115341,36,251,31,318
2115342,29,239,22,290
2115343,37,287,31,355
2115344,44,384,48,476
2115345,22,248,36,306
2115346,64,321,27,412
2115347,52,205,15,272
2115348,59,339,19,417
2115349,64,324,67,455
2115350,46,241,10,297
2115351,33,281,9,323
2115352,18,190,6,214
2115353,38,205,36,279
2115354,44,268,12,324
2115355,0,0,0,0
2115356,26,228,7,261
2115357,26,170,8,204
2115401,42,182,18,242
2115402,23,195,16,234
2115403,33,236,18,287
2115404,53,252,15,320
2115405,14,167,21,202
2115406,37,158,15,210
2115407,36,223,21,280
2115408,41,243,20,304
2115409,40,263,12,315
2115410,55,304,13,372
2115411,55,312,15,382
2115412,43,377,27,447
2115413,35,261,17,313
2115414,25,188,16,229
2115415,23,146,6,175
2115416,56,273,12,341
2115417,32,284,23,339
2115418,0,0,0,0
2115501,54,260,18,332
2115502,45,218,6,269
2115503,50,382,15,447
2115504,25,226,18,269
2115505,22,335,16,373
2115506,29,239,33,301
2115507,29,167,15,211
2115508,42,269,15,326
2115509,24,235,11,270
2115510,51,330,15,396
2115511,70,364,14,448
2115512,41,245,21,307
2115513,28,181,10,219
2115514,60,306,15,381
2115515,23,182,12,217
2115516,44,143,7,194
2115517,31,210,6,247
2115518,39,247,4,290
2115519,35,226,20,281
2115520,53,323,10,386
2115521,35,266,9,310
2115522,66,398,28,492
2115523,24,169,6,199
2115524,29,269,15,313
2115525,46,312,8,366
2115526,63,368,12,443
2115527,21,139,7,167
2115528,41,263,10,314
2115529,33,143,12,188
2115530,65,313,12,390
2115531,42,226,4,272
2115532,44,291,30,365
2115533,41,270,14,325
2115534,67,342,24,433
2115535,29,252,12,293
2115536,33,185,3,221
2115537,19,188,5,212
2115538,38,173,16,227
2115539,35,149,13,197
2115540,64,265,14,343
2115541,25,169,3,197
2115542,49,263,9,321
2115543,28,127,3,158
2115601,38,248,35,321
2115602,52,371,28,451
2115603,51,417,22,490
2115604,31,209,24,264
2115605,59,373,19,451
2115606,0,3,0,3
2115607,25,161,20,206
2115608,0,7,0,7
2115609,50,336,24,410
2115610,53,367,33,453
2115611,25,290,3,318
2115612,31,226,7,264
2115613,67,379,20,466
2115614,20,225,21,266
2115615,57,373,36,466
2115616,32,200,17,249
2115617,43,249,21,313
2115618,54,300,29,383
2115619,52,406,25,483
2115620,55,321,39,415
2115621,61,358,17,436
2115622,63,202,13,278
2115623,50,244,6,300
2115624,41,219,30,290
2115625,62,260,18,340
2115626,34,239,21,294
2115627,31,233,7,271
2115628,41,222,17,280
2115701,77,355,44,476
2115702,17,227,7,251
2115703,62,351,24,437
2115704,45,244,6,295
2115705,42,233,15,290
2115706,34,258,29,321
2115707,62,362,22,446
2115708,63,372,22,457
2115709,49,280,27,356
2115710,55,421,18,494
2115711,30,252,30,312
2115712,38,419,24,481
2115713,32,216,23,271
2115714,44,189,6,239
2115715,63,377,26,466
2115716,62,328,12,402
2115717,62,313,19,394
2115718,34,206,13,253
2115719,0,0,0,0
2115720,42,261,13,316
2115721,49,217,21,287
2115722,29,191,18,238
2115723,40,232,15,287
2115724,39,328,25,392
2115725,40,292,45,377
2115726,40,228,47,315
2115727,28,235,15,278
2115728,32,195,4,231
2115729,26,302,31,359
2115730,25,251,17,293
2115731,69,340,27,436
2115732,59,373,33,465
2115733,55,422,21,498
2115734,47,389,24,460
2115735,32,239,21,292
2115736,24,298,35,357
2115737,61,402,48,511
2115738,37,264,25,326
2115739,24,231,5,260
2115740,28,160,11,199
2115741,50,273,18,341
2115742,53,310,14,377
2115743,54,299,27,380
2115744,24,200,15,239
2115745,29,234,12,275
2115746,46,282,21,349
2115801,26,213,9,248
2115802,32,269,3,304
2115803,43,401,19,463
2115804,40,314,21,375
2115805,33,217,3,253
2115806,32,274,9,315
2115807,41,228,21,290
2115808,21,200,7,228
2115809,30,216,32,278
2115810,24,163,18,205
2115811,44,318,20,382
2115812,51,319,12,382
2115813,46,376,5,427
2115814,24,216,9,249
2115815,43,258,13,314
2115816,54,328,21,403
2115817,19,164,5,188
2115818,53,304,24,381
2115819,46,207,9,262
2115820,50,314,20,384
2115821,38,231,17,286
2115822,30,245,9,284
2115823,13,187,25,225
2115824,24,223,24,271
2115825,16,149,12,177
2115826,26,231,9,266
2115827,35,287,13,335
2115828,64,451,27,542
2115829,42,283,18,343
2115830,35,185,17,237
2115831,35,245,40,320
2115832,49,320,33,402
2115833,45,359,8,412
2115834,49,433,13,495
2115835,41,206,0,247
2115836,48,402,13,463
2115837,41,346,23,410
2115838,30,257,19,306
2115839,27,224,6,257
2115840,47,304,12,363
2115841,31,297,12,340
2115842,32,324,25,381
2115843,51,267,43,361
2115844,77,433,38,548
2115845,35,332,22,389
2115846,27,191,15,233
2115847,26,188,12,226
2115848,61,361,24,446
2115849,24,267,22,313
2115850,37,240,26,303
2115851,26,275,37,338
2115852,27,281,21,329
2115853,29,220,31,280
2115854,36,271,18,325
2115855,32,234,19,285
2115856,16,174,15,205
2115857,48,309,9,366
2115858,36,297,11,344
2115859,45,339,36,420
2115860,65,401,17,483
2115861,34,230,30,294
2115862,38,301,37,376
2115863,38,275,15,328
2115864,62,334,25,421
2115865,55,468,23,546
2115866,0,0,0,0
2115867,28,188,10,226
2115868,18,191,12,221
2115869,35,248,21,304
2115901,48,393,12,453
2115902,24,179,9,212
2115903,26,228,15,269
2115904,62,344,21,427
2115905,41,342,15,398
2115906,23,288,15,326
2115907,48,331,21,400
2115908,23,202,17,242
2115909,33,215,0,248
2115910,53,389,22,464
2115911,39,260,15,314
2115912,45,298,15,358
2115913,26,159,21,206
2115914,31,245,6,282
2115915,42,260,21,323
2115916,35,249,19,303
2115917,54,270,12,336
2115918,31,264,10,305
2115919,34,257,75,366
2115920,38,377,15,430
2115921,52,385,12,449
2115922,42,319,12,373
2115923,29,208,6,243
2115924,42,361,25,428
2115925,0,0,0,0
2115926,38,370,13,421
2115927,33,210,71,314
2115928,27,207,9,243
2115929,39,186,3,228
2115930,49,269,11,329
2115931,45,200,4,249
2115932,9,110,0,119
2115933,54,342,21,417
2115934,49,326,21,396
2115935,29,166,4,199
2115936,26,307,60,393
2115937,16,175,6,197
2115938,37,319,26,382
2115939,47,322,17,386
2115940,29,209,7,245
2115941,48,312,20,380
2115942,39,270,15,324
2115943,49,297,6,352
2115944,16,143,16,175
2116001,36,160,11,207
2116002,46,328,26,400
2116003,36,271,12,319
2116004,37,206,16,259
2116005,22,151,15,188
2116006,62,317,27,406
2116007,52,333,3,388
2116008,43,304,10,357
2116009,30,213,4,247
2116010,34,256,160,450
2116011,26,279,18,323
2116012,42,229,28,299
2116013,50,295,30,375
2116014,69,387,28,484
2116015,33,190,17,240
2116016,36,278,12,326
2116017,41,381,70,492
2116018,16,209,9,234
2116019,40,356,24,420
2116020,33,216,18,267
2116021,11,203,11,225
2116022,57,240,8,305
2116023,54,371,46,471
2116024,51,326,39,416
2116025,74,400,34,508
2116026,36,260,21,317
2116027,57,300,16,373
2116028,27,274,24,325
2116029,37,251,14,302
2116030,34,159,6,199
2116031,49,298,27,374
2116032,64,296,23,383
2116033,25,140,9,174
2116101,33,204,16,253
2116102,48,330,30,408
2116103,47,292,29,368
2116104,36,238,9,283
2116105,59,356,39,454
2116106,34,276,30,340
2116107,37,283,26,346
2116108,31,194,9,234
2116109,47,294,33,374
2116110,36,172,24,232
2116111,52,366,28,446
2116112,53,236,12,301
2116113,30,125,12,167
2116114,24,232,29,285
2116115,51,246,10,307
2116116,44,307,9,360
2116117,59,423,24,506
2116118,53,330,28,411
2116119,45,288,15,348
2116120,23,293,33,349
2116121,70,450,3,523
2116122,44,268,24,336
2116123,49,388,28,465
2116124,80,353,10,443
2116125,54,238,179,471
2116126,28,195,9,232
2116127,38,330,40,408
2116128,45,306,58,409
2116129,46,273,52,371
2116130,34,298,26,358
2116131,64,334,9,407
2116132,52,310,11,373
2116133,15,157,48,220
2116134,45,242,20,307
2116135,56,423,27,506
2116136,63,417,33,513
2116137,25,233,21,279
2116138,34,391,38,463
2116139,56,325,38,419
2116140,24,198,9,231
2116141,36,254,19,309
2116142,54,379,21,454
2116143,40,303,3,346
2116144,0,3,0,3
2116145,44,300,30,374
2116201,32,254,12,298
2116202,43,229,9,281
2116203,42,271,34,347
2116204,31,263,22,316
2116205,39,177,27,243
2116206,60,427,18,505
2116207,37,223,9,269
2116208,48,320,16,384
2116209,44,211,15,270
2116210,55,428,21,504
2116211,49,343,33,425
2116212,38,256,21,315
2116213,56,345,16,417
2116214,33,296,19,348
2116215,37,224,21,282
2116216,20,159,14,193
2116217,26,192,293,511
2116218,47,300,29,376
2116219,47,346,35,428
2116220,41,180,5,226
2116221,54,444,31,529
2116222,32,249,15,296
2116223,27,243,12,282
2116224,19,183,6,208
2116225,54,313,32,399
2116301,36,280,30,346
2116302,35,232,22,289
2116303,20,268,24,312
2116304,35,391,26,452
2116305,37,255,31,323
2116306,38,349,45,432
2116307,27,266,27,320
2116308,51,412,42,505
2116309,45,343,11,399
2116310,33,229,22,284
2116311,47,436,64,547
2116312,30,239,50,319
2116313,24,222,9,255
2116314,42,291,9,342
2116315,63,477,40,580
2116316,34,441,17,492
2116317,28,469,355,852
2116318,40,355,45,440
2116319,58,323,56,437
2116320,30,240,37,307
2116321,38,263,7,308
2116322,38,264,35,337
2116323,29,175,20,224
2116324,26,260,51,337
2116325,25,173,15,213
2116326,34,262,6,302
2116327,45,226,27,298
2116328,37,248,13,298
2116329,38,267,27,332
2116330,59,425,37,521
2116331,21,207,10,238
2116332,29,227,11,267
2116333,49,276,21,346
2116334,29,192,17,238
2116335,34,437,50,521
2116336,45,409,27,481
2116337,29,216,20,265
2116338,12,256,40,308
2116339,19,168,13,200
2116340,28,225,3,256
2116341,17,219,11,247
2116401,55,328,17,400
2116402,52,293,23,368
2116403,26,222,12,260
2116404,49,348,18,415
2116405,36,317,21,374
2116406,27,235,9,271
2116407,58,356,23,437
2116408,37,267,10,314
2116409,39,325,33,397
2116410,41,340,26,407
2116411,46,350,21,417
2116412,54,433,55,542
2116413,43,280,20,343
2116414,45,312,25,382
2116415,51,360,51,462
2116416,42,350,20,412
2116417,60,411,46,517
2116418,44,249,18,311
2116419,44,294,12,350
2116420,48,315,31,394
2116421,31,253,22,306
2116422,33,200,14,247
2116423,43,304,28,375
2116424,35,191,10,236
2116425,46,295,10,351
2116426,44,312,14,370
2116427,66,393,25,484
2116428,54,287,20,361
2116429,59,360,27,446
2116430,43,286,25,354
2116431,54,369,20,443
2116432,28,230,26,284
2116433,47,231,24,302
2116434,29,242,25,296
2116435,36,214,15,265
2116436,49,310,7,366
2116437,25,169,11,205
2116501,60,336,25,421
2116502,34,348,30,412
2116503,41,262,34,337
2116504,27,257,21,305
2116505,36,290,18,344
2116506,30,300,18,348
2116507,21,229,19,269
2116508,18,168,25,211
2116509,20,173,13,206
2116510,31,357,52,440
2116511,28,271,46,345
2116512,51,366,39,456
2116513,48,445,30,523
2116514,39,280,14,333
2116515,43,324,26,393
2116516,25,245,7,277
2116517,46,298,16,360
2116518,37,325,37,399
2116519,72,443,47,562
2116520,21,341,30,392
2116521,41,269,21,331
2116522,42,230,18,290
2116523,46,428,52,526
2116524,31,303,27,361
2116525,0,0,0,0
2116526,21,220,15,256
2116527,27,239,8,274
2116601,50,381,26,457
2116602,33,224,18,275
2116603,46,369,18,433
2116604,49,360,30,439
2116605,57,351,21,429
2116606,21,167,15,203
2116607,29,216,29,274
2116608,24,272,23,319
2116609,11,150,12,173
2116610,14,191,3,208
2116611,26,149,8,183
2116612,21,148,15,184
2116613,32,314,25,371
2116614,56,332,19,407
2116615,33,266,21,320
2116616,21,156,18,195
2116617,54,351,24,429
2116618,16,229,18,263
2116619,35,272,19,326
2116620,59,401,26,486
2116621,48,438,23,509
2116622,24,199,24,247
2116623,20,170,47,237
2116624,32,241,21,294
2116625,32,234,27,293
2116626,34,317,24,375
2116627,42,355,18,415
2116701,44,273,18,335
2116702,70,420,42,532
2116703,29,301,21,351
2116704,49,273,22,344
2116705,48,286,31,365
2116706,54,351,15,420
2116707,62,284,18,364
2116708,50,317,11,378
2116709,48,207,24,279
2116710,46,307,15,368
2116711,17,191,11,219
2116712,29,253,13,295
2116713,61,357,9,427
2116714,28,276,30,334
2116715,47,359,19,425
2116716,50,369,19,438
2116717,31,320,39,390
2116718,36,248,12,296
2116719,52,284,27,363
2116720,29,147,12,188
2116721,20,154,7,181
2116722,36,220,21,277
2116723,60,399,15,474
2116801,0,0,0,0
2116802,38,260,15,313
2116803,41,230,21,292
2116804,45,280,12,337
2116805,46,261,20,327
2116806,59,376,18,453
2116807,39,213,16,268
2116808,64,367,14,445
2116809,38,327,12,377
2116810,68,368,14,450
2116811,26,159,17,202
2116812,36,194,20,250
2116813,61,355,21,437
2116814,53,312,21,386
2116815,40,282,22,344
2116816,23,215,12,250
2116817,33,305,15,353
2116818,37,245,21,303
2116819,42,353,20,415
2116820,58,380,35,473
2116821,34,251,15,300
2116822,35,172,6,213
2116823,32,354,20,406
2116824,56,393,21,470
2116825,29,208,12,249
2116826,58,418,26,502
2116827,40,209,12,261
2116828,45,266,9,320
2116829,21,189,17,227
2116830,28,187,21,236
2116831,29,202,6,237
2116832,28,169,15,212
2116901,33,251,20,304
2116902,37,276,21,334
2116903,51,355,35,441
2116904,42,340,24,406
2116905,32,211,32,275
2116906,26,226,17,269
2116907,44,333,17,394
2116908,20,163,12,195
2116909,38,218,17,273
2116910,64,425,52,541
2116911,35,176,24,235
2116912,28,262,24,314
2116913,61,324,17,402
2116914,30,323,31,384
2116915,25,275,30,330
2116916,30,200,30,260
2116917,57,341,22,420
2116918,37,216,25,278
2116919,12,174,15,201
2116920,20,195,15,230
2116921,33,221,5,259
2116922,36,215,20,271
2116923,42,296,27,365
2116924,76,363,23,462
2116925,37,340,59,436
2116926,33,181,21,235
2116927,13,215,25,253
2116928,33,234,20,287
2116929,49,339,24,412
2116930,77,426,21,524
2116931,56,317,20,393
2116932,23,221,16,260
2116933,56,366,51,473
2116934,37,259,18,314
2116935,53,292,27,372
2116936,42,239,10,291
2116937,22,240,45,307
2116938,54,376,59,489
2116939,35,272,47,354
2116940,43,252,26,321
2116941,66,389,18,473
2116942,26,174,18,218
2116943,49,249,9,307
2116944,29,217,21,267
2116945,37,154,18,209
2116946,9,178,18,205
2116947,37,237,10,284
2116948,29,293,44,366
2116949,40,283,11,334
2116950,31,303,22,356
2116951,53,272,16,341
2116952,27,168,15,210
2116953,37,219,75,331
2117001,57,284,36,377
2117002,48,186,9,243
2117003,28,160,11,199
2117004,37,245,12,294
2117005,18,150,6,174
2117006,57,352,16,425
2117007,35,157,9,201
2117008,34,210,6,250
2117009,32,233,0,265
2117010,23,243,16,282
2117011,47,288,12,347
2117012,43,286,20,349
2117013,23,165,9,197
2117014,42,229,21,292
2117015,34,255,16,305
2117016,22,243,15,280
2117017,47,242,15,304
2117018,39,245,21,305
2117019,46,286,49,381
2117020,45,342,34,421
2117021,54,338,10,402
2117022,68,331,11,410
2117023,47,308,34,389
2117024,33,151,15,199
2117025,59,297,13,369
2117026,36,372,39,447
2117027,31,216,33,280
2117028,50,300,33,383
2117029,35,285,12,332
2117030,21,275,51,347
2117031,35,237,27,299
2117032,35,311,144,490
2117033,48,389,19,456
2117034,49,259,16,324
2117035,31,224,21,276
2117036,39,273,9,321
2117037,73,298,19,390
2117038,38,266,15,319
2117101,45,353,29,427
2117102,36,311,29,376
2117103,25,198,21,244
2117104,24,140,5,169
2117105,39,260,32,331
2117106,52,376,34,462
2117107,59,342,35,436
2117108,56,375,22,453
2117109,36,280,9,325
2117110,79,378,36,493
2117111,48,328,23,399
2117112,50,300,35,385
2117113,33,230,12,275
2117114,18,151,28,197
2117115,52,374,26,452
2117116,41,352,46,439
2117117,48,320,34,402
2117118,43,257,15,315
2117119,37,261,16,314
2117120,19,214,19,252
2117121,26,216,28,270
2117122,36,251,21,308
2117123,51,321,68,440
2117201,43,337,29,409
2117202,32,156,9,197
2117203,56,247,17,320
2117204,52,391,59,502
2117205,48,221,12,281
2117206,29,268,15,312
2117207,55,339,38,432
2117208,39,318,13,370
2117209,48,286,15,349
2117210,42,296,46,384
2117211,47,309,53,409
2117212,54,285,12,351
2117213,29,183,15,227
2117214,32,228,12,272
2117215,35,223,32,290
2117216,27,224,40,291
2117217,54,315,29,398
2117218,44,428,40,512
2117219,30,320,36,386
2117220,46,296,42,384
2117221,38,310,41,389
2117222,46,386,37,469
2117223,46,257,33,336
2117224,44,325,12,381
2117225,44,265,15,324
2117226,35,307,27,369
2117227,56,315,39,410
2117228,50,347,26,423
2117229,36,314,18,368
2117230,57,335,29,421
2117231,29,249,13,291
2117232,35,240,5,280
2117233,24,149,6,179
2117234,31,228,24,283
2117235,32,171,17,220
2117236,48,354,54,456
2117237,21,168,9,198
2117238,52,292,21,365
2117301,35,244,9,288
2117302,36,288,21,345
2117303,85,410,22,517
2117304,40,274,26,340
2117305,47,233,21,301
2117306,54,284,15,353
2117307,37,258,17,312
2117308,23,199,15,237
2117309,49,273,26,348
2117310,39,252,12,303
2117311,34,164,45,243
2117312,46,250,15,311
2117313,51,253,9,313
2117314,53,286,31,370
2117315,37,235,11,283
2117316,49,295,20,364
2117317,32,262,7,301
2117318,22,193,12,227
2117319,31,154,15,200
2117320,37,311,31,379
2117321,34,177,19,230
2117322,48,406,48,502
2117323,32,280,28,340
2117324,40,308,24,372
2117325,35,215,17,267
2117326,52,332,44,428
2117327,42,231,12,285
2117328,45,354,39,438
2117329,80,408,57,545
2117330,40,304,20,364
2117331,54,261,34,349
2117332,58,323,37,418
2117333,48,265,51,364
2117334,31,203,25,259
2117335,49,336,67,452
2117336,40,309,38,387
2117401,51,366,40,457
2117402,36,301,30,367
2117403,34,331,26,391
2117404,34,191,7,232
2117405,50,330,9,389
2117406,37,236,13,286
2117407,27,211,15,253
2117408,27,232,18,277
2117409,47,304,22,373
2117410,35,305,18,358
2117411,35,275,16,326
2117412,50,432,27,509
2117413,40,181,7,228
2117414,48,479,31,558
2117415,28,231,11,270
2117416,22,164,3,189
2117417,28,260,16,304
2117418,39,220,15,274
2117419,36,280,10,326
2117420,41,323,13,377
2117421,60,316,19,395
2117422,40,310,13,363
2117423,58,348,16,422
2117424,49,303,15,367
2117425,37,220,22,279
2117426,34,292,10,336
2117427,33,232,15,280
2117428,47,283,13,343
2117429,48,259,16,323
2117430,55,323,26,404
2117431,21,132,22,175
2117432,22,174,11,207
2117433,27,244,16,287
2117434,34,285,18,337
2117435,36,317,24,377
2117436,41,221,21,283
2117437,17,237,15,269
2117438,35,178,12,225
2117439,41,367,33,441
2117440,43,361,23,427
2117441,43,263,20,326
2117442,32,226,7,265
2117443,29,210,15,254
2117444,30,208,24,262
2117445,46,250,6,302
2117446,40,248,26,314
2117447,30,256,21,307
2117448,26,195,12,233
2117449,38,309,56,403
2117450,29,242,15,286
2117451,23,201,13,237
2117452,23,224,14,261
2117501,59,340,23,422
2117502,51,324,18,393
2117503,38,324,15,377
2117504,52,350,25,427
2117505,38,221,12,271
2117506,18,178,9,205
2117507,64,452,23,539
2117508,50,354,28,432
2117509,58,365,22,445
2117510,52,278,23,353
2117511,26,223,24,273
2117512,37,232,20,289
2117513,47,321,16,384
2117514,42,342,24,408
2117515,38,214,20,272
2117516,44,353,22,419
2117517,42,326,31,399
2117518,70,416,31,517
2117519,37,241,30,308
2117520,38,212,15,265
2117521,39,240,23,302
2117522,60,383,40,483
2117523,25,216,30,271
2117524,49,228,15,292
2117525,32,221,23,276
2117526,53,377,24,454
2117527,54,288,29,371
2117528,45,319,21,385
2117529,49,341,23,413
2117530,44,316,15,375
2117531,44,202,33,279
2117532,40,346,24,410
2117533,49,278,21,348
2117534,33,277,21,331
2117535,45,289,26,360
2117536,49,279,30,358
2117537,38,195,9,242
2117538,28,203,25,256
2117539,48,276,36,360
2117540,36,283,16,335
2117541,37,296,12,345
2117542,37,268,20,325
2117543,51,417,29,497
2117544,42,256,21,319
2117545,28,264,20,312
2117546,27,234,13,274
2117547,9,148,4,161
2117548,24,192,6,222
2117549,28,184,27,239
2117550,35,253,15,303
2117551,18,176,21,215
2117552,28,199,11,238
2117553,43,292,15,350
2117554,49,277,26,352
2117555,61,336,30,427
2117556,34,211,21,266
2117557,36,256,6,298
2117558,44,254,25,323
2117559,43,258,6,307
2117560,22,168,21,211
2117561,24,155,0,179
2117562,50,302,12,364
2117601,25,215,10,250
2117602,58,370,27,455
2117603,26,272,21,319
2117604,31,274,33,338
2117605,60,358,23,441
2117606,33,192,18,243
2117607,29,239,6,274
2117608,64,368,27,459
2117609,29,211,10,250
2117610,27,327,23,377
2117611,21,250,22,293
2117612,53,401,56,510
2117613,37,374,22,433
2117614,49,294,12,355
2117615,38,404,67,509
2117616,37,438,39,514
2117617,22,267,42,331
2117618,23,148,4,175
2117619,23,303,21,347
2117620,36,236,20,292
2117621,28,281,17,326
2117622,40,333,15,388
2117623,33,293,31,357
2117624,31,238,3,272
2117625,37,435,27,499
2117626,13,202,16,231
2117627,29,361,26,416
2117628,29,295,24,348
2117629,29,317,11,357
2117630,56,324,18,398
2117631,37,365,33,435
2117632,22,252,51,325
2117633,69,424,33,526
2117634,35,309,61,405
2117635,17,169,25,211
2117636,44,286,29,359
2117637,26,238,4,268
2117638,22,271,22,315
2117639,34,229,42,305
2117701,19,254,25,298
2117702,44,321,33,398
2117703,32,319,33,384
2117704,24,223,26,273
2117705,28,240,17,285
2117706,24,202,6,232
2117707,41,366,27,434
2117708,42,234,15,291
2117709,25,151,8,184
2117710,35,295,33,363
2117711,46,242,21,309
2117712,52,195,12,259
2117713,49,241,48,338
2117714,35,220,21,276
2117715,9,177,17,203
2117716,26,139,15,180
2117717,50,247,29,326
2117718,38,179,14,231
2117719,24,133,28,185
2117720,22,164,12,198
2117721,20,150,31,201
2117722,46,264,67,377
2117723,41,324,50,415
2117724,34,223,22,279
2117725,26,243,48,317
2117726,38,224,29,291
2117727,23,169,23,215
2117728,36,247,19,302
2117729,33,193,9,235
2117730,33,357,63,453
2117731,37,222,17,276
2117732,26,154,16,196
2117733,37,204,13,254
2117734,30,226,14,270
2117735,27,204,28,259
2117736,52,228,12,292
2117737,34,182,15,231
2117738,26,261,28,315
2117739,37,161,9,207
2117740,88,400,25,513
2117741,29,368,94,491
2117742,76,357,39,472
2117743,57,224,14,295
2117744,35,184,15,234
2117745,63,304,35,402
2117746,43,212,39,294
2117747,33,219,11,263
2117748,32,177,24,233
2117749,56,278,41,375
2117750,48,170,18,236
2117751,30,164,21,215
2117752,96,371,58,525
2117753,30,215,22,267
2117754,31,122,4,157
2117755,18,160,6,184
2117801,31,159,21,211
2117802,33,141,6,180
2117803,45,231,33,309
2117804,33,264,26,323
2117805,51,356,34,441
2117806,42,195,15,252
2117807,24,169,12,205
2117808,39,188,12,239
2117809,37,222,21,280
2117810,43,191,11,245
2117811,33,197,16,246
2117812,25,202,15,242
2117813,35,175,21,231
2117814,21,215,24,260
2117815,50,388,37,475
2117816,30,149,7,186
2117817,44,358,40,442
2117818,45,360,87,492
2117819,24,198,21,243
2117820,43,188,21,252
2117821,27,203,15,245
2117822,24,203,15,242
2117823,35,208,7,250
2117824,39,282,25,346
2117825,45,254,34,333
2117826,58,300,24,382
2117827,54,316,33,403
2117828,48,347,39,434
2117829,71,348,31,450
2117830,28,154,24,206
2117831,48,344,40,432
2117832,35,198,7,240
2117833,51,374,37,462
2117834,52,299,17,368
2117835,49,305,4,358
2117836,64,304,18,386
2117837,49,254,14,317
2117838,42,295,28,365
2117839,52,321,27,400
2117840,50,274,26,350
2117841,19,154,5,178
2117842,19,296,25,340
2117843,14,239,36,289
2117901,36,285,30,351
2117902,32,151,12,195
2117903,18,179,12,209
2117904,55,281,29,365
2117905,35,242,36,313
2117906,52,333,29,414
2117907,36,254,30,320
2117908,30,258,25,313
2117909,36,290,43,369
2117910,34,360,36,430
2117911,36,318,27,381
2117912,7,105,108,220
2117913,22,191,9,222
2117914,39,285,21,345
2117915,51,381,37,469
2117916,41,334,13,388
2117917,36,222,18,276
2117918,35,283,39,357
2117919,17,275,15,307
2117920,24,241,24,289
2117921,7,91,6,104
2117922,27,181,14,222
2117923,26,423,66,515
2117924,23,137,31,191
2117925,50,188,95,333
2117926,36,291,67,394
2117927,40,216,6,262
2117928,29,163,3,195
2118001,22,203,14,239
2118002,32,199,33,264
2118003,42,314,22,378
2118004,52,394,37,483
2118005,26,248,14,288
2118006,26,255,34,315
2118007,47,374,34,455
2118008,27,226,11,264
2118009,22,232,11,265
2118010,18,285,8,311
2118011,25,275,40,340
2118012,47,294,21,362
2118013,64,337,12,413
2118014,43,400,28,471
2118015,34,218,0,252
2118016,44,305,30,379
2118017,37,243,33,313
2118101,65,397,27,489
2118102,52,267,21,340
2118103,46,242,6,294
2118104,37,231,21,289
2118105,28,158,3,189
2118106,57,380,33,470
2118107,26,378,20,424
2118108,24,277,37,338
2118109,22,243,19,284
2118110,54,324,18,396
2118111,68,435,23,526
2118112,28,289,21,338
2118113,45,260,12,317
2118114,28,282,6,316
2118115,31,268,6,305
2118116,40,340,35,415
2118117,27,343,33,403
2118118,49,338,33,420
2118119,24,230,21,275
2118120,32,243,0,275
2118201,49,333,16,398
2118202,45,262,19,326
2118203,42,501,42,585
2118204,35,591,71,697
2118205,26,175,25,226
2118206,26,230,43,299
2118207,50,510,26,586
2118208,26,287,21,334
2118209,27,221,34,282
2118210,35,208,22,265
2118211,32,202,38,272
2118212,31,276,55,362
2118213,43,305,33,381
2118214,43,347,20,410
2118215,37,231,15,283
2118216,43,300,27,370
2118217,29,253,14,296
2118218,33,289,30,352
2118219,54,422,52,528
2118220,49,322,15,386
2118221,57,345,15,417
2118222,39,260,5,304
2118223,57,212,12,281
2118224,69,383,18,470
2118225,66,442,24,532
2118226,46,355,21,422
2118227,27,286,7,320
2118301,38,210,10,258
2118302,20,243,18,281
2118303,17,147,12,176
2118304,43,337,23,403
2118305,72,519,26,617
2118306,55,523,21,599
2118307,31,311,15,357
2118308,27,181,16,224
2118309,30,157,12,199
2118310,46,341,24,411
2118311,35,239,8,282
2118312,64,397,44,505
2118313,37,295,22,354
2118314,77,547,39,663
2118315,29,289,8,326
2118316,0,0,0,0
2118317,0,0,0,0
2118318,26,247,19,292
2118319,43,315,16,374
2118320,0,0,0,0
2118321,52,313,24,389
2118401,0,7,3,10
2118501,32,265,43,340
2118502,27,181,9,217
2118503,37,198,13,248
2118504,46,341,37,424
2118505,17,181,28,226
2118506,52,363,41,456
2118507,21,253,7,281
2118508,37,305,24,366
2118509,70,385,31,486
2118510,53,299,17,369
2118511,42,207,35,284
2118512,49,242,43,334
2118513,27,185,27,239
2118514,15,162,22,199
2118515,63,394,42,499
2118516,38,288,19,345
2118517,42,272,34,348
2118518,28,194,21,243
2118519,0,0,0,0
2118520,46,379,27,452
2118521,35,191,24,250
2118522,29,161,22,212
2118523,21,204,35,260
2118524,61,478,60,599
2118525,40,289,43,372
2118526,29,274,39,342
2118527,13,203,10,226
2118528,11,178,40,229
2118529,34,191,15,240
2118530,19,143,6,168
2118601,37,249,15,301
2118602,0,0,0,0
2118603,45,273,26,344
2118604,49,398,36,483
2118605,38,314,39,391
2118606,41,248,19,308
2118607,33,220,30,283
2118608,23,278,30,331
2118609,17,276,15,308
2118610,51,363,50,464
2118611,38,192,13,243
2118612,41,267,44,352
2118613,41,315,40,396
2118614,18,135,16,169
2118615,24,190,52,266
2118616,48,288,84,420
2118617,41,310,33,384
2118618,71,323,33,427
2118619,47,255,21,323
2118620,31,294,20,345
2118621,37,341,96,474
2118622,48,285,45,378
2118623,49,427,27,503
2118624,29,206,31,266
2118625,39,344,35,418
2118626,32,425,40,497
2118627,38,277,35,350
2118628,47,304,23,374
2118629,20,288,36,344
2118630,42,372,41,455
2118631,42,351,36,429
2118701,43,390,42,475
2118702,25,120,6,151
2118703,38,343,18,399
2118704,57,354,48,459
2118705,15,136,3,154
2118706,33,208,18,259
2118707,20,184,24,228
2118708,47,355,24,426
2118709,49,357,35,441
2118710,39,275,20,334
2118711,36,310,18,364
2118712,24,214,9,247
2118713,19,146,16,181
2118801,37,224,17,278
2118802,16,299,31,346
2118803,66,363,41,470
2118804,50,336,24,410
2118805,60,388,25,473
2118806,33,230,19,282
2118807,27,233,14,274
2118808,45,311,43,399
2118809,56,344,29,429
2118810,39,302,28,369
2118811,43,344,27,414
2118812,34,259,29,322
2118813,41,328,46,415
2118814,50,383,33,466
2118815,28,163,11,202
2118816,75,398,33,506
2118817,43,335,27,405
2118818,30,268,36,334
2118819,49,374,36,459
2118820,36,207,29,272
2118821,33,341,29,403
2118822,57,271,22,350
2118823,51,331,30,412
2118824,36,249,36,321
2118825,41,269,27,337
2118826,21,146,15,182
2118827,29,203,4,236
2118828,39,217,18,274
2118829,52,423,59,534
2118830,35,293,41,369
2118831,54,238,28,320
2118832,53,311,22,386
2118833,22,171,19,212
2118834,25,284,31,340
2118835,25,236,29,290
2118836,51,376,47,474
2118837,59,414,20,493
2118838,33,213,13,259
2118839,27,196,11,234
2118840,42,265,19,326
2118841,25,298,27,350
2118842,31,236,12,279
2118843,28,236,69,333
2118844,30,157,12,199
2118845,22,203,9,234
2118846,25,187,15,227
2118847,44,268,23,335
2118848,48,207,9,264
2118849,14,154,12,180
2118850,19,194,15,228
2118901,63,371,27,461
2118902,47,380,12,439
2118903,34,260,42,336
2118904,46,298,27,371
2118905,51,245,4,300
2118906,60,311,15,386
2118907,35,422,45,502
2118908,24,231,15,270
2118909,32,257,18,307
2118910,53,289,14,356
2118911,26,200,18,244
2118912,28,378,31,437
2118913,29,364,54,447
2118914,33,190,0,223
2118915,44,265,10,319
2118916,32,227,24,283
2118917,41,289,19,349
2118918,27,173,15,215
2118919,35,261,20,316
2118920,63,375,28,466
2118921,42,237,11,290
2118922,37,172,6,215
2118923,43,155,5,203
2118924,33,188,11,232
2118925,35,187,12,234
2118926,47,369,12,428
2118927,26,207,32,265
2118928,29,175,15,219
2118929,29,234,6,269
2118930,25,226,9,260
2119001,16,257,14,287
2119002,33,245,16,294
2119003,18,180,25,223
2119004,36,215,17,268
2119005,31,195,21,247
2119006,40,271,15,326
2119007,36,225,16,277
2119008,39,276,34,349
2119009,21,211,24,256
2119010,43,287,24,354
2119011,37,356,56,449
2119012,19,199,9,227
2119013,27,185,21,233
2119014,66,416,42,524
2119015,0,3,3,6
2119016,33,226,21,280
2119017,40,246,17,303
2119018,41,223,24,288
2119019,31,333,19,383
2119020,24,174,15,213
2119021,22,203,21,246
2119022,33,296,34,363
2119023,46,328,25,399
2119024,44,278,19,341
2119025,22,260,33,315
2119026,43,218,24,285
2119027,36,245,26,307
2119028,45,255,10,310
2119029,17,192,11,220
2119030,42,240,18,300
2119031,35,200,15,250
2119032,46,158,6,210
2119033,59,326,18,403
2119034,11,130,12,153
2119101,23,225,19,267
2119102,23,144,16,183
2119103,3,81,29,113
2119104,13,231,9,253
2119105,35,395,32,462
2119106,17,164,10,191
2119107,46,278,29,353
2119108,35,224,19,278
2119109,43,331,53,427
2119110,44,275,24,343
2119111,33,277,37,347
2119112,20,263,19,302
2119113,36,348,36,420
2119114,29,173,14,216
2119115,41,405,25,471
2119116,43,324,33,400
2119117,23,146,27,196
2119118,31,173,15,219
2119119,3,13,0,16
2119120,24,247,18,289
2119121,32,201,24,257
2119122,21,218,23,262
2119123,26,170,15,211
2119201,0,0,0,0
2119301,24,204,21,249
2119302,29,254,16,299
2119303,18,201,14,233
2119304,68,337,19,424
2119305,41,267,21,329
2119306,6,6,3,15
2119307,26,239,35,300
2119308,39,237,12,288
2119309,40,318,21,379
2119310,60,281,21,362
2119311,30,249,36,315
2119312,37,263,13,313
2119313,45,277,38,360
2119314,38,397,40,475
2119315,35,197,14,246
2119316,47,307,16,370
2119317,38,261,19,318
2119318,42,394,45,481
2119319,31,235,7,273
2119320,39,300,28,367
2119321,42,310,36,388
2119322,32,246,19,297
2119323,29,186,21,236
2119324,55,378,34,467
2119325,41,384,9,434
2119326,34,354,19,407
2119327,41,430,52,523
2119328,32,259,27,318
2119329,48,275,16,339
2119330,46,340,33,419
2119331,36,273,24,333
2119332,52,307,51,410
2119333,48,324,24,396
2119334,41,313,18,372
2119335,58,408,30,496
2119336,55,377,36,468
2119337,37,235,21,293
2119338,35,331,29,395
2119339,47,299,23,369
2119340,33,280,10,323
2119341,38,204,12,254
2119342,43,347,30,420
2119343,45,305,27,377
2119401,49,280,9,338
2119402,52,390,25,467
2119403,17,324,25,366
2119404,26,339,87,452
2119405,24,313,24,361
2119406,22,200,27,249
2119407,18,163,30,211
2119408,18,212,21,251
2119409,23,235,22,280
2119410,20,278,34,332
2119411,35,424,68,527
2119412,32,214,5,251
2119413,38,250,18,306
2119414,41,194,15,250
2119415,48,273,9,330
2119416,28,304,21,353
2119417,56,267,15,338
2119418,32,241,21,294
2119419,45,493,58,596
2119420,29,155,16,200
2119421,34,233,24,291
2119422,59,350,47,456
2119423,36,272,43,351
2119424,54,317,21,392
2119425,59,386,22,467
2119426,28,316,26,370
2119427,21,154,9,184
2119428,34,205,6,245
2119429,37,223,24,284
2119430,35,211,10,256
2119431,54,345,40,439
2119432,35,268,16,319
2119433,24,224,6,254
2119434,47,286,27,360
2119435,27,291,27,345
2119436,39,251,36,326
2119437,23,129,6,158
2119438,61,350,52,463
2119439,36,217,24,277
2119440,57,380,27,464
2119441,18,180,14,212
2119442,39,246,5,290
2119443,62,461,31,554
2119444,58,248,20,326
2119445,12,202,32,246
2119446,38,230,9,277
2119447,20,207,21,248
2119448,21,192,20,233
2119449,34,238,17,289
2119501,57,318,17,392
2119502,30,247,9,286
2119503,24,173,12,209
2119504,36,289,7,332
2119505,58,366,12,436
2119506,35,250,11,296
2119507,42,357,27,426
2119508,40,203,19,262
2119509,58,286,18,362
2119510,57,317,4,378
2119511,50,324,26,400
2119512,32,257,15,304
2119513,71,410,25,506
2119514,67,369,30,466
2119515,32,474,38,544
2119516,25,428,17,470
2119517,27,187,22,236
2119518,44,316,27,387
2119519,44,231,20,295
2119520,56,405,39,500
2119521,44,275,27,346
2119522,45,302,20,367
2119523,22,221,5,248
2119524,31,255,28,314
2119525,42,184,27,253
2119526,38,245,18,301
2119527,24,262,20,306
2119528,15,202,24,241
2119529,57,171,7,235
2119530,45,295,18,358
2119531,32,270,24,326
2119532,35,266,11,312
2119533,60,386,21,467
2119534,39,286,46,371
2119535,31,377,27,435
2119536,30,268,29,327
2119537,26,340,44,410
2119538,25,259,34,318
2119539,30,190,13,233
2119540,45,347,36,428
2119541,33,272,16,321
2119542,37,256,11,304
2119543,48,276,14,338
2119544,37,304,33,374
2119545,29,140,11,180
2119546,21,195,16,232
2119547,25,81,12,118
2119548,27,150,0,177
2119549,33,161,9,203
2119601,41,305,28,374
2119602,40,259,24,323
2119603,28,150,18,196
2119604,39,263,24,326
2119605,45,362,30,437
2119606,46,302,24,372
2119607,48,329,30,407
2119608,46,346,26,418
2119609,43,244,17,304
2119610,51,278,12,341
2119611,92,601,19,712
2119612,65,352,21,438
2119613,59,366,55,480
2119614,35,211,9,255
2119615,44,266,39,349
2119616,33,254,25,312
2119617,56,373,26,455
2119618,35,279,33,347
2119619,33,263,14,310
2119620,31,169,25,225
2119621,36,204,10,250
2119622,32,232,27,291
2119701,41,365,36,442
2119702,39,249,15,303
2119703,53,392,3,448
2119704,54,343,14,411
2119705,55,419,27,501
2119706,37,326,28,391
2119707,38,221,28,287
2119708,31,158,15,204
2119709,33,214,10,257
2119710,51,316,21,388
2119711,27,251,18,296
2119712,31,237,22,290
2119713,35,237,15,287
2119714,33,239,36,308
2119715,63,408,36,507
2119716,40,166,21,227
2119717,31,238,12,281
2119718,31,248,10,289
2119719,36,254,13,303
2119720,36,339,26,401
2119721,41,278,5,324
2119722,45,237,18,300
2119723,66,306,6,378
2119724,56,304,15,375
2119725,73,291,11,375
2119726,41,268,25,334
2119727,40,231,12,283
2119728,35,211,30,276
2119729,39,243,21,303
2119730,31,309,37,377
2119731,46,287,10,343
2119732,14,222,12,248
2119733,38,213,7,258
2119734,37,214,0,251
2119735,31,229,8,268
2119736,20,182,9,211
2119737,25,203,12,240
2119738,20,169,6,195
2119739,46,276,25,347
2119740,43,342,33,418
2119741,26,270,16,312
2119742,26,163,7,196
2119743,38,287,43,368
2119744,40,228,15,283
2119745,33,221,21,275
2119746,25,239,9,273
2119747,39,224,4,267
2119748,19,166,9,194
2119749,29,253,32,314
2119750,50,250,23,323
2119751,53,232,19,304
2119752,27,163,9,199
2119753,34,243,0,277
2119801,44,254,10,308
2119802,33,182,27,242
2119803,39,418,36,493
2119804,27,261,25,313
2119805,17,174,17,208
2119806,43,253,27,323
2119807,62,332,36,430
2119808,74,368,20,462
2119809,33,182,10,225
2119810,54,430,76,560
2119811,55,272,11,338
2119812,27,158,18,203
2119813,41,308,15,364
2119814,30,323,35,388
2119815,37,291,46,374
2119816,44,236,3,283
2119817,41,247,6,294
2119818,38,306,20,364
2119819,55,232,14,301
2119820,66,261,17,344
2119821,40,289,28,357
2119822,25,343,13,381
2119823,40,318,24,382
2119824,52,265,27,344
2119825,55,269,13,337
2119826,67,278,43,388
2119827,68,339,53,460
2119828,38,305,33,376
2119829,56,257,15,328
2119830,35,230,7,272
2119831,13,160,13,186
2119832,57,304,22,383
2119833,24,207,14,245
2119901,57,299,68,424
2119902,59,282,40,381
2119903,38,200,41,279
2119904,41,268,47,356
2119905,44,343,73,460
2119906,0,4,0,4
2119907,54,315,45,414
2119908,39,230,44,313
2119909,40,237,61,338
2119910,38,266,32,336
2119911,50,393,43,486
2119912,43,230,36,309
2119913,59,334,59,452
2119914,50,305,43,398
2119915,28,237,22,287
2119916,58,352,47,457
2119917,24,215,19,258
2119918,26,304,27,357
2119919,46,337,34,417
2119920,38,369,37,444
2119921,51,280,23,354
2119922,39,242,27,308
2119923,46,230,32,308
2119924,31,243,26,300
2119925,33,284,19,336
2119926,27,311,37,375
2119927,34,249,25,308
2119928,49,277,21,347
2119929,30,200,23,253
2119930,29,283,13,325
2119931,23,251,45,319
2119932,43,262,64,369
2120001,18,183,10,211
2120002,43,227,21,291
2120003,40,295,12,347
2120004,42,291,9,342
2120005,61,387,15,463
2120006,43,163,20,226
2120007,45,198,21,264
2120008,72,444,41,557
2120009,27,230,16,273
2120010,33,273,26,332
2120011,44,360,13,417
2120012,44,329,30,403
2120013,33,240,15,288
2120014,59,343,45,447
2120015,50,299,20,369
2120016,39,192,17,248
2120017,52,286,22,360
2120018,73,399,43,515
2120019,44,301,37,382
2120020,49,391,32,472
2120021,32,220,18,270
2120022,38,284,23,345
2120023,28,192,18,238
2120024,45,300,28,373
2120025,52,382,15,449
2120026,31,182,12,225
2120101,42,253,21,316
2120102,76,294,25,395
2120103,62,376,16,454
2120104,44,261,18,323
2120105,51,276,7,334
2120106,54,270,16,340
2120107,32,219,9,260
2120108,28,200,12,240
2120109,59,330,14,403
2120110,63,337,21,421
2120111,56,227,24,307
2120112,70,287,13,370
2120113,62,329,15,406
2120114,48,247,24,319
2120115,44,263,15,322
2120116,32,175,24,231
2120117,44,203,21,268
2120118,46,266,18,330
2120119,34,160,12,206
2120201,25,166,6,197
2120202,25,185,0,210
2120203,31,159,13,203
2120204,36,208,4,248
2120205,40,294,15,349
2120206,45,392,13,450
2120207,19,157,4,180
2120208,51,347,31,429
2120209,52,354,19,425
2120210,42,316,23,381
2120211,23,217,9,249
2120212,41,270,21,332
2120213,34,235,6,275
2120214,29,371,10,410
2120215,48,264,22,334
2120216,31,220,8,259
2120217,34,230,15,279
2120218,49,313,18,380
2120219,10,159,9,178
2120220,15,167,12,194
2120221,57,318,21,396
2120222,43,342,29,414
2120223,51,424,33,508
2120224,54,267,18,339
2120225,44,339,11,394
2120226,42,240,10,292
2120227,49,316,25,390
2120228,28,176,6,210
2120229,45,286,16,347
2120230,66,363,17,446
2120231,25,212,12,249
2120232,58,292,18,368
2120233,53,336,22,411
2120234,20,168,4,192
2120235,34,247,7,288
2120236,37,180,16,233
2120237,31,186,27,244
2120238,61,205,13,279
2120239,43,212,13,268
2120240,54,349,15,418
2120241,36,174,11,221
2120301,18,175,18,211
2120302,22,120,15,157
2120303,16,221,15,252
2120304,24,201,20,245
2120305,47,416,25,488
2120306,53,341,11,405
2120307,49,308,27,384
2120308,60,361,9,430
2120309,46,281,18,345
2120310,51,297,19,367
2120311,36,245,32,313
2120312,42,332,36,410
2120313,29,342,14,385
2120314,56,310,23,389
2120315,45,245,28,318
2120316,42,279,22,343
2120317,35,231,31,297
2120318,38,186,12,236
2120319,40,361,24,425
2120320,39,254,12,305
2120321,41,398,19,458
2120322,30,209,11,250
2120323,51,312,31,394
2120324,48,238,28,314
2120325,46,286,18,350
2120326,30,194,33,257
2120327,36,279,27,342
2120328,38,267,16,321
2120329,30,332,33,395
2120330,34,239,11,284
2120331,37,310,25,372
2120332,35,292,75,402
2120333,43,288,17,348
2120334,9,234,84,327
2120335,33,175,26,234
2120336,0,6,0,6
2120337,49,340,23,412
2120338,64,408,20,492
2120339,49,345,23,417
2120340,44,290,20,354
2120341,27,193,9,229
2120342,41,308,6,355
2120343,32,195,12,239
2120344,20,147,3,170
2120345,19,153,9,181
2120346,24,224,5,253
2120401,58,372,42,472
2120402,39,241,21,301
2120403,31,212,10,253
2120404,56,371,25,452
2120405,42,305,47,394
2120406,64,361,24,449
2120407,27,164,12,203
2120408,41,332,31,404
2120409,39,279,18,336
2120410,35,281,27,343
2120411,17,156,12,185
2120412,45,322,35,402
2120413,37,265,6,308
2120414,63,348,24,435
2120415,35,248,8,291
2120416,42,267,18,327
2120417,37,273,23,333
2120418,59,356,35,450
2120419,23,175,10,208
2120420,39,218,23,280
2120421,27,179,31,237
2120422,39,244,13,296
2120501,21,358,25,404
2120502,39,187,6,232
2120503,41,261,21,323
2120504,37,494,32,563
2120505,38,387,15,440
2120506,35,911,36,982
2120507,39,374,38,451
2120508,23,324,170,517
2120509,27,398,36,461
2120510,31,245,13,289
2120511,56,403,21,480
2120512,43,306,31,380
2120513,71,557,30,658
2120514,41,302,34,377
2120515,41,407,73,521
2120516,38,255,21,314
2120517,0,4,0,4
2120518,32,402,45,479
2120519,0,0,0,0
2120520,53,418,42,513
2120521,28,275,16,319
2120601,48,286,12,346
2120602,37,237,15,289
2120603,37,344,20,401
2120604,28,267,45,340
2120605,42,339,95,476
2120606,42,264,53,359
2120607,42,231,108,381
2120608,21,206,30,257
2120609,35,307,35,377
2120610,67,374,26,467
2120611,50,344,45,439
2120612,41,314,10,365
2120613,60,349,51,460
2120614,37,249,42,328
2120615,45,333,22,400
2120616,33,256,43,332
2120617,39,321,24,384
2120618,40,266,33,339
2120619,37,246,47,330
2120620,58,389,27,474
2120621,50,282,41,373
2120622,37,320,34,391
2120623,49,360,56,465
2120624,30,203,58,291
2120625,50,326,23,399
2120626,54,298,32,384
2120627,32,252,45,329
2120628,56,337,45,438
2120629,34,233,52,319
2120630,49,315,80,444
2120631,44,231,53,328
2120632,58,394,55,507
2120633,26,195,28,249
2120634,51,376,46,473
2120635,0,3,0,3
2120636,66,391,32,489
2120637,54,369,30,453
2120638,25,267,27,319
2120639,42,272,28,342
2120640,38,244,35,317
2120641,47,389,33,469
2120642,70,373,28,471
2120643,33,165,31,229
2120644,32,284,27,343
2120645,45,438,34,517
2120646,39,439,92,570
2120647,25,321,48,394
2120648,34,243,18,295
2120649,34,517,28,579
2120650,28,171,89,288
2120651,31,210,32,273
2120652,39,321,21,381
2120653,63,331,39,433
2120654,24,219,21,264
2120655,35,254,26,315
2120656,56,350,19,425
2120657,81,432,34,547
2120658,70,359,30,459
2120659,53,382,58,493
2120660,47,273,28,348
2120661,27,309,208,544
2120662,42,322,56,420
2120663,59,338,45,442
2120664,28,202,11,241
2120665,21,220,45,286
2120701,28,206,25,259
2120702,35,224,39,298
2120703,37,271,18,326
2120704,39,280,53,372
2120705,52,258,36,346
2120706,39,333,50,422
2120707,41,287,43,371
2120708,41,257,34,332
2120709,24,269,22,315
2120710,40,280,35,355
2120711,24,212,25,261
2120712,30,329,37,396
2120713,65,337,44,446
2120714,47,375,47,469
2120715,53,304,33,390
2120716,54,362,41,457
2120717,55,366,41,462
2120718,46,289,22,357
2120719,36,266,26,328
2120720,59,244,28,331
2120721,31,247,65,343
2120722,33,231,9,273
2120723,32,303,35,370
2120724,39,282,45,366
2120725,53,333,40,426
2120726,40,274,62,376
2120727,25,308,86,419
2120728,53,314,34,401
2120729,53,298,35,386
2120730,34,212,30,276
2120731,42,302,60,404
2120732,40,228,18,286
2120733,39,262,45,346
2120734,33,296,51,380
2120735,65,383,52,500
2120736,48,268,46,362
2120737,45,392,39,476
2120738,42,329,32,403
2120739,28,220,40,288
2120740,43,254,41,338
2120741,31,338,75,444
2120742,36,349,30,415
2120743,34,406,47,487
2120744,23,266,37,326
2120745,20,182,38,240
2120746,32,222,18,272
2120747,52,271,26,349
2120748,29,169,38,236
2120749,19,242,63,324
2120750,28,237,34,299
2120751,30,184,33,247
2120752,27,256,33,316
2120753,41,323,32,396
2120754,33,255,33,321
2120755,34,278,18,330
2120756,34,198,9,241
2120757,50,324,61,435
2120758,43,377,55,475
2120801,26,279,50,355
2120802,34,394,153,581
2120803,31,347,33,411
2120804,0,0,0,0
2120805,56,257,49,362
2120806,46,224,28,298
2120807,59,323,29,411
2120808,53,369,47,469
2120809,27,223,59,309
2120810,25,190,15,230
2120811,39,383,42,464
2120812,37,182,19,238
2120813,47,289,43,379
2120814,48,318,56,422
2120815,50,230,26,306
2120816,50,326,39,415
2120817,55,401,56,512
2120818,67,305,51,423
2120819,25,234,33,292
2120820,35,160,6,201
2120821,34,298,86,418
2120822,21,250,75,346
2120823,0,21,0,21
2120824,34,294,18,346
2120825,42,282,38,362
2120826,50,333,26,409
2120827,30,258,38,326
2120828,65,402,54,521
2120829,33,244,24,301
2120830,41,270,30,341
2120831,34,358,42,434
2120832,64,358,39,461
2120833,52,331,38,421
2120834,29,215,22,266
2120835,30,255,28,313
2120836,52,340,32,424
2120837,13,84,4,101
2120838,55,327,30,412
2120839,32,295,26,353
2120840,68,387,37,492
2120841,31,218,7,256
2120842,75,369,38,482
2120843,21,104,21,146
2120844,49,243,29,321
2120845,0,6,0,6
2120846,56,263,40,359
2120847,34,249,62,345
2120848,0,0,0,0
2120849,27,309,28,364
2120850,38,167,25,230
2120851,48,337,36,421
2120852,55,354,60,469
2120853,17,170,19,206
2120854,22,194,19,235
2120855,28,209,10,247
2120856,22,282,17,321
2120857,40,331,28,399
2120858,38,201,19,258
2120901,76,325,6,407
2120902,20,173,13,206
2120903,52,315,21,388
2120904,30,190,9,229
2120905,27,209,15,251
2120906,26,301,10,337
2120907,22,266,11,299
2120908,55,285,6,346
2120909,42,197,12,251
2120910,52,322,10,384
2120911,28,202,13,243
2120912,31,217,21,269
2120913,54,306,21,381
2120914,51,152,7,210
2120915,58,349,31,438
2120916,38,283,11,332
2120917,42,319,9,370
2120918,38,283,12,333
2120919,58,337,21,416
2120920,27,191,9,227
2120921,39,255,6,300
2120922,40,289,12,341
2120923,36,228,7,271
2120924,54,388,24,466
2120925,29,230,6,265
2120926,19,131,12,162
2120927,15,182,3,200
2120928,11,146,5,162
2120929,51,317,6,374
2120930,40,226,6,272
2120931,44,265,21,330
2120932,23,154,9,186
2120933,35,251,24,310
2120934,46,339,22,407
2120935,41,245,9,295
2120936,63,340,18,421
2120937,34,227,18,279
2120938,40,290,14,344
2120939,42,267,22,331
2120940,29,167,0,196
2120941,44,208,6,258
2120942,50,278,21,349
2120943,31,229,6,266
2120944,39,252,18,309
2120945,43,242,146,431
2120946,25,207,21,253
2120947,38,217,10,265
2120948,19,150,4,173
2120949,34,265,9,308
2120950,47,353,23,423
2120951,30,249,12,291
2120952,29,238,3,270
2120953,43,218,12,273
2120954,50,274,15,339
2120955,37,250,9,296
2120956,48,216,9,273
2120957,33,165,6,204
2120958,50,317,19,386
2120959,29,144,22,195
2120960,38,246,9,293
2121001,23,193,11,227
2121002,27,306,24,357
2121003,27,145,15,187
2121004,45,275,9,329
2121005,28,138,23,189
2121006,41,309,14,364
2121007,14,155,9,178
2121008,41,238,8,287
2121009,35,225,6,266
2121010,32,325,17,374
2121101,18,111,6,135
2121102,36,267,24,327
2121103,39,239,36,314
2121104,20,154,26,200
2121105,24,147,21,192
2121106,66,343,45,454
2121107,18,147,7,172
2121108,9,76,3,88
2121109,31,198,15,244
2121110,40,212,18,270
2121111,19,123,21,163
2121112,36,179,15,230
2121201,48,241,20,309
2121202,38,170,10,218
2121203,30,133,12,175
2121204,52,233,23,308
2121205,28,148,15,191
2121206,41,160,15,216
2121207,15,139,3,157
2121208,14,91,7,112
2121209,0,0,0,0
2121210,0,0,0,0
2121211,49,224,15,288
2121212,36,213,12,261
2121213,27,227,18,272
2121214,35,214,27,276
2121215,40,239,19,298
2121216,37,174,26,237
2121217,27,164,18,209
2121218,32,135,7,174
2121219,20,88,0,108
2121220,23,149,9,181
2121301,36,383,20,439
2121302,38,202,9,249
2121303,25,147,3,175
2121304,45,361,15,421
2121305,52,381,33,466
2121306,31,146,12,189
2121307,23,238,16,277
2121308,32,299,13,344
2121309,29,244,18,291
2121310,17,163,3,183
2121311,61,513,36,610
2121312,13,146,10,169
2121313,34,285,12,331
2121314,51,209,6,266
2121315,28,291,8,327
2121316,46,267,4,317
2121317,25,245,19,289
2121318,40,283,15,338
2121319,24,181,0,205
2121320,39,145,6,190
2121321,19,126,6,151
2121322,18,125,9,152
2121323,49,232,6,287
2121324,25,179,17,221
2121325,19,183,15,217
2121401,38,284,15,337
2121402,40,260,6,306
2121403,40,175,9,224
2121404,41,289,27,357
2121405,34,235,26,295
2121406,66,318,15,399
2121407,54,243,24,321
2121408,38,347,15,400
2121409,35,174,5,214
2121410,42,278,22,342
2121411,35,350,26,411
2121412,29,234,17,280
2121413,30,175,9,214
2121414,36,264,20,320
2121415,39,256,24,319
2121416,33,235,21,289
2121417,30,185,13,228
2121501,27,161,3,191
2121502,36,290,32,358
2121503,28,202,12,242
2121504,18,197,9,224
2121505,48,276,11,335
2121506,0,0,0,0
2121507,31,337,18,386
2121508,27,204,9,240
2121509,61,381,9,451
2121510,26,126,9,161
2121511,42,291,22,355
2121512,72,445,15,532
2121513,54,348,28,430
2121514,35,269,12,316
2121515,49,254,15,318
2121516,35,188,21,244
2121517,56,403,29,488
2121518,53,289,36,378
2121519,20,280,6,306
2121520,39,295,18,352
2121521,37,306,12,355
2121522,33,373,21,427
2121523,49,319,28,396
2121524,33,226,27,286
2121525,67,391,6,464
2121526,33,194,18,245
2121527,26,221,9,256
2121528,16,136,7,159
2121529,30,289,9,328
2121530,25,290,9,324
2121531,33,232,6,271
2121532,40,341,15,396
2121533,17,165,6,188
2121534,25,139,8,172
2121601,34,303,24,361
2121602,80,725,171,976
2121603,33,282,26,341
2121604,48,276,30,354
2121605,30,494,36,560
2121606,22,188,3,213
2121607,19,255,10,284
2121608,37,225,21,283
2121609,34,371,15,420
2121610,0,0,0,0
2121611,44,257,18,319
2121612,27,239,24,290
2121701,14,157,12,183
2121702,46,303,19,368
2121703,30,186,24,240
2121704,40,228,30,298
2121705,41,260,28,329
2121706,39,274,39,352
2121707,22,180,48,250
2121708,22,115,42,179
2121709,30,350,54,434
2121710,19,158,19,196
2121711,53,430,34,517
2121712,28,157,19,204
2121713,52,345,50,447
2121714,28,169,36,233
2121715,55,272,29,356
2121716,22,153,7,182
2121717,38,203,18,259
2121718,36,195,55,286
2121801,28,171,18,217
2121802,34,379,19,432
2121803,25,147,25,197
2121804,43,320,84,447
2121805,46,339,20,405
2121806,36,259,22,317
2121807,27,232,20,279
2121808,24,124,4,152
2121809,14,175,27,216
2121810,39,317,10,366
2121811,41,312,16,369
2121812,45,304,18,367
2121813,63,385,31,479
2121814,16,126,3,145
2121815,72,528,52,652
2121816,46,366,30,442
2121817,59,318,33,410
2121818,22,229,15,266
2121819,32,336,32,400
2121820,11,147,9,167
2121821,57,353,52,462
2121822,55,304,41,400
2121823,37,309,33,379
2121824,23,173,9,205
2121825,44,378,28,450
2121826,22,107,16,145
2121827,3,9,0,12
2121828,42,231,16,289
2121829,30,198,40,268
2121830,63,310,56,429
2121831,25,264,53,342
2121832,41,281,32,354
2121833,34,318,36,388
2121834,37,218,21,276
2121835,38,222,35,295
2121836,18,185,15,218
2121837,41,305,25,371
2121838,66,399,64,529
2121839,21,132,12,165
2121840,17,238,18,273
2121841,50,359,23,432
2121842,28,275,26,329
2121843,41,295,37,373
2121844,21,216,18,255
2121845,55,354,11,420
2121846,30,253,20,303
2121847,39,154,12,205
2121848,24,186,3,213
2121849,25,217,9,251
2121850,16,171,0,187
2121851,20,205,12,237
2121852,43,163,9,215
2121853,28,329,17,374
2121854,0,0,0,0
2121855,27,367,21,415
2121856,20,262,18,300
2121857,40,255,18,313
2121858,9,170,9,188
2121859,35,223,20,278
2121860,13,192,10,215
2121861,35,357,20,412
2121862,3,18,3,24
2121863,0,0,0,0
2121864,60,312,24,396
2121865,29,154,15,198
2121866,25,222,23,270
2121867,27,411,47,485
2121868,0,0,0,0
2121869,0,6,0,6
2121870,40,418,25,483
2121871,42,337,35,414
2121901,35,273,25,333
2121902,38,299,26,363
2121903,40,268,30,338
2121904,47,248,19,314
2121905,45,285,21,351
2121906,46,292,34,372
2121907,51,391,60,502
2121908,29,182,29,240
2121909,38,203,21,262
2121910,38,222,16,276
2121911,18,220,18,256
2121912,37,198,22,257
2121913,31,207,24,262
2121914,30,288,25,343
2121915,71,340,36,447
2121916,36,310,37,383
2121917,56,354,30,440
2121918,72,355,49,476
2121919,63,327,17,407
2121920,63,331,50,444
2121921,41,244,27,312
2121922,36,186,30,252
2121923,36,255,21,312
2121924,29,280,10,319
2121925,34,242,10,286
2121926,32,204,21,257
2121927,29,186,18,233
2121928,50,312,24,386
2121929,44,301,30,375
2121930,44,434,21,499
2121931,0,0,0,0
2121932,31,237,17,285
2121933,25,155,27,207
2121934,36,246,40,322
2121935,35,177,35,247
2121936,24,177,25,226
2121937,51,259,13,323
2121938,36,231,22,289
2121939,22,124,44,190
2121940,42,231,23,296
2121941,49,355,35,439
2121942,51,195,21,267
2121943,33,207,22,262
2121944,33,289,43,365
2121945,43,204,31,278
2121946,46,273,30,349
2121947,18,205,45,268
2121948,40,220,47,307
2121949,18,223,82,323
2121950,43,314,65,422
2121951,33,298,22,353
2122001,30,181,6,217
2122002,0,0,0,0
2122003,39,380,21,440
2122004,58,362,22,442
2122005,37,304,24,365
2122006,43,332,20,395
2122007,46,302,22,370
2122008,21,190,10,221
2122009,34,250,10,294
2122010,48,245,10,303
2122011,43,267,19,329
2122012,22,267,28,317
2122013,28,291,16,335
2122014,34,235,21,290
2122015,47,255,24,326
2122016,51,375,32,458
2122017,17,207,16,240
2122018,34,266,28,328
2122019,36,293,10,339
2122020,31,232,3,266
2122021,24,317,21,362
2122022,39,355,37,431
2122023,57,269,23,349
2122024,60,352,15,427
2122025,18,120,9,147
2122026,39,294,18,351
2122027,48,210,9,267
2122028,41,381,148,570
2122029,46,318,23,387
2122030,21,262,21,304
2122031,28,160,19,207
2122032,39,256,17,312
2122033,39,342,0,381
2122034,31,234,15,280
2122035,34,327,33,394
2122036,22,228,21,271
2122037,71,374,35,480
2122038,52,296,9,357
2122039,27,171,12,210
2122040,22,140,9,171
2122041,36,226,23,285
2122042,31,268,19,318
2122043,39,221,12,272
2122044,47,229,25,301
2122045,35,224,28,287
2122046,39,197,18,254
2122101,41,265,17,323
2122102,45,265,27,337
2122103,41,267,45,353
2122104,35,387,43,465
2122105,47,322,45,414
2122106,34,345,37,416
2122107,51,383,46,480
2122108,30,322,27,379
2122109,25,227,32,284
2122110,46,403,32,481
2122111,39,268,29,336
2122112,41,283,21,345
2122113,32,391,36,459
2122114,35,335,42,412
2122115,30,197,33,260
2122116,34,197,13,244
2122117,55,316,14,385
2122118,50,351,33,434
2122119,44,204,18,266
2122120,44,279,14,337
2122121,46,319,16,381
2122122,19,180,15,214
2122123,18,201,9,228
2122124,39,333,27,399
2122125,73,420,55,548
2122126,17,145,10,172
2122127,27,203,18,248
2122128,25,148,8,181
2122129,33,211,21,265
2122201,31,199,8,238
2122202,69,648,46,763
2122203,21,522,16,559
2122204,0,0,0,0
2122205,32,320,27,379
2122206,61,418,39,518
2122207,93,806,77,976
2122208,38,383,21,442
2122209,64,378,15,457
2122210,45,447,29,521
2122211,12,78,15,105
2122212,61,409,22,492
2122213,108,959,46,1113
2122214,39,378,30,447
2122215,16,173,11,200
2122216,49,242,12,303
2122217,22,235,15,272
2122218,0,0,0,0
2122219,30,190,88,308
2122220,32,252,27,311
2122221,24,177,73,274
2122222,163,1219,187,1569
2122223,29,240,6,275
2122224,38,337,24,399
2122225,35,266,24,325
2122226,20,190,17,227
2122227,28,186,9,223
2122228,37,245,15,297
2122229,31,197,8,236
2122230,34,212,3,249
2122231,33,322,26,381
2122232,66,488,35,589
2122233,41,333,22,396
2122234,27,297,15,339
2122235,39,403,13,455
2122236,31,262,9,302
2122237,32,208,6,246
2122238,35,260,18,313
2122239,24,347,29,400
2122240,39,250,21,310
2122241,45,240,23,308
2122242,4,35,3,42
2122243,12,184,15,211
2122244,97,745,38,880
2122245,65,522,22,609
2122246,163,1317,71,1551
2122247,169,1695,91,1955
2122248,210,1901,105,2216
2122249,34,246,15,295
2122250,135,1286,71,1492
2122251,36,324,7,367
2122252,49,401,44,494
2122253,64,487,34,585
2122254,40,273,25,338
2122255,60,313,25,398
2122301,38,211,32,281
2122302,56,384,50,490
2122303,32,214,30,276
2122304,51,395,95,541
2122305,65,408,56,529
2122306,40,250,49,339
2122307,35,205,46,286
2122308,46,271,33,350
2122309,43,342,39,424
2122310,36,191,38,265
2122311,33,229,26,288
2122312,58,391,51,500
2122313,35,256,39,330
2122314,50,364,32,446
2122315,14,177,37,228
2122316,24,166,13,203
2122317,34,209,23,266
2122318,41,293,24,358
2122319,36,250,49,335
2122320,36,244,29,309
2122321,28,279,41,348
2122322,43,233,20,296
2122323,28,253,30,311
2122324,3,0,0,3
2122325,0,7,0,7
2122326,62,292,45,399
2122327,30,186,24,240
2122328,53,237,32,322
2122329,48,285,27,360
2122330,48,221,28,297
2122331,48,238,46,332
2122332,38,193,16,247
2122333,42,383,59,484
2122334,39,276,32,347
2122335,0,0,0,0
2122336,56,361,40,457
2122337,58,262,25,345
2122338,44,279,15,338
2122339,22,218,29,269
2122340,32,255,21,308
2122341,40,272,25,337
2122342,54,335,42,431
2122343,35,306,45,386
2122344,0,6,0,6
2122345,53,301,49,403
2122346,55,346,42,443
2122347,42,299,38,379
2122348,50,272,40,362
2122349,39,280,23,342
2122350,0,0,0,0
2122351,29,189,46,264
2122352,22,123,13,158
2122353,40,256,34,330
2122354,41,304,30,375
2122401,47,282,31,360
2122402,41,287,18,346
2122403,23,186,19,228
2122404,50,336,77,463
2122405,27,229,46,302
2122406,51,389,76,516
2122407,21,246,21,288
2122408,39,193,20,252
2122409,35,253,19,307
2122410,58,414,30,502
2122411,23,196,7,226
2122412,62,461,50,573
2122413,36,269,11,316
2122414,37,300,23,360
2122415,45,287,20,352
2122416,16,198,7,221
2122417,41,317,54,412
2122418,43,258,24,325
2122419,21,187,12,220
2122420,30,175,17,222
2122421,33,308,33,374
2122422,32,291,24,347
2122423,19,92,3,114
2122424,18,145,18,181
2122425,33,276,52,361
2122426,34,265,32,331
2122427,55,454,31,540
2122501,42,225,24,291
2122502,68,404,33,505
2122503,34,202,7,243
2122504,44,255,37,336
2122505,37,170,20,227
2122506,22,149,10,181
2122507,43,275,117,435
2122508,18,140,12,170
2122509,62,340,33,435
2122510,48,329,12,389
2122511,34,226,27,287
2122512,49,277,13,339
2122513,0,3,0,3
2122514,24,203,18,245
2122515,0,0,0,0
2122516,42,273,33,348
2122517,26,188,14,228
2122518,29,238,15,282
2122519,62,302,13,377
2122520,30,166,5,201
2122521,24,263,18,305
2122601,35,237,28,300
2122602,58,390,31,479
2122603,57,349,56,462
2122604,40,393,34,467
2122605,78,390,63,531
2122606,58,391,42,491
2122607,32,250,14,296
2122608,71,374,27,472
2122609,32,315,36,383
2122610,42,181,23,246
2122611,32,187,6,225
2122612,45,299,28,372
2122613,56,321,48,425
2122614,40,211,26,277
2122615,34,208,12,254
2122616,0,3,0,3
2122617,16,177,27,220
2122701,0,0,0,0
2122801,64,381,27,472
2122802,54,219,22,295
2122803,26,182,51,259
2122804,0,7,0,7
2122805,0,4,0,4
2122806,49,297,26,372
2122807,38,246,21,305
2122808,41,234,22,297
2122809,34,239,15,288
2122810,60,345,27,432
2122811,67,371,36,474
2122812,48,319,38,405
2122813,38,221,21,280
2122814,26,205,6,237
2122815,44,169,20,233
2122816,30,124,15,169
2122817,54,309,37,400
2122818,6,0,3,9
2122819,57,302,55,414
2122820,48,300,15,363
2122821,38,213,31,282
2122822,45,284,34,363
2122823,62,272,21,355
2122824,9,42,9,60
2122825,0,6,0,6
2122826,30,138,6,174
2122901,36,264,30,330
2122902,58,328,40,426
2122903,38,254,23,315
2122904,33,258,16,307
2122905,36,218,9,263
2122906,65,356,27,448
2122907,42,306,31,379
2122908,49,381,38,468
2122909,49,306,21,376
2122910,59,274,27,360
2122911,47,380,33,460
2122912,22,231,82,335
2122913,42,222,16,280
2122914,90,330,27,447
2122915,21,152,9,182
2122916,37,221,16,274
2122917,32,242,22,296
2122918,40,297,43,380
2122919,28,144,13,185
2122920,36,202,10,248
2122921,68,361,45,474
2122922,27,268,31,326
2122923,50,280,45,375
2122924,42,310,5,357
2122925,14,133,28,175
2122926,48,343,27,418
2122927,49,289,26,364
2122928,36,209,15,260
2122929,56,336,31,423
2122930,56,252,27,335
2122931,29,170,18,217
2122932,30,155,13,198
2122933,42,259,24,325
2122934,58,237,13,308
2122935,61,318,17,396
2122936,18,192,24,234
2122937,37,232,24,293
2122938,52,363,41,456
2122939,36,352,35,423
2122940,53,348,43,444
2122941,38,218,19,275
2122942,35,170,21,226
2122943,45,348,21,414
2122944,34,222,27,283
2122945,30,234,17,281
2122946,49,240,26,315
2122947,50,251,21,322
2122948,27,174,32,233
2122949,26,254,23,303
2122950,38,280,18,336
2122951,44,291,33,368
2122952,66,331,109,506
2122953,40,255,22,317
2122954,47,353,28,428
2122955,24,193,29,246
2122956,60,368,27,455
2122957,32,149,3,184
2122958,24,167,16,207
2122959,38,222,12,272
2122960,42,187,27,256
2122961,37,226,22,285
2122962,51,324,35,410
2123001,38,249,17,304
2123002,20,236,6,262
2123003,31,192,21,244
2123004,24,188,26,238
2123005,48,228,12,288
2123006,57,289,35,381
2123007,46,262,20,328
2123008,51,259,33,343
2123009,48,294,24,366
2123010,56,303,21,380
2123011,50,266,16,332
2123012,56,340,23,419
2123013,30,189,18,237
2123014,40,219,21,280
2123015,42,238,14,294
2123016,28,200,22,250
2123017,17,106,9,132
2123101,67,274,12,353
2123102,41,330,21,392
2123103,34,153,11,198
2123104,51,384,38,473
2123105,40,243,44,327
2123106,57,287,19,363
2123107,37,294,31,362
2123108,46,303,25,374
2123109,63,352,12,427
2123110,32,146,11,189
2123111,29,270,28,327
2123112,27,177,22,226
2123113,53,320,21,394
2123114,22,166,12,200
2123115,41,252,10,303
2123116,55,230,13,298
2123117,56,296,26,378
2123118,37,221,9,267
2123119,41,232,9,282
2123120,46,289,53,388
2123121,23,243,37,303
2123122,65,321,34,420
2123201,29,208,0,237
2123202,65,374,23,462
2123203,45,279,17,341
2123204,35,171,4,210
2123205,37,257,30,324
2123206,30,125,9,164
2123207,59,384,23,466
2123208,11,89,0,100
2123209,45,314,18,377
2123210,52,343,5,400
2123211,35,344,24,403
2123212,15,119,3,137
2123213,22,255,15,292
2123214,30,214,21,265
2123215,43,420,13,476
2123216,32,260,38,330
2123217,21,239,24,284
2123218,23,306,18,347
2123219,43,336,15,394
2123220,63,321,21,405
2123221,53,257,12,322
2123222,25,260,6,291
2123223,29,289,17,335
2123224,32,213,69,314
2123225,0,0,0,0
2123226,0,3,6,9
2123227,33,223,10,266
2123228,31,212,9,252
2123229,12,89,3,104
2123230,13,167,23,203
2123301,31,177,12,220
2123302,41,312,14,367
2123303,35,179,18,232
2123304,19,103,16,138
2123305,25,178,6,209
2123306,0,101,0,101
2123307,35,275,31,341
2123308,22,215,10,247
2123309,49,286,21,356
2123310,36,258,14,308
2123401,37,221,18,276
2123402,72,357,27,456
2123403,37,302,15,354
2123404,24,214,10,248
2123405,37,276,15,328
2123406,30,246,15,291
2123407,40,274,19,333
2123408,52,271,16,339
2123409,53,250,9,312
2123501,32,209,48,289
2123502,27,186,28,241
2123503,50,273,31,354
2123504,42,250,39,331
2123505,51,324,52,427
2123506,23,214,9,246
2123507,44,333,23,400
2123508,23,175,15,213
2123509,53,404,13,470
2123510,51,283,16,350
2123511,48,285,30,363
2123512,22,210,22,254
2123513,50,329,29,408
2123514,33,218,24,275
2123515,25,194,12,231
2123516,45,300,28,373
2123517,60,258,20,338
2123518,24,191,25,240
2123519,42,310,24,376
2123520,23,220,26,269
2123521,24,251,15,290
2123601,63,453,23,539
2123602,51,376,49,476
2123603,39,299,27,365
2123604,73,354,28,455
2123605,0,0,3,3
2123606,21,189,36,246
2123607,25,240,54,319
2123608,19,138,33,190
2123609,27,181,24,232
2123610,42,383,66,491
2123611,28,185,26,239
2123612,10,232,20,262
2123613,25,248,20,293
2123614,24,238,47,309
2123615,61,361,38,460
2123616,21,144,12,177
2123617,33,170,23,226
2123618,22,119,36,177
2123701,0,0,0,0
2123702,59,344,40,443
2123703,46,305,30,381
2123704,44,268,26,338
2123705,42,305,40,387
2123706,55,453,84,592
2123707,55,342,35,432
2123708,46,299,43,388
2123709,30,213,42,285
2123710,45,270,38,353
2123711,0,0,0,0
2123712,57,355,34,446
2123713,0,0,0,0
2123714,38,213,44,295
2123715,70,361,35,466
2123716,61,301,29,391
2123717,41,262,33,336
2123718,56,334,30,420
2123719,25,184,27,236
2123720,51,218,21,290
2123721,44,279,40,363
2123722,74,345,53,472
2123723,17,216,105,338
2123724,25,186,37,248
2123725,41,193,25,259
2123726,36,268,33,337
2123727,42,291,24,357
2123728,50,289,27,366
2123729,36,252,33,321
2123730,37,236,26,299
2123731,24,184,33,241
2123801,46,221,59,326
2123802,51,332,37,420
2123803,49,327,43,419
2123804,26,209,49,284
2123805,23,184,53,260
2123806,43,307,42,392
2123807,35,172,25,232
2123808,35,224,50,309
2123809,28,171,50,249
2123810,15,167,31,213
2123811,22,167,27,216
2123812,53,321,70,444
2123813,23,168,27,218
2123814,46,226,30,302
2123815,17,215,33,265
2123816,33,226,49,308
2123817,35,238,38,311
2123818,40,206,27,273
2123819,29,262,21,312
2123820,25,179,29,233
2123821,36,201,25,262
2123822,48,280,50,378
2123823,42,353,83,478
2123824,29,156,21,206
2123825,22,175,23,220
2123826,27,193,90,310
2123827,42,185,18,245
2123828,30,254,32,316
2123829,19,156,6,181
2123830,47,272,34,353
2123831,31,273,26,330
2123832,31,215,36,282
2123833,42,223,33,298
2123834,31,216,26,273
2123835,37,203,23,263
2123836,18,168,104,290
2123837,21,192,5,218
2123838,49,238,36,323
2123839,48,272,30,350
2123840,36,219,22,277
2123841,29,174,47,250
2123842,22,234,43,299
2123843,38,182,6,226
2123844,47,261,20,328
2123845,64,264,40,368
2123846,18,144,27,189
2123847,47,191,23,261
2123848,64,294,17,375
2123849,52,342,40,434
2123850,48,409,74,531
2123851,32,273,24,329
2123852,44,366,27,437
2123853,37,372,50,459
2123854,38,241,42,321
2123855,37,324,151,512
2123856,32,257,89,378
2123857,29,254,24,307
2123858,32,165,18,215
2123859,30,228,26,284
2123860,44,253,34,331
2123861,0,0,0,0
2123862,0,0,0,0
2123863,0,0,0,0
2123864,52,260,29,341
2123865,65,489,66,620
2123866,54,300,53,407
2123867,38,248,21,307
2123868,63,311,43,417
2123869,42,444,28,514
2123870,38,301,18,357
2123871,27,236,17,280
2123872,25,254,28,307
2123873,35,202,21,258
2123874,41,200,17,258
2123901,55,384,40,479
2123902,53,357,31,441
2123903,52,296,27,375
2123904,32,180,19,231
2123905,41,202,11,254
2123906,54,324,66,444
2123907,41,355,15,411
2123908,26,246,25,297
2123909,56,498,54,608
2123910,45,268,23,336
2123911,48,265,6,319
2123912,48,238,29,315
2123913,38,220,12,270
2123914,25,230,35,290
2123915,50,457,56,563
2123916,46,336,66,448
2123917,71,475,46,592
2123918,42,368,50,460
2123919,44,245,28,317
2123920,38,185,9,232
2123921,33,207,12,252
2123922,45,240,20,305
2123923,50,369,24,443
2123924,41,297,31,369
2123925,56,365,24,445
2123926,53,447,46,546
2123927,55,382,31,468
2123928,27,170,18,215
2123929,43,310,23,376
2123930,37,252,33,322
2123931,42,381,68,491
2123932,36,297,31,364
2123933,44,292,41,377
2123934,52,312,27,391
2123935,44,199,9,252
2123936,32,193,21,246
2123937,19,251,26,296
2123938,47,429,39,515
2123939,31,221,15,267
2123940,35,292,12,339
2123941,43,288,21,352
2123942,33,156,18,207
2123943,39,228,45,312
2123944,33,196,12,241
2123945,47,294,32,373
2123946,55,300,40,395
2123947,21,194,31,246
2124001,35,171,14,220
2124002,68,376,18,462
2124003,63,427,67,557
2124004,40,311,37,388
2124005,51,296,30,377
2124006,31,224,27,282
2124007,0,0,0,0
2124008,42,208,24,274
2124009,24,181,3,208
2124010,24,149,25,198
2124011,39,236,9,284
2124012,26,210,6,242
2124013,47,308,12,367
2124014,49,325,18,392
2124015,69,400,26,495
2124016,46,355,15,416
2124017,32,221,4,257
2124018,46,305,21,372
2124019,39,263,18,320
2124020,32,256,14,302
2124021,39,284,24,347
2124022,50,352,15,417
2124023,22,191,12,225
2124024,19,130,12,161
2124025,32,174,14,220
2124026,43,313,47,403
2124027,40,230,36,306
2124028,33,183,15,231
2124029,35,245,15,295
2124030,47,231,27,305
2124031,43,254,17,314
2124032,27,154,9,190
2124101,41,259,21,321
2124102,39,293,10,342
2124103,41,323,27,391
2124104,35,312,33,380
2124105,60,505,33,598
2124106,26,140,14,180
2124107,14,219,20,253
2124108,45,304,22,371
2124109,53,308,34,395
2124110,33,226,18,277
2124111,42,272,19,333
2124112,68,360,27,455
2124113,30,221,26,277
2124114,28,239,20,287
2124115,55,287,26,368
2124116,38,235,15,288
2124117,23,176,32,231
2124118,39,276,20,335
2124119,45,326,13,384
2124120,31,222,21,274
2124121,47,379,24,450
2124122,39,315,41,395
2124123,39,148,0,187
2124124,31,319,31,381
2124125,33,282,15,330
2124126,40,305,18,363
2124127,30,367,21,418
2124128,64,347,35,446
2124129,55,231,9,295
2124130,54,276,18,348
2124131,56,393,18,467
2124132,53,365,30,448
2124133,91,666,42,799
2124134,18,218,39,275
2124135,32,189,145,366
2124136,58,388,34,480
2124137,55,294,19,368
2124138,24,203,21,248
2124139,37,264,9,310
2124140,52,286,20,358
2124141,34,217,15,266
2124142,34,217,28,279
2124143,32,229,18,279
2124144,42,308,15,365
2124145,45,446,19,510
2124146,45,359,20,424
2124147,19,145,9,173
2124148,52,279,42,373
2124149,10,140,9,159
2124150,39,191,28,258
2124151,22,124,16,162
2124152,27,274,23,324
2124153,55,309,33,397
2124154,59,423,67,549
2124155,21,266,30,317
2124201,80,337,90,507
2124202,30,267,46,343
2124203,52,331,64,447
2124204,62,391,75,528
2124205,67,363,101,531
2124206,53,280,55,388
2124207,34,244,28,306
2124208,51,292,83,426
2124209,57,237,61,355
2124210,39,227,56,322
2124211,28,191,60,279
2124212,54,439,61,554
2124213,53,279,37,369
2124214,28,202,26,256
2124215,52,392,76,520
2124216,9,76,45,130
2124217,24,122,47,193
2124218,57,278,128,463
2124219,9,155,94,258
2124220,40,267,46,353
2124221,45,177,46,268
2124222,52,291,43,386
2124223,5,32,7,44
2124224,48,262,64,374
2124225,33,287,62,382
2124226,0,0,0,0
2124227,21,124,38,183
2124301,46,209,35,290
2124302,24,163,30,217
2124303,0,3,0,3
2124304,0,3,0,3
2124305,6,165,32,203
2124306,47,271,52,370
2124307,18,137,3,158
2124308,20,153,55,228
2124309,53,232,30,315
2124310,32,226,36,294
2124311,31,184,42,257
2124312,41,280,91,412
2124313,20,133,40,193
2124314,35,296,68,399
2124315,19,178,36,233
2124316,17,146,28,191
2124317,48,242,68,358
2124318,57,311,60,428
2124319,47,268,39,354
2124320,57,363,75,495
2124321,54,284,48,386
2124322,0,0,0,0
2124323,59,265,52,376
2124324,23,158,45,226
2124325,39,156,43,238
2124326,36,210,42,288
2124327,53,377,71,501
2124328,42,262,52,356
2124329,36,292,50,378
2124330,36,215,55,306
2124331,31,152,35,218
2124332,25,144,21,190
2124333,45,246,45,336
2124334,35,213,22,270
2124335,51,244,50,345
2124336,54,236,54,344
2124337,35,233,26,294
2124338,25,143,46,214
2124339,27,241,16,284
2124340,32,254,60,346
2124341,38,194,39,271
2124342,26,139,30,195
2124343,43,254,43,340
2124344,33,181,28,242
2124401,32,282,13,327
2124402,31,226,4,261
2124403,47,302,25,374
2124404,53,335,24,412
2124405,17,189,33,239
2124406,22,126,12,160
2124407,40,468,53,561
2124408,57,321,26,404
2124409,20,288,9,317
2124410,50,377,12,439
2124411,110,864,71,1045
2124412,40,240,13,293
2124413,9,112,24,145
2124414,40,384,33,457
2124415,48,363,32,443
2124416,63,347,23,433
2124417,12,188,20,220
2124418,24,259,34,317
2124419,30,164,39,233
2124420,32,284,31,347
2124421,23,228,37,288
2124422,26,218,23,267
2124423,42,331,19,392
2124424,38,312,31,381
2124425,27,179,28,234
2124426,24,205,3,232
2124427,27,198,13,238
2124428,40,263,32,335
2124429,50,326,43,419
2124430,28,208,19,255
2124431,42,257,31,330
2124432,27,401,30,458
2124433,35,334,16,385
2124434,49,333,15,397
2124435,25,252,9,286
2124436,37,290,33,360
2124437,42,318,16,376
2124438,51,431,42,524
2124439,17,233,31,281
2124440,57,409,31,497
2124441,35,310,26,371
2124442,41,356,34,431
2124443,78,515,68,661
2124444,28,347,37,412
2124445,44,299,28,371
2124446,42,167,21,230
2124447,32,188,12,232
2124448,21,183,21,225
2124449,443,3983,318,4744
2124450,35,417,30,482
2124451,58,375,22,455
2124452,27,173,31,231
2124453,45,228,33,306
2124454,36,166,17,219
2124455,26,257,21,304
2124456,16,191,9,216
2124457,21,230,15,266
2124458,32,240,19,291
2124459,13,150,21,184
2124460,26,189,8,223
2124461,22,159,17,198
2124462,27,166,18,211
2124501,51,338,43,432
2124502,59,284,27,370
2124503,32,224,3,259
2124504,35,172,41,248
2124505,55,259,34,348
2124506,38,270,13,321
2124507,26,224,53,303
2124508,64,287,49,400
2124509,27,169,30,226
2124510,30,235,16,281
2124511,24,187,28,239
2124512,21,184,37,242
2124513,40,266,28,334
2124514,55,335,38,428
2124515,41,231,24,296
2124516,30,194,14,238
2124517,38,198,18,254
2124518,40,294,34,368
2124519,44,237,15,296
2124520,28,132,10,170
2124521,32,161,8,201
2124522,25,130,6,161
2124523,60,384,18,462
2124524,51,223,26,300
2124525,18,224,18,260
2124526,34,385,34,453
2124527,38,154,14,206
2124528,61,387,59,507
2124529,47,257,22,326
2124530,59,422,24,505
2124531,52,367,35,454
2124532,52,310,40,402
2124533,49,200,26,275
2124534,0,0,0,0
2124535,0,0,0,0
2124536,0,0,0,0
2124537,0,3,0,3
2124538,44,217,32,293
2124539,52,345,23,420
2124540,35,331,38,404
2124541,61,319,41,421
2124542,39,347,9,395
2124543,59,316,25,400
2124544,18,119,12,149
2124545,13,164,21,198
2124546,53,367,22,442
2124547,23,175,23,221
2124548,49,277,31,357
2124601,51,369,24,444
2124602,73,379,6,458
2124603,43,304,14,361
2124604,38,249,20,307
2124605,49,239,16,304
2124606,42,298,26,366
2124607,44,249,15,308
2124608,22,216,18,256
2124609,51,296,27,374
2124610,66,340,9,415
2124611,50,297,12,359
2124612,43,281,18,342
2124613,18,173,18,209
2124614,46,314,18,378
2124615,63,354,31,448
2124616,30,209,11,250
2124617,42,392,7,441
2124618,42,179,11,232
2124619,48,217,8,273
2124620,33,228,25,286
2124621,42,181,22,245
2124622,31,208,4,243
2124623,31,202,22,255
2124624,39,227,9,275
2124625,45,382,32,459
2124626,66,540,15,621
2124627,35,230,11,276
2124628,31,245,17,293
2124629,30,193,6,229
2124701,53,286,44,383
2124702,32,234,25,291
2124703,44,329,30,403
2124704,62,356,56,474
2124705,52,234,57,343
2124706,63,356,47,466
2124707,27,162,14,203
2124708,57,293,27,377
2124709,52,284,38,374
2124710,57,260,20,337
2124711,50,341,23,414
2124712,44,257,21,322
2124713,50,352,41,443
2124714,47,323,39,409
2124715,50,363,48,461
2124716,45,257,54,356
2124717,33,260,42,335
2124718,36,271,40,347
2124719,41,223,19,283
2124720,41,254,38,333
2124721,53,308,28,389
2124722,58,340,40,438
2124723,54,343,23,420
2124724,62,379,56,497
2124725,55,385,51,491
2124726,47,276,19,342
2124727,52,302,27,381
2124728,31,259,25,315
2124729,16,130,18,164
2124730,19,142,10,171
2124801,12,61,46,119
2124901,53,292,8,353
2124902,38,279,31,348
2124903,63,357,24,444
2124904,41,245,33,319
2124905,29,264,23,316
2124906,34,246,41,321
2124907,39,300,56,395
2124908,48,459,50,557
2124909,0,19,0,19
2124910,41,247,21,309
2124911,33,274,27,334
2124912,54,466,33,553
2124913,54,261,7,322
2124914,33,197,18,248
2124915,26,225,23,274
2124916,36,248,38,322
2124917,24,153,16,193
2124918,47,327,70,444
2124919,20,168,41,229
2124920,26,318,60,404
2124921,42,320,27,389
2124922,22,221,39,282
2124923,42,243,39,324
2124924,39,233,35,307
2124925,37,240,27,304
2124926,40,295,32,367
2124927,42,239,25,306
2124928,40,305,33,378
2124929,30,220,16,266
2124930,29,172,11,212
2124931,13,159,6,178
2124932,46,264,42,352
2124933,36,318,28,382
2124934,32,270,23,325
2124935,0,0,3,3
2124936,22,159,22,203
2124937,33,165,15,213
2124938,37,209,30,276
2124939,34,259,24,317
2124940,18,202,50,270
2124941,25,212,21,258
2124942,26,191,9,226
2124943,37,280,24,341
2124944,33,252,44,329
2124945,42,252,24,318
2124946,9,163,6,178
2124947,38,187,17,242
2125001,39,313,16,368
2125002,47,236,27,310
2125003,42,305,43,390
2125004,49,351,27,427
2125005,46,268,36,350
2125006,44,252,41,337
2125007,37,402,48,487
2125008,0,10,0,10
2125009,52,359,25,436
2125010,40,290,33,363
2125011,66,287,33,386
2125012,23,186,31,240
2125013,29,227,26,282
2125014,50,278,15,343
2125015,21,134,18,173
2125016,25,172,15,212
2125017,0,4,6,10
2125018,27,205,34,266
2125019,0,0,0,0
2125101,18,136,3,157
2125102,39,275,27,341
2125103,37,246,15,298
2125104,31,269,21,321
2125105,49,423,31,503
2125106,54,371,44,469
2125107,55,417,49,521
2125108,19,168,7,194
2125109,43,392,24,459
2125110,24,228,53,305
2125111,34,223,41,298
2125112,64,478,25,567
2125113,24,297,9,330
2125114,62,409,43,514
2125115,26,275,14,315
2125116,51,263,27,341
2125117,22,195,9,226
2125118,55,414,21,490
2125119,22,209,14,245
2125120,52,464,39,555
2125121,27,209,19,255
2125122,3,4,0,7
2125123,22,181,23,226
2125124,24,283,33,340
2125125,30,250,21,301
2125126,29,175,3,207
2125127,15,203,18,236
2125128,31,228,15,274
2125201,0,7,0,7
2125202,48,344,22,414
2125203,33,215,9,257
2125204,44,367,32,443
2125205,29,195,21,245
2125206,18,239,27,284
2125207,53,226,13,292
2125208,75,381,41,497
2125209,36,233,3,272
2125210,52,340,30,422
2125211,36,269,17,322
2125212,46,338,24,408
2125213,50,343,16,409
2125214,36,381,19,436
2125215,37,309,24,370
2125216,56,427,33,516
2125217,65,393,29,487
2125218,38,276,25,339
2125219,49,312,37,398
2125220,50,333,118,501
2125221,30,289,21,340
2125222,37,324,14,375
2125223,38,245,13,296
2125224,46,303,25,374
2125225,44,308,30,382
2125226,41,309,13,363
2125227,41,274,18,333
2125228,50,325,20,395
2125229,67,360,37,464
2125230,26,205,31,262
2125231,46,470,77,593
2125232,26,265,24,315
2125233,37,286,18,341
2125234,17,218,18,253
2125235,38,288,37,363
2125236,24,245,4,273
2125237,34,295,85,414
2125238,44,376,31,451
2125239,43,360,21,424
2125240,41,344,31,416
2125241,29,160,15,204
2125242,49,280,25,354
2125243,65,360,35,460
2125244,40,277,9,326
2125245,80,518,25,623
2125246,38,222,24,284
2125247,14,192,23,229
2125248,39,311,14,364
2125249,24,179,17,220
2125250,53,319,15,387
2125251,0,0,0,0
2125252,19,137,15,171
2125253,33,206,28,267
2125254,22,203,9,234
2125255,36,288,37,361
2125256,22,214,21,257
2125257,38,236,7,281
2125258,21,158,24,203
2125259,26,247,19,292
2125260,17,192,11,220
2125261,21,151,6,178
2125301,31,233,19,283
2125302,33,282,15,330
2125303,34,266,13,313
2125304,35,407,13,455
2125305,30,195,13,238
2125306,47,307,16,370
2125307,49,370,13,432
2125308,42,335,33,410
2125309,45,397,22,464
2125310,34,232,16,282
2125311,49,352,27,428
2125312,30,263,10,303
2125313,31,288,19,338
2125314,39,280,21,340
2125315,65,404,26,495
2125316,48,359,20,427
2125317,54,266,21,341
2125318,28,183,15,226
2125319,49,371,26,446
2125320,56,322,30,408
2125321,29,262,30,321
2125322,68,347,31,446
2125323,49,435,30,514
2125324,30,188,16,234
2125325,74,391,35,500
2125326,29,250,15,294
2125327,45,398,30,473
2125328,25,200,21,246
2125329,40,238,16,294
2125330,46,274,9,329
2125331,31,312,21,364
2125332,44,357,31,432
2125333,48,337,23,408
2125334,26,309,14,349
2125335,29,316,11,356
2125336,59,313,15,387
2125337,51,229,18,298
2125338,38,289,24,351
2125339,15,192,15,222
2125340,34,191,16,241
2125341,59,366,21,446
2125342,39,358,21,418
2125343,34,392,21,447
2125344,33,284,18,335
2125345,49,336,26,411
2125346,44,385,41,470
2125347,22,177,12,211
2125348,33,234,11,278
2125349,23,171,15,209
2125350,34,250,18,302
2125351,41,378,39,458
2125352,40,246,15,301
2125353,29,293,26,348
2125354,46,344,19,409
2125355,40,356,33,429
2125356,22,173,9,204
2125357,21,177,12,210
2125358,39,424,45,508
2125359,39,207,21,267
2125360,60,436,46,542
2125361,24,298,9,331
2125362,36,304,24,364
2125363,49,358,20,427
2125364,32,196,10,238
2125365,0,0,0,0
2125401,31,281,17,329
2125402,41,315,24,380
2125403,50,394,28,472
2125404,24,200,27,251
2125405,40,276,21,337
2125406,47,322,28,397
2125407,0,3,0,3
2125408,53,317,21,391
2125409,27,336,9,372
2125410,25,304,10,339
2125411,41,295,18,354
2125412,22,166,7,195
2125413,52,424,25,501
2125414,44,327,22,393
2125415,40,270,29,339
2125416,64,441,16,521
2125417,28,233,18,279
2125418,0,6,3,9
2125419,48,376,18,442
2125420,43,307,17,367
2125421,43,308,12,363
2125422,46,369,29,444
2125423,19,224,6,249
2125424,37,303,10,350
2125425,57,281,15,353
2125426,0,0,0,0
2125427,0,0,0,0
2125428,39,196,3,238
2125429,37,349,10,396
2125430,33,337,30,400
2125431,62,363,29,454
2125432,30,193,9,232
2125433,26,166,7,199
2125434,29,217,12,258
2125501,37,271,17,325
2125502,37,208,15,260
2125503,45,322,15,382
2125504,67,596,28,691
2125505,49,284,24,357
2125506,30,354,22,406
2125507,31,321,7,359
2125508,16,215,3,234
2125509,12,159,11,182
2125510,24,277,8,309
2125511,13,142,9,164
2125512,47,424,34,505
2125513,34,278,14,326
2125514,35,247,12,294
2125515,18,246,9,273
2125601,31,171,5,207
2125602,28,211,27,266
2125603,17,274,13,304
2125604,21,196,9,226
2125605,48,352,36,436
2125606,29,256,6,291
2125607,0,0,0,0
2125608,38,409,15,462
2125609,34,303,15,352
2125610,12,215,8,235
2125611,27,242,4,273
2125612,47,294,13,354
2125613,25,274,25,324
2125614,12,220,9,241
2125615,16,150,9,175
2125616,42,375,24,441
2125617,15,161,3,179
2125618,32,295,8,335
2125619,50,375,21,446
2125620,42,314,10,366
2125621,63,378,3,444
2125622,45,417,15,477
2125623,35,194,36,265
2125624,52,342,22,416
2125625,35,288,19,342
2125626,39,366,15,420
2125627,46,363,15,424
2125628,13,164,10,187
2125629,57,383,27,467
2125630,32,351,13,396
2125631,25,208,0,233
2125632,41,340,27,408
2125633,45,295,30,370
2125634,23,179,10,212
2125635,42,341,22,405
2125636,18,174,5,197
2125637,24,233,12,269
2125638,12,249,6,267
2125639,22,163,0,185
2125701,0,0,0,0
2125702,40,315,12,367
2125703,52,406,29,487
2125704,52,384,13,449
2125705,29,268,19,316
2125706,37,290,12,339
2125707,27,280,0,307
2125708,22,343,6,371
2125709,33,246,3,282
2125710,36,291,13,340
2125711,32,306,15,353
2125712,44,320,13,377
2125713,10,145,15,170
2125714,43,368,17,428
2125715,32,216,6,254
2125716,37,251,12,300
2125717,28,230,32,290
2125718,32,316,16,364
2125719,30,225,24,279
2125801,0,0,0,0
2125802,0,11,0,11
2125803,32,351,18,401
2125804,37,219,11,267
2125805,56,360,24,440
2125806,39,275,20,334
2125807,34,406,15,455
2125808,0,0,0,0
2125809,37,256,30,323
2125810,24,285,23,332
2125811,33,199,21,253
2125812,34,290,17,341
2125813,41,332,24,397
2125814,30,309,15,354
2125815,31,305,20,356
2125816,41,310,22,373
2125817,30,285,24,339
2125818,15,173,3,191
2125819,38,310,14,362
2125820,21,165,10,196
2125821,29,209,15,253
2125822,37,312,18,367
2125823,44,252,24,320
2125824,51,402,13,466
2125825,14,200,19,233
2125826,41,317,19,377
2125827,32,234,19,285
2125828,31,259,24,314
2125901,21,338,14,373
2125902,25,152,14,191
2125903,37,244,9,290
2125904,37,217,11,265
2125905,33,234,18,285
2125906,50,325,22,397
2125907,46,317,9,372
2125908,36,285,26,347
2125909,48,375,24,447
2125910,27,227,16,270
2125911,58,287,9,354
2125912,44,383,7,434
2125913,48,379,14,441
2125914,37,247,12,296
2125915,47,289,28,364
2125916,0,0,0,0
2125917,17,135,3,155
2125918,38,233,12,283
2125919,30,231,3,264
2125920,31,214,11,256
2125921,26,186,18,230
2125922,43,320,17,380
2125923,50,309,24,383
2125924,29,272,30,331
2125925,31,227,18,276
2125926,47,212,8,267
2125927,49,315,31,395
2125928,15,165,21,201
2125929,22,406,22,450
2125930,31,340,10,381
2125931,49,293,13,355
2125932,24,217,12,253
2125933,39,255,14,308
2125934,23,161,15,199
2125935,40,237,22,299
2125936,48,340,16,404
2125937,32,202,10,244
2125938,17,152,6,175
2126001,0,0,0,0
2126002,29,222,11,262
2126003,0,9,0,9
2126004,31,260,19,310
2126005,35,307,30,372
2126006,3,24,0,27
2126007,64,411,6,481
2126008,35,257,3,295
2126009,45,239,6,290
2126010,50,282,11,343
2126011,34,293,16,343
2126012,22,167,3,192
2126013,41,417,8,466
2126014,60,303,22,385
2126015,36,285,25,346
2126016,46,313,21,380
2126017,19,214,12,245
2126018,41,276,15,332
2126019,32,319,24,375
2126020,28,207,12,247
2126021,40,376,36,452
2126022,33,321,24,378
2126023,66,320,24,410
2126024,12,174,37,223
2126025,18,226,9,253
2126026,45,360,39,444
2126027,35,293,7,335
2126028,39,234,4,277
2126029,47,301,14,362
2126030,30,242,9,281
2126031,29,251,21,301
2126032,39,239,9,287
2126033,41,283,14,338
2126034,21,321,3,345
2126035,46,334,26,406
2126036,31,246,18,295
2126037,24,177,23,224
2126038,43,355,24,422
2126039,32,418,45,495
2126040,34,225,16,275
2126041,36,292,30,358
2126042,50,316,12,378
2126043,32,245,3,280
2126044,41,315,16,372
2126045,40,238,12,290
2126046,41,251,25,317
2126047,34,235,9,278
2126101,47,321,19,387
2126102,70,340,26,436
2126103,74,451,34,559
2126104,55,361,13,429
2126105,43,254,15,312
2126106,48,286,10,344
2126107,30,188,7,225
2126108,71,414,43,528
2126109,35,386,49,470
2126110,24,195,12,231
2126111,45,281,8,334
2126112,44,299,19,362
2126113,23,198,3,224
2126114,34,226,24,284
2126115,21,171,17,209
2126116,48,363,15,426
2126117,31,255,0,286
2126118,37,276,26,339
2126119,30,247,15,292
2126120,24,162,6,192
2126121,51,333,18,402
2126122,26,141,3,170
2126123,20,143,3,166
2126124,45,182,7,234
2126125,54,350,19,423
2126126,32,245,18,295
2126127,61,383,10,454
2126128,33,234,19,286
2126129,38,296,43,377
2126130,44,326,12,382
2126131,33,294,12,339
2126132,37,226,12,275
2126133,54,368,40,462
2126134,37,214,20,271
2126135,36,194,12,242
2126136,28,121,15,164
2126137,34,168,12,214
2126138,32,251,6,289
2126139,37,244,22,303
2126201,20,188,6,214
2126202,23,159,8,190
2126203,38,243,0,281
2126204,35,298,21,354
2126205,42,241,22,305
2126206,31,151,3,185
2126207,27,178,3,208
2126208,42,262,10,314
2126209,21,157,20,198
2126210,42,353,20,415
2126211,20,278,16,314
2126212,23,120,6,149
2126213,26,254,9,289
2126214,40,203,18,261
2126215,26,222,12,260
2126216,25,204,7,236
2126217,32,198,3,233
2126218,17,138,13,168
2126219,31,137,5,173
2126220,27,205,9,241
2126221,33,241,0,274
2126222,22,154,6,182
2126223,31,151,3,185
2126224,47,253,23,323
2126225,35,206,16,257
2126226,19,155,12,186
2126227,34,269,24,327
2126228,50,226,17,293
2126229,27,184,10,221
2126230,40,165,12,217
2126231,27,197,11,235
2126232,34,200,14,248
2126301,52,343,21,416
2126302,49,344,26,419
2126303,22,292,26,340
2126304,12,158,4,174
2126305,24,194,24,242
2126306,39,258,11,308
2126307,44,258,15,317
2126308,26,207,16,249
2126309,30,272,13,315
2126310,15,176,9,200
2126311,57,344,22,423
2126312,25,246,12,283
2126313,19,167,3,189
2126314,18,215,4,237
2126315,29,235,18,282
2126316,29,198,12,239
2126317,38,394,13,445
2126318,43,356,24,423
2126319,58,426,28,512
2126320,35,285,25,345
2126321,15,180,24,219
2126322,39,214,6,259
2126323,53,355,29,437
2126324,28,270,20,318
2126325,47,281,35,363
2126326,37,289,134,460
2126327,0,3,0,3
2126328,0,0,0,0
2126329,30,258,23,311
2126330,58,332,24,414
2126401,21,187,27,235
2126402,0,0,0,0
2126403,46,283,26,355
2126404,36,267,21,324
2126405,30,295,6,331
2126406,34,254,13,301
2126407,52,334,26,412
2126408,33,193,7,233
2126409,54,358,24,436
2126410,37,306,23,366
2126411,28,217,19,264
2126412,25,184,9,218
2126413,47,310,18,375
2126414,43,267,10,320
2126415,43,299,17,359
2126416,15,130,18,163
2126417,64,429,21,514
2126418,25,188,6,219
2126419,53,339,14,406
2126420,84,363,12,459
2126421,21,143,18,182
2126422,30,201,13,244
2126423,48,316,41,405
2126424,61,312,15,388
2126425,43,281,26,350
2126426,40,219,7,266
2126427,53,386,27,466
2126428,31,211,10,252
2126429,32,250,18,300
2126430,0,0,0,0
2126431,56,346,30,432
2126432,36,320,28,384
2126433,33,258,42,333
2126434,66,429,28,523
2126435,71,462,39,572
2126436,23,230,27,280
2126437,42,325,32,399
2126438,23,310,27,360
2126439,24,195,20,239
2126440,19,210,21,250
2126441,39,308,33,380
2126442,23,145,15,183
2126443,20,149,6,175
2126444,34,207,22,263
2126445,21,165,25,211
2126446,44,297,11,352
2126447,42,417,30,489
2126448,39,261,3,303
2126449,43,389,27,459
2126450,39,208,12,259
2126451,17,180,18,215
2126452,49,243,5,297
2126453,29,226,12,267
2126454,30,218,20,268
2126455,27,232,23,282
2126456,30,196,14,240
2126457,39,352,49,440
2126458,32,267,20,319
2126459,54,369,49,472
2126460,21,258,27,306
2126461,44,292,25,361
2126462,34,306,14,354
2126463,40,273,31,344
2126464,39,216,6,261
2126465,31,171,8,210
2126466,20,148,99,267
2126467,26,200,19,245
2126468,17,222,16,255
2126469,43,274,19,336
2126470,14,201,12,227
2126471,57,409,45,511
2126472,34,164,12,210
2126473,54,343,13,410
2126474,36,300,29,365
2126475,41,282,7,330
2126476,37,273,40,350
2126477,52,287,4,343
2126501,53,303,33,389
2126502,16,323,24,363
2126503,32,232,3,267
2126504,32,252,13,297
2126505,33,292,9,334
2126506,41,317,14,372
2126507,50,258,21,329
2126508,40,309,18,367
2126509,38,344,24,406
2126510,46,283,0,329
2126511,49,338,7,394
2126512,52,362,26,440
2126513,50,401,24,475
2126514,48,340,11,399
2126515,43,373,27,443
2126516,33,169,3,205
2126517,50,287,17,354
2126518,44,234,9,287
2126519,61,340,23,424
2126520,53,368,25,446
2126521,22,173,9,204
2126522,13,147,12,172
2126523,59,356,7,422
2126524,54,296,22,372
2126525,33,285,12,330
2126526,25,197,12,234
2126527,39,207,15,261
2126528,22,239,19,280
2126529,39,342,19,400
2126530,42,202,6,250
2126531,30,329,14,373
2126532,25,274,11,310
2126533,31,268,20,319
2126534,26,233,18,277
2126535,42,284,3,329
2126536,20,190,6,216
2126537,41,231,7,279
2126538,22,144,12,178
2126539,50,259,6,315
2126540,17,143,6,166
2126541,22,306,38,366
2126542,17,161,16,194
2126543,32,207,23,262
2126544,47,360,11,418
2126601,32,166,10,208
2126602,22,195,5,222
2126603,0,6,0,6
2126604,0,5,0,5
2126605,0,0,0,0
2126606,31,392,30,453
2126607,46,346,27,419
2126608,60,285,24,369
2126609,31,164,13,208
2126610,0,0,0,0
2126611,23,211,15,249
2126612,15,266,22,303
2126613,25,162,11,198
2126614,30,327,22,379
2126615,39,220,23,282
2126616,8,38,0,46
2126617,34,321,21,376
2126618,40,323,24,387
2126619,26,265,33,324
2126620,17,184,21,222
2126621,27,253,15,295
2126622,46,290,34,370
2126623,43,277,20,340
2126624,24,175,3,202
2126625,30,285,17,332
2126626,26,184,9,219
2126627,33,221,12,266
2126628,16,80,4,100
2126629,0,0,0,0
2126630,41,232,14,287
2126631,44,236,7,287
2126632,52,413,18,483
2126633,34,189,18,241
2126634,31,178,20,229
2126635,50,345,17,412
2126636,19,247,21,287
2126637,20,242,21,283
2126638,40,416,24,480
2126639,32,199,10,241
2126640,49,257,31,337
2126641,50,342,12,404
2126642,25,229,16,270
2126643,52,367,26,445
2126644,49,372,25,446
2126645,35,254,13,302
2126646,65,356,18,439
2126647,25,184,19,228
2126648,31,273,6,310
2126701,39,280,6,325
2126702,72,335,20,427
2126703,59,299,32,390
2126704,38,275,15,328
2126705,27,256,5,288
2126706,40,311,22,373
2126707,63,369,29,461
2126708,33,213,10,256
2126709,43,387,22,452
2126710,29,217,12,258
2126711,34,353,26,413
2126712,46,327,22,395
2126713,31,280,21,332
2126714,63,304,14,381
2126715,39,199,7,245
2126716,38,219,22,279
2126717,22,176,18,216
2126718,49,359,18,426
2126719,46,311,32,389
2126720,31,291,23,345
2126721,46,333,24,403
2126722,34,239,9,282
2126723,13,132,0,145
2126724,45,280,50,375
2126725,40,264,25,329
2126726,38,259,37,334
2126727,43,365,35,443
2126728,24,185,15,224
2126729,32,233,13,278
2126730,31,225,7,263
2126731,41,203,21,265
2126732,43,389,24,456
2126733,66,320,27,413
2126734,42,233,19,294
2126735,44,316,24,384
2126736,54,279,23,356
2126737,48,370,13,431
2126738,24,165,15,204
2126739,44,313,21,378
2126740,41,263,13,317
2126741,31,169,18,218
2126742,17,221,32,270
2126743,41,426,26,493
2126744,41,222,22,285
2126745,31,221,12,264
2126746,23,159,7,189
2126747,27,208,3,238
2126801,13,214,7,234
2126802,36,228,11,275
2126803,42,201,18,261
2126804,46,283,18,347
2126805,53,384,6,443
2126806,31,309,18,358
2126807,50,335,3,388
2126808,59,440,29,528
2126809,46,287,24,357
2126810,43,236,12,291
2126811,45,281,18,344
2126812,31,258,20,309
2126813,37,197,12,246
2126814,27,194,6,227
2126815,41,321,37,399
2126816,56,385,17,458
2126817,47,364,25,436
2126818,43,322,18,383
2126819,28,222,0,250
2126820,37,256,9,302
2126821,59,262,3,324
2126822,23,145,9,177
2126823,10,141,3,154
2126901,48,351,28,427
2126902,60,302,15,377
2126903,27,286,30,343
2126904,33,242,26,301
2126905,40,295,15,350
2126906,38,383,24,445
2126907,60,365,14,439
2126908,42,341,26,409
2126909,31,225,19,275
2126910,39,246,28,313
2126911,42,461,25,528
2126912,36,291,27,354
2126913,19,177,6,202
2126914,41,262,12,315
2126915,22,172,168,362
2126916,36,317,23,376
2126917,59,381,27,467
2126918,29,249,10,288
2126919,45,268,24,337
2126920,44,363,21,428
2126921,68,419,27,514
2126922,46,393,30,469
2127001,51,382,21,454
2127002,47,372,25,444
2127003,32,206,8,246
2127004,63,391,10,464
2127005,52,297,12,361
2127006,34,275,24,333
2127007,32,309,17,358
2127008,34,226,24,284
2127009,42,309,23,374
2127010,49,377,33,459
2127011,61,362,19,442
2127012,53,396,21,470
2127013,40,295,12,347
2127014,40,330,21,391
2127015,32,212,25,269
2127016,47,292,16,355
2127017,17,228,28,273
2127018,40,230,25,295
2127019,39,276,31,346
2127020,24,221,24,269
2127021,18,151,3,172
2127022,25,191,18,234
2127023,44,302,25,371
2127024,61,353,25,439
2127025,41,361,29,431
2127026,38,266,32,336
2127027,42,230,13,285
2127028,24,220,10,254
2127029,35,242,18,295
2127030,27,129,15,171
2127031,19,180,13,212
2127032,39,267,21,327
2127033,15,161,19,195
2127034,33,274,14,321
2127035,26,209,16,251
2127036,0,0,0,0
2127037,26,220,18,264
2127038,18,176,4,198
2127039,0,3,0,3
2127040,0,0,0,0
2127101,0,0,0,0
2127102,45,277,16,338
2127103,66,356,21,443
2127104,25,192,21,238
2127105,31,418,14,463
2127106,41,311,19,371
2127107,18,225,18,261
2127108,38,259,21,318
2127109,46,374,14,434
2127110,33,230,26,289
2127111,37,280,28,345
2127112,40,214,6,260
2127113,51,331,33,415
2127114,15,141,15,171
2127115,23,201,18,242
2127116,63,396,27,486
2127117,38,297,13,348
2127118,38,216,19,273
2127119,46,252,31,329
2127120,21,167,17,205
2127121,44,362,9,415
2127122,41,238,19,298
2127123,42,418,60,520
2127124,27,248,48,323
2127125,14,121,19,154
2127126,40,406,28,474
2127127,29,200,6,235
2127128,13,159,33,205
2127129,0,3,0,3
2127201,41,208,9,258
2127202,35,211,15,261
2127203,39,225,6,270
2127204,41,358,31,430
2127205,57,420,20,497
2127206,56,272,15,343
2127207,37,220,14,271
2127208,28,217,12,257
2127209,39,262,19,320
2127210,31,229,10,270
2127211,50,290,8,348
2127212,26,254,6,286
2127213,61,337,21,419
2127214,23,352,21,396
2127215,59,368,24,451
2127216,49,319,20,388
2127217,40,310,6,356
2127218,39,271,21,331
2127219,49,313,10,372
2127220,26,197,21,244
2127221,43,247,15,305
2127222,26,198,15,239
2127223,41,245,15,301
2127224,22,205,15,242
2127225,6,89,6,101
2127301,39,222,6,267
2127302,31,240,15,286
2127303,37,212,22,271
2127304,28,270,10,308
2127305,48,307,27,382
2127306,29,302,17,348
2127307,49,349,26,424
2127308,28,151,33,212
2127309,46,223,12,281
2127310,25,261,18,304
2127311,23,192,9,224
2127312,32,250,36,318
2127313,53,322,17,392
2127314,46,305,20,371
2127315,45,225,24,294
2127316,54,287,12,353
2127317,27,251,15,293
2127318,26,194,16,236
2127319,31,247,14,292
2127320,40,241,15,296
2127321,55,326,18,399
2127322,28,302,12,342
2127323,43,384,18,445
2127324,44,341,28,413
2127325,32,280,12,324
2127326,36,251,12,299
2127327,40,159,3,202
2127328,48,274,18,340
2127329,54,333,7,394
2127330,52,251,6,309
2127401,25,164,15,204
2127402,49,268,18,335
2127403,24,200,6,230
2127404,49,256,17,322
2127405,43,297,31,371
2127406,39,331,18,388
2127407,21,188,8,217
2127408,29,236,9,274
2127409,16,196,16,228
2127410,23,147,7,177
2127411,22,184,6,212
2127412,60,337,32,429
2127413,22,149,15,186
2127414,31,236,18,285
2127415,18,122,18,158
2127416,44,306,19,369
2127417,17,124,9,150
2127418,42,249,26,317
2127419,12,152,16,180
2127420,26,228,21,275
2127421,32,204,27,263
2127422,39,242,24,305
2127423,36,169,12,217
2127424,17,157,8,182
2127425,37,198,9,244
2127426,18,106,12,136
2127427,14,171,9,194
2127428,34,183,15,232
2127429,35,216,4,255
2127430,50,349,24,423
2127431,21,164,6,191
2127501,38,285,24,347
2127502,42,333,15,390
2127503,42,299,23,364
2127504,29,263,18,310
2127505,46,384,30,460
2127506,39,333,19,391
2127507,32,282,9,323
2127508,23,137,6,166
2127509,0,0,0,0
2127510,46,345,26,417
2127511,48,273,17,338
2127512,30,249,14,293
2127513,48,307,44,399
2127514,30,244,15,289
2127515,70,331,39,440
2127516,0,0,0,0
2127517,39,303,17,359
2127518,49,323,29,401
2127519,47,245,35,327
2127520,32,228,9,269
2127521,35,232,9,276
2127522,20,208,9,237
2127523,17,187,4,208
2127524,12,164,25,201
2127525,34,200,12,246
2127601,31,124,7,162
2127602,43,217,9,269
2127603,45,363,34,442
2127604,60,236,15,311
2127605,33,214,21,268
2127606,35,276,14,325
2127607,53,274,35,362
2127608,43,212,18,273
2127609,40,304,31,375
2127610,65,382,34,481
2127611,41,181,28,250
2127612,33,179,42,254
2127613,41,338,41,420
2127614,53,349,34,436
2127615,0,0,0,0
2127616,28,335,9,372
2127617,22,209,12,243
2127618,44,234,26,304
2127619,38,200,33,271
2127620,48,380,30,458
2127621,22,166,10,198
2127622,35,182,24,241
2127623,19,162,17,198
2127624,27,166,7,200
2127625,33,281,21,335
2127626,27,288,26,341
2127627,44,363,19,426
2127628,38,223,20,281
2127629,16,141,7,164
2127630,23,121,15,159
2127631,22,243,12,277
2127632,54,291,36,381
2127633,32,198,21,251
2127634,26,212,9,247
2127635,48,249,40,337
2127701,33,210,18,261
2127702,53,362,18,433
2127703,38,362,33,433
2127704,50,359,39,448
2127705,55,356,17,428
2127706,48,270,6,324
2127707,32,210,4,246
2127708,65,417,32,514
2127709,28,230,12,270
2127710,47,226,25,298
2127711,14,173,6,193
2127712,32,299,36,367
2127713,77,357,40,474
2127714,34,340,25,399
2127715,0,0,0,0
2127716,57,398,50,505
2127717,30,232,31,293
2127718,52,272,36,360
2127719,32,464,50,546
2127720,36,239,22,297
2127801,14,154,12,180
2127802,3,60,3,66
2127803,38,213,18,269
2127804,26,226,24,276
2127805,27,175,26,228
2127806,41,311,20,372
2127807,27,287,22,336
2127808,24,172,18,214
2127809,48,362,25,435
2127810,44,220,12,276
2127811,21,139,4,164
2127812,23,157,0,180
2127813,27,202,20,249
2127814,24,208,18,250
2127815,52,310,21,383
2127816,34,264,24,322
2127817,22,185,13,220
2127818,55,374,18,447
2127819,34,268,15,317
2127820,60,359,12,431
2127821,3,10,0,13
2127822,38,395,47,480
2127823,39,314,31,384
2127824,45,229,16,290
2127825,44,356,39,439
2127826,43,318,15,376
2127827,42,249,23,314
2127828,32,241,27,300
2127829,36,323,20,379
2127830,35,400,47,482
2127831,49,337,29,415
2127832,51,267,24,342
2127833,28,294,18,340
2127834,47,393,32,472
2127835,39,284,12,335
2127836,39,215,18,272
2127837,23,252,57,332
2127838,3,0,0,3
2127839,32,301,16,349
2127840,26,207,30,263
2127841,31,276,6,313
2127842,29,220,7,256
2127843,25,209,22,256
2127844,15,172,9,196
2127845,28,197,8,233
2127846,66,422,32,520
2127847,33,379,18,430
2127901,53,343,24,420
2127902,23,152,3,178
2127903,46,244,15,305
2127904,66,374,25,465
2127905,62,379,40,481
2127906,33,234,20,287
2127907,47,284,14,345
2127908,25,196,12,233
2127909,34,308,21,363
2127910,37,240,15,292
2127911,36,245,12,293
2127912,18,185,6,209
2127913,60,295,31,386
2127914,17,190,9,216
2128001,38,283,13,334
2128002,51,262,30,343
2128003,31,208,18,257
2128004,30,253,10,293
2128005,35,198,15,248
2128006,37,226,17,280
2128007,40,265,108,413
2128008,27,239,138,404
2128009,41,273,19,333
2128010,39,221,12,272
2128011,24,166,9,199
2128012,45,430,39,514
2128013,44,294,21,359
2128014,29,249,14,292
2128015,34,162,7,203
2128016,36,244,23,303
2128017,22,178,6,206
2128018,19,138,12,169
2128101,58,387,22,467
2128102,28,227,23,278
2128103,21,111,15,147
2128104,35,259,16,310
2128105,46,224,30,300
2128106,52,324,40,416
2128107,36,181,34,251
2128108,20,280,6,306
2128109,28,273,9,310
2128110,49,405,17,471
2128111,40,314,15,369
2128112,38,281,11,330
2128113,39,400,29,468
2128114,35,256,9,300
2128115,56,350,9,415
2128116,39,328,12,379
2128117,43,395,25,463
2128118,32,343,31,406
2128119,51,302,16,369
2128120,61,359,9,429
2128121,44,334,11,389
2128122,20,174,13,207
2128123,52,366,32,450
2128124,47,356,35,438
2128125,43,262,13,318
2128126,59,282,11,352
2128127,52,350,13,415
2128128,48,364,25,437
2128129,41,324,20,385
2128130,42,319,19,380
2128131,61,346,24,431
2128132,43,346,20,409
2128133,39,275,22,336
2128134,29,270,27,326
2128135,20,134,9,163
2128136,53,219,29,301
2128137,29,174,3,206
2128138,36,312,11,359
2128139,37,189,9,235
2128140,23,256,9,288
2128141,50,335,24,409
2128142,53,366,7,426
2128143,24,171,4,199
2128144,54,309,20,383
2128145,45,420,41,506
2128146,41,286,21,348
2128147,20,188,19,227
2128201,53,310,21,384
2128202,27,178,27,232
2128203,38,266,9,313
2128204,35,172,11,218
2128205,53,254,13,320
2128206,22,139,6,167
2128207,35,140,0,175
2128208,38,170,18,226
2128209,43,253,6,302
2128210,38,167,24,229
2128211,42,226,12,280
2128212,32,274,19,325
2128213,29,211,13,253
2128214,35,263,17,315
2128215,48,330,25,403
2128216,33,242,15,290
2128217,0,16,0,16
2128218,43,275,23,341
2128219,41,263,18,322
2128220,48,398,25,471
2128221,21,105,15,141
2128222,55,318,7,380
2128223,63,311,31,405
2128224,38,233,10,281
2128225,25,150,12,187
2128226,33,144,9,186
2128227,0,0,0,0
2128228,31,204,21,256
2128229,0,0,0,0
2128230,0,8,0,8
2128231,3,0,0,3
2128232,57,323,14,394
2128301,42,194,15,251
2128302,45,280,21,346
2128303,28,164,12,204
2128304,41,204,19,264
2128305,24,252,15,291
2128306,70,392,32,494
2128307,31,183,12,226
2128308,28,208,6,242
2128309,41,302,16,359
2128310,36,200,17,253
2128311,41,346,16,403
2128312,33,230,0,263
2128313,46,252,24,322
2128314,35,239,10,284
2128315,33,207,6,246
2128316,43,216,23,282
2128317,36,307,18,361
2128318,25,173,10,208
2128319,28,249,15,292
2128320,36,235,21,292
2128321,37,199,13,249
2128322,23,184,4,211
2128323,37,167,16,220
2128324,28,244,12,284
2128325,36,209,16,261
2128326,19,131,5,155
2128401,20,195,21,236
2128402,38,250,15,303
2128403,37,261,30,328
2128404,40,267,21,328
2128405,39,259,18,316
2128406,21,169,12,202
2128407,22,149,9,180
2128408,51,237,30,318
2128409,26,165,7,198
2128410,46,271,31,348
2128411,52,257,24,333
2128412,33,227,3,263
2128413,53,322,10,385
2128414,15,171,12,198
2128415,35,245,15,295
2128416,45,264,13,322
2128417,54,264,22,340
2128418,18,142,12,172
2128419,27,286,35,348
2128420,73,455,58,586
2128421,28,236,31,295
2128422,32,239,10,281
2128423,46,321,37,404
2128424,32,227,12,271
2128425,19,140,6,165
2128426,24,229,21,274
2128427,26,134,16,176
2128501,20,115,18,153
2128502,14,112,5,131
2128503,43,164,3,210
2128504,28,229,12,269
2128505,26,193,21,240
2128506,27,158,18,203
2128507,17,225,20,262
2128508,30,157,13,200
2128509,35,269,14,318
2128510,25,119,15,159
2128511,29,236,19,284
2128512,12,105,6,123
2128513,8,106,18,132
2128514,17,141,12,170
2128515,24,166,21,211
2128516,27,247,28,302
2128517,24,160,18,202
2128518,16,151,12,179
2128519,28,183,10,221
2128520,34,192,17,243
2128521,22,184,22,228
2128522,39,198,11,248
2128523,28,140,5,173
2128524,37,305,12,354
2128525,40,255,19,314
2128526,39,188,13,240
2128601,13,104,0,117
2128602,38,202,11,251
2128603,25,252,23,300
2128604,27,271,24,322
2128605,38,218,40,296
2128606,31,172,31,234
2128607,36,152,24,212
2128608,19,176,27,222
2128609,0,0,0,0
2128610,32,226,33,291
2128611,49,289,21,359
2128612,36,195,23,254
2128613,21,214,19,254
2128614,29,285,33,347
2128615,32,295,22,349
2128616,28,233,12,273
2128617,41,243,29,313
2128618,69,297,27,393
2128619,21,120,6,147
2128620,24,203,23,250
2128621,37,207,27,271
2128622,17,173,17,207
2128623,20,169,15,204
2128624,51,391,40,482
2128625,21,132,14,167
2128626,21,147,18,186
2128627,45,241,45,331
2128628,38,221,36,295
2128629,32,344,58,434
2128630,38,236,26,300
2128631,39,278,28,345
2128632,25,155,20,200
2128633,24,148,8,180
2128634,50,236,30,316
2128635,16,120,41,177
2128636,29,123,6,158
2128637,26,113,7,146
2128638,15,187,22,224
2128639,30,188,15,233
2128640,11,170,9,190
2128641,13,87,12,112
2128642,53,307,31,391
2128643,25,241,23,289
2128644,32,192,18,242
2128645,0,0,0,0
2128646,21,138,19,178
2128647,31,170,7,208
2128648,26,136,15,177
2128649,37,200,42,279
2128650,16,163,3,182
2128651,16,157,36,209
2128652,23,191,15,229
2128653,0,0,0,0
2128701,40,348,21,409
2128702,36,272,15,323
2128703,34,284,26,344
2128704,92,744,46,882
2128705,32,309,9,350
2128706,38,235,12,285
2128707,44,382,4,430
2128708,47,274,30,351
2128709,55,410,28,493
2128710,25,155,15,195
2128711,36,310,12,358
2128712,41,299,29,369
2128713,29,241,21,291
2128714,42,324,64,430
2128715,6,154,9,169
2128716,16,127,24,167
2128717,45,244,19,308
2128801,37,221,30,288
2128802,20,158,18,196
2128803,31,133,3,167
2128804,30,208,12,250
2128805,34,210,12,256
2128806,15,168,9,192
2128807,38,209,27,274
2128808,51,360,24,435
2128809,42,312,15,369
2128810,44,201,5,250
2128811,42,310,21,373
2128812,46,260,26,332
2128813,52,420,37,509
2128814,46,273,33,352
2128815,33,203,23,259
2128816,49,331,26,406
2128817,36,190,22,248
2128818,41,181,14,236
2128819,18,188,17,223
2128820,28,203,27,258
2128821,29,129,4,162
2128822,30,185,8,223
2128823,29,133,9,171
2128901,0,21,4,25
2128902,43,264,6,313
2128903,18,158,6,182
2128904,35,367,12,414
2128905,43,346,12,401
2128906,22,216,6,244
2128907,26,171,28,225
2128908,23,240,18,281
2128909,64,338,32,434
2128910,53,327,38,418
2128911,31,231,15,277
2128912,48,247,13,308
2128913,13,121,15,149
2128914,37,327,36,400
2128915,8,60,0,68
2128916,48,230,18,296
2128917,40,196,15,251
2128918,53,350,22,425
2128919,10,106,0,116
2128920,36,214,24,274
2128921,48,270,13,331
2128922,29,201,22,252
2128923,14,174,9,197
2128924,23,119,3,145
2128925,46,291,33,370
2128926,40,250,37,327
2128927,27,260,21,308
2128928,31,272,26,329
2128929,35,307,21,363
2128930,15,178,21,214
2128931,19,189,7,215
2128932,53,263,10,326
2128933,12,131,12,155
2128934,52,287,19,358
2128935,40,223,26,289
2128936,57,279,46,382
2128937,40,283,33,356
2128938,20,260,23,303
2128939,0,6,0,6
2128940,15,137,9,161
2128941,12,128,6,146
2128942,21,214,31,266
2128943,28,225,18,271
2128944,21,186,6,213
2128945,42,280,24,346
2128946,0,0,0,0
2128947,29,172,26,227
2128948,39,218,4,261
2128949,19,105,6,130
2128950,26,146,9,181
2128951,36,211,13,260
2128952,15,177,24,216
2128953,43,338,38,419
2129001,59,504,32,595
2129002,50,311,21,382
2129003,25,130,15,170
2129004,35,197,23,255
2129005,55,350,36,441
2129006,19,162,12,193
2129007,54,303,24,381
2129008,19,163,6,188
2129009,39,255,31,325
2129010,44,191,20,255
2129011,40,300,29,369
2129012,46,210,16,272
2129013,14,177,13,204
2129014,24,143,27,194
2129015,42,310,41,393
2129016,15,129,12,156
2129017,38,307,24,369
2129101,106,773,47,926
2129102,54,639,52,745
2129103,60,456,29,545
2129104,37,325,15,377
2129105,38,392,18,448
2129106,65,605,31,701
2129107,61,340,30,431
2129108,32,201,33,266
2129109,44,292,36,372
2129110,44,281,24,349
2129111,36,252,21,309
2129112,0,6,0,6
2129113,12,178,30,220
2129114,24,308,40,372
2129115,38,283,42,363
2129116,43,289,22,354
2129117,38,301,31,370
2129118,50,276,15,341
2129119,24,181,12,217
2129120,126,1244,68,1438
2129121,42,288,30,360
2129201,31,373,29,433
2129202,71,801,61,933
2129203,90,944,76,1110
2129204,53,447,28,528
2129205,74,591,71,736
2129206,21,223,27,271
2129207,23,301,47,371
2129208,34,249,46,329
2129209,35,247,44,326
2129210,54,374,35,463
2129211,65,351,38,454
2129212,42,330,34,406
2129213,13,160,17,190
2129214,40,244,25,309
2129215,39,320,40,399
2129216,35,356,66,457
2129217,37,322,21,380
2129218,43,269,29,341
2129219,58,384,49,491
2129220,32,274,27,333
2129221,40,265,20,325
2129222,42,305,30,377
2129223,39,202,13,254
2129224,91,462,41,594
2129225,37,240,3,280
2129226,62,593,36,691
2129227,45,349,53,447
2129228,71,412,50,533
2129229,27,156,12,195
2129230,16,200,32,248
2129231,36,270,14,320
2129232,24,125,10,159
2129233,19,255,24,298
2129234,144,1331,64,1539
2129235,28,195,21,244
2129236,11,125,8,144
2129301,40,384,20,444
2129302,39,289,20,348
2129303,15,202,25,242
2129304,31,272,24,327
2129305,21,173,9,203
2129306,33,311,21,365
2129307,51,527,27,605
2129308,45,281,30,356
2129309,53,390,95,538
2129310,35,261,36,332
2129311,38,337,30,405
2129312,49,380,58,487
2129313,30,170,28,228
2129314,40,466,21,527
2129315,37,210,48,295
2129316,38,337,28,403
2129317,31,319,26,376
2129318,61,352,31,444
2129319,41,335,27,403
2129320,46,330,12,388
2129321,23,260,19,302
2129322,23,168,10,201
2129323,38,228,12,278
2129324,43,415,37,495
2129325,34,296,11,341
2129326,41,295,18,354
2129327,38,361,30,429
2129328,47,239,48,334
2129329,46,347,16,409
2129330,59,474,33,566
2129331,40,269,21,330
2129332,68,377,39,484
2129333,35,228,16,279
2129334,35,365,28,428
2129335,41,430,0,471
2129336,32,236,6,274
2129337,12,121,6,139
2129338,21,239,28,288
2129339,22,169,10,201
2129340,33,338,6,377
2129341,34,251,18,303
2129342,55,372,29,456
2129343,41,308,26,375
2129344,32,218,24,274
2129345,15,130,49,194
2129346,37,249,16,302
2129347,27,190,4,221
2129348,26,161,20,207
2129349,13,144,6,163
2129350,17,183,20,220
2129351,24,315,33,372
2129352,16,140,26,182
2129401,42,394,3,439
2129402,41,478,29,548
2129403,68,699,42,809
2129404,21,231,18,270
2129405,28,371,22,421
2129406,57,666,33,756
2129407,168,1803,76,2047
2129408,52,288,20,360
2129409,36,317,10,363
2129410,65,517,45,627
2129411,56,366,21,443
2129412,32,209,15,256
2129413,25,166,12,203
2129414,55,345,26,426
2129415,22,206,6,234
2129416,41,260,22,323
2129417,42,306,36,384
2129418,35,303,16,354
2129419,27,254,22,303
2129420,39,254,15,308
2129421,37,263,19,319
2129422,44,401,23,468
2129423,56,439,27,522
2129424,21,204,18,243
2129425,26,218,9,253
2129426,36,308,12,356
2129427,36,201,15,252
2129428,32,188,13,233
2129429,9,133,9,151
2129430,119,967,59,1145
2129431,53,405,30,488
2129432,40,358,24,422
2129433,20,166,7,193
2129434,41,193,9,243
2129435,21,154,12,187
2129436,47,525,20,592
2129437,0,0,0,0
2129438,47,455,34,536
2129501,20,132,25,177
2129502,0,0,0,0
2129503,0,0,0,0
2129504,43,190,25,258
2129505,46,298,20,364
2129506,46,425,56,527
2129507,21,185,30,236
2129508,39,296,63,398
2129509,0,3,3,6
2129510,70,411,69,550
2129511,28,191,47,266
2129512,47,362,53,462
2129513,27,332,42,401
2129514,23,197,19,239
2129515,50,319,51,420
2129516,43,193,54,290
2129517,29,212,57,298
2129518,30,285,60,375
2129519,39,250,46,335
2129520,37,238,44,319
2129521,44,253,61,358
2129522,30,215,37,282
2129523,39,217,44,300
2129524,44,283,33,360
2129525,51,384,75,510
2129526,45,306,106,457
2129601,47,233,15,295
2129602,22,115,29,166
2129603,22,161,20,203
2129604,21,219,17,257
2129605,20,266,27,313
2129606,14,195,14,223
2129607,44,321,9,374
2129608,0,0,0,0
2129609,0,0,0,0
2129610,15,223,14,252
2129611,68,409,20,497
2129612,48,295,9,352
2129613,20,141,8,169
2129614,26,164,3,193
2129615,41,263,33,337
2129616,33,296,31,360
2129617,41,399,15,455
2129618,43,339,35,417
2129619,23,119,22,164
2129620,41,318,19,378
2129621,41,274,18,333
2129622,39,324,13,376
2129623,24,190,5,219
2129624,55,448,16,519
2129625,50,367,34,451
2129626,43,284,29,356
2129627,42,323,33,398
2129628,30,290,22,342
2129629,25,207,25,257
2129630,29,147,17,193
2129631,31,212,24,267
2129632,23,207,14,244
2129633,28,224,26,278
2129634,42,247,23,312
2129635,24,224,9,257
2129636,45,305,23,373
2129637,23,279,20,322
2129638,30,290,30,350
2129639,28,328,37,393
2129640,52,276,26,354
2129641,26,298,21,345
2129642,54,296,34,384
2129643,43,318,39,400
2129644,52,349,44,445
2129645,49,414,25,488
2129646,25,162,29,216
2129647,55,368,62,485
2129648,27,359,3,389
2129649,21,129,15,165
2129650,33,221,8,262
2129651,43,277,9,329
2129652,43,215,32,290
2129653,17,161,15,193
2129654,28,221,16,265
2129655,26,226,30,282
2129656,29,257,10,296
2129657,42,258,20,320
2129658,34,239,10,283
2129659,46,287,4,337
2129660,29,236,11,276
2129661,25,215,13,253
2129662,21,187,7,215
2129663,20,192,20,232
2129664,39,244,21,304
2129665,30,211,16,257
2129666,23,124,9,156
2129667,36,258,21,315
2129668,32,159,27,218
2129669,39,235,29,303
2129701,50,277,20,347
2129702,23,203,14,240
2129703,48,266,11,325
2129704,42,329,21,392
2129705,42,409,23,474
2129706,27,274,24,325
2129707,17,207,12,236
2129708,27,322,26,375
2129709,38,427,37,502
2129710,28,252,39,319
2129711,42,213,9,264
2129712,29,232,18,279
2129713,19,344,21,384
2129714,55,314,11,380
2129715,37,266,36,339
2129716,48,286,34,368
2129717,42,236,34,312
2129718,34,285,30,349
2129719,33,276,22,331
2129720,0,3,0,3
2129721,56,259,53,368
2129722,30,276,30,336
2129723,24,219,3,246
2129724,28,207,9,244
2129725,28,179,28,235
2129726,21,168,18,207
2129801,43,232,32,307
2129802,29,279,22,330
2129803,25,246,27,298
2129804,30,260,27,317
2129805,32,279,12,323
2129806,32,190,25,247
2129807,16,183,17,216
2129808,42,372,32,446
2129809,23,223,9,255
2129810,20,335,25,380
2129811,21,307,19,347
2129812,42,371,26,439
2129813,31,198,18,247
2129814,47,313,26,386
2129815,40,336,23,399
2129816,27,232,7,266
2129817,27,129,12,168
2129818,38,354,33,425
2129819,16,127,9,152
2129820,23,192,6,221
2129821,36,371,54,461
2129822,48,228,28,304
2129823,0,0,0,0
2129824,32,323,19,374
2129825,48,291,21,360
2129826,29,306,34,369
2129827,36,295,24,355
2129828,44,248,18,310
2129829,48,347,12,407
2129830,50,213,10,273
2129831,31,263,27,321
2129832,0,0,0,0
2129833,38,219,19,276
2129834,33,299,29,361
2129835,32,297,15,344
2129836,49,289,31,369
2129837,61,380,30,471
2129838,26,239,28,293
2129839,55,361,36,452
2129840,42,394,46,482
2129841,36,227,21,284
2129842,14,210,12,236
2129843,42,330,10,382
2129844,28,289,31,348
2129845,42,315,28,385
2129846,34,344,22,400
2129847,0,0,0,0
2129848,45,313,21,379
2129849,38,368,15,421
2129850,60,415,21,496
2129851,20,246,26,292
2129852,27,238,16,281
2129853,14,178,57,249
2129854,31,271,31,333
2129855,30,177,25,232
2129856,35,193,18,246
2129857,28,291,25,344
2129858,19,150,10,179
2129859,22,176,22,220
2129860,47,382,28,457
2129861,38,120,6,164
2129862,16,215,27,258
2129863,22,169,9,200
2129864,28,211,7,246
2129865,32,195,17,244
2129901,32,258,18,308
2129902,19,162,17,198
2129903,35,247,9,291
2129904,50,236,15,301
2129905,20,162,12,194
2129906,41,227,16,284
2129907,50,315,33,398
2129908,39,207,42,288
2129909,41,253,20,314
2129910,46,320,6,372
2129911,55,390,25,470
2129912,34,250,4,288
2129913,33,301,20,354
2129914,38,406,21,465
2129915,38,374,31,443
2129916,19,163,24,206
2129917,23,151,12,186
2129918,19,187,12,218
2130001,19,205,6,230
2130002,26,254,22,302
2130003,46,301,24,371
2130004,48,356,36,440
2130005,30,269,25,324
2130006,38,181,18,237
2130007,33,258,27,318
2130008,36,336,30,402
2130009,38,248,19,305
2130010,50,364,32,446
2130011,59,473,68,600
2130012,90,703,45,838
2130013,14,199,16,229
2130014,169,1344,127,1640
2130015,42,403,52,497
2130016,16,188,26,230
2130017,33,260,24,317
2130018,27,292,38,357
2130019,34,214,50,298
2130020,44,403,77,524
2130021,39,313,35,387
2130022,22,171,12,205
2130023,42,229,27,298
2130024,32,273,33,338
2130025,52,337,37,426
2130026,45,275,48,368
2130027,32,238,20,290
2130028,45,317,27,389
2130029,37,224,15,276
2130030,14,161,11,186
2130031,17,181,29,227
2130032,39,209,30,278
2130033,42,367,44,453
2130034,44,264,33,341
2130035,21,109,15,145
2130036,0,0,0,0
2130037,13,140,4,157
2130038,41,268,21,330
2130039,42,221,29,292
2130040,36,210,46,292
2130101,23,144,12,179
2130102,47,285,31,363
2130103,34,275,30,339
2130104,47,396,36,479
2130105,22,182,18,222
2130106,59,516,68,643
2130107,75,1168,107,1350
2130108,39,231,32,302
2130109,40,286,23,349
2130110,29,255,12,296
2130111,35,309,25,369
2130112,118,1064,76,1258
2130201,33,280,15,328
2130202,29,204,8,241
2130203,58,379,27,464
2130204,37,310,32,379
2130205,23,181,15,219
2130206,18,198,22,238
2130207,30,264,39,333
2130208,31,196,19,246
2130209,43,273,18,334
2130210,18,152,3,173
2130211,37,270,25,332
2130212,41,379,32,452
2130213,170,1997,139,2306
2130214,34,273,18,325
2130215,31,231,30,292
2130216,46,352,50,448
2130217,46,246,19,311
2130218,0,0,0,0
2130219,31,281,36,348
2130220,42,301,19,362
2130221,11,175,19,205
2130222,27,220,15,262
2130223,38,272,31,341
2130224,38,188,12,238
2130225,36,280,27,343
2130226,61,525,37,623
2130227,43,425,42,510
2130228,23,250,30,303
2130301,29,240,11,280
2130302,45,344,18,407
2130303,33,214,15,262
2130304,106,1139,30,1275
2130305,13,151,10,174
2130306,54,351,18,423
2130307,46,248,25,319
2130308,44,348,38,430
2130309,60,302,38,400
2130310,25,148,10,183
2130311,34,195,13,242
2130312,25,150,13,188
2130313,24,254,16,294
2130314,52,350,142,544
2130401,29,341,17,387
2130402,14,190,8,212
2130403,21,184,20,225
2130404,44,301,14,359
2130405,43,290,30,363
2130406,33,238,45,316
2130407,27,249,24,300
2130408,45,350,35,430
2130409,24,403,31,458
2130410,75,632,46,753
2130411,12,80,18,110
2130412,36,260,18,314
2130413,27,168,32,227
2130414,22,266,22,310
2130415,57,554,57,668
2130416,19,192,21,232
2130417,19,126,10,155
2130418,25,143,8,176
2130419,22,138,11,171
2130420,16,165,11,192
2130501,20,233,19,272
2130502,38,319,31,388
2130503,45,386,56,487
2130504,26,158,12,196
2130505,62,432,33,527
2130506,38,321,34,393
2130507,41,220,15,276
2130508,25,217,17,259
2130509,56,453,61,570
2130510,30,271,43,344
2130511,42,424,36,502
2130512,33,227,30,290
2130513,44,320,29,393
2130514,7,152,16,175
2130515,67,461,33,561
2130516,36,295,21,352
2130517,55,318,21,394
2130518,45,315,33,393
2130519,45,265,34,344
2130520,42,318,49,409
2130521,53,387,45,485
2130522,19,173,13,205
2130523,32,294,41,367
2130524,42,303,31,376
2130525,37,255,28,320
2130526,0,3,0,3
2130527,37,389,41,467
2130528,27,228,23,278
2130529,42,418,52,512
2130530,40,304,49,393
2130531,50,343,49,442
2130532,39,296,26,361
2130533,23,202,48,273
2130534,18,142,14,174
2130535,36,292,49,377
2130536,26,395,66,487
2130537,46,401,28,475
2130538,51,390,44,485
2130539,35,318,40,393
2130540,48,280,21,349
2130541,32,246,35,313
2130542,63,455,31,549
2130543,82,666,62,810
2130544,22,176,18,216
2130545,68,435,39,542
2130546,27,213,15,255
2130547,28,260,35,323
2130548,30,235,39,304
2130601,32,463,33,528
2130602,22,226,15,263
2130603,21,293,21,335
2130604,328,3162,173,3663
2130605,36,240,17,293
2130606,31,275,15,321
2130607,47,356,29,432
2130608,57,372,25,454
2130609,0,0,0,0
2130610,84,883,143,1110
2130611,18,187,27,232
2130612,21,215,15,251
2130613,62,466,39,567
2130614,8,162,9,179
2130701,26,253,19,298
2130702,36,332,31,399
2130703,38,255,6,299
2130704,35,328,18,381
2130705,49,328,31,408
2130706,64,275,15,354
2130707,34,200,21,255
2130708,32,281,12,325
2130709,33,289,17,339
2130710,35,266,22,323
2130711,38,334,50,422
2130712,24,216,10,250
2130713,24,220,10,254
2130714,23,197,5,225
2130715,49,214,15,278
2130716,13,227,15,255
2130717,40,335,18,393
2130718,12,137,13,162
2130719,50,630,44,724
2130720,43,353,27,423
2130721,32,276,20,328
2130722,29,212,6,247
2130723,28,188,4,220
2130724,38,366,20,424
2130725,23,291,26,340
2130726,24,204,21,249
2130727,33,291,12,336
2130728,36,256,14,306
2130729,43,178,4,225
2130730,22,256,15,293
2130731,27,191,28,246
2130732,13,206,38,257
2130733,30,203,13,246
2130734,59,274,16,349
2130735,23,245,21,289
2130736,24,239,13,276
2130737,38,285,15,338
2130738,35,238,4,277
2130739,28,209,9,246
2130740,39,303,17,359
2130741,49,377,6,432
2130742,39,375,28,442
2130743,38,327,18,383
2130744,38,318,5,361
2130745,37,310,21,368
2130746,26,338,27,391
2130747,51,381,28,460
2130748,39,332,18,389
2130749,22,292,18,332
2130750,36,210,18,264
2130751,38,354,17,409
2130752,17,175,0,192
2130753,49,316,15,380
2130754,32,253,8,293
2130755,41,335,31,407
2130756,0,0,0,0
2130757,24,225,12,261
2130758,22,125,18,165
2130759,33,241,22,296
2130760,12,216,3,231
2130761,37,188,17,242
2130762,34,205,13,252
2130763,15,175,9,199
2130764,35,260,29,324
2130765,32,189,18,239
2130766,38,230,18,286
2130801,48,336,28,412
2130802,22,200,15,237
2130803,43,250,24,317
2130804,30,211,9,250
2130805,39,251,24,314
2130806,23,127,15,165
2130807,0,0,0,0
2130808,21,142,0,163
2130809,47,265,23,335
2130810,45,243,33,321
2130811,24,214,23,261
2130812,22,145,12,179
2130813,52,256,19,327
2130814,35,308,21,364
2130815,37,184,9,230
2130816,42,204,27,273
2130817,48,371,22,441
2130818,34,287,15,336
2130819,26,150,11,187
2130820,32,288,15,335
2130821,33,210,6,249
2130822,25,184,11,220
2130901,29,196,10,235
2130902,37,266,24,327
2130903,45,327,29,401
2130904,36,329,35,400
2130905,39,315,22,376
2130906,37,299,12,348
2130907,44,363,37,444
2130908,20,237,40,297
2130909,18,198,18,234
2130910,30,334,29,393
2130911,23,179,19,221
2130912,43,331,23,397
2130913,21,248,29,298
2130914,54,298,27,379
2130915,42,242,30,314
2130916,54,397,51,502
2130917,44,366,30,440
2130918,48,284,20,352
2130919,16,187,30,233
2130920,33,194,27,254
2130921,24,251,30,305
2130922,29,277,18,324
2130923,48,273,30,351
2130924,52,282,33,367
2130925,40,189,22,251
2130926,25,231,29,285
2130927,15,190,9,214
2130928,33,289,28,350
2130929,19,175,24,218
2130930,25,116,18,159
2130931,0,0,0,0
2130932,32,219,17,268
2131001,51,349,47,447
2131002,33,246,64,343
2131003,56,472,78,606
2131004,19,158,29,206
2131005,22,253,32,307
2131006,32,175,7,214
2131007,36,286,33,355
2131008,19,151,16,186
2131009,37,299,33,369
2131010,38,294,37,369
2131011,33,567,52,652
2131012,20,339,49,408
2131013,30,211,29,270
2131014,23,294,30,347
2131015,24,252,32,308
2131016,26,263,26,315
2131017,37,334,40,411
2131018,32,207,6,245
2131019,54,384,36,474
2131020,48,415,40,503
2131021,0,3,3,6
2131022,31,211,32,274
2131023,56,381,21,458
2131024,57,307,23,387
2131025,37,297,34,368
2131026,42,258,31,331
2131027,0,0,0,0
2131028,19,161,34,214
2131029,0,18,0,18
2131030,52,384,41,477
2131101,45,293,36,374
2131102,24,211,27,262
2131103,46,218,46,310
2131104,23,139,25,187
2131105,47,254,36,337
2131106,46,270,41,357
2131107,40,332,58,430
2131108,40,231,39,310
2131109,28,253,58,339
2131110,28,210,50,288
2131111,41,283,54,378
2131112,26,252,53,331
2131113,43,311,86,440
2131114,30,203,57,290
2131115,40,398,81,519
2131116,3,9,0,12
2131117,43,265,58,366
2131118,21,176,41,238
2131119,24,268,50,342
2131120,39,310,41,390
2131121,35,338,45,418
2131122,37,210,22,269
2131123,18,210,36,264
2131124,57,379,55,491
2131125,38,295,59,392
2131126,40,308,58,406
2131127,53,348,49,450
2131128,36,262,32,330
2131129,41,343,57,441
2131130,30,263,30,323
2131131,30,182,31,243
2131132,60,443,81,584
2131133,26,199,24,249
2131134,46,247,44,337
2131135,37,237,39,313
2131136,24,237,47,308
2131137,21,154,20,195
2131138,32,224,29,285
2131139,38,268,34,340
2131140,46,361,53,460
2131141,4,227,19,250
2131142,40,344,62,446
2131143,43,366,65,474
2131144,27,201,28,256
2131145,58,334,71,463
2131146,62,390,52,504
2131147,36,236,32,304
2131148,52,258,51,361
2131149,30,238,54,322
2131150,60,369,84,513
2131151,34,274,39,347
2131152,74,359,32,465
2131153,26,235,52,313
2131154,30,248,52,330
2131155,18,70,22,110
2131156,27,254,33,314
2131157,19,262,35,316
2131158,35,194,40,269
2131159,37,288,26,351
2131160,15,147,91,253
2131161,23,176,30,229
2131162,30,212,20,262
2131201,27,184,32,243
2131202,45,326,31,402
2131203,29,263,34,326
2131204,31,234,22,287
2131205,57,371,31,459
2131206,40,289,37,366
2131207,48,344,31,423
2131208,24,211,29,264
2131209,27,175,12,214
2131210,24,300,23,347
2131211,16,219,28,263
2131212,29,262,28,319
2131213,38,254,27,319
2131214,47,337,34,418
2131215,25,125,15,165
2131216,35,430,15,480
2131217,29,157,21,207
2131218,43,220,24,287
2131219,34,233,54,321
2131220,33,223,50,306
2131221,45,235,35,315
2131222,39,193,34,266
2131223,55,298,43,396
2131224,36,207,33,276
2131225,52,334,64,450
2131226,28,259,40,327
2131227,68,342,66,476
2131228,40,200,32,272
2131229,45,354,67,466
2131230,18,201,39,258
2131231,30,178,16,224
2131232,46,189,61,296
2131233,81,403,30,514
2131234,23,229,21,273
2131235,34,191,31,256
2131236,58,358,45,461
2131237,41,288,49,378
2131238,48,292,25,365
2131239,21,150,10,181
2131240,0,0,0,0
2131241,24,186,15,225
2131242,58,389,23,470
2131243,30,226,16,272
2131244,23,306,38,367
2131245,29,272,26,327
2131246,55,332,42,429
2131247,73,359,41,473
2131248,56,243,20,319
2131249,47,344,20,411
2131250,36,218,25,279
2131251,33,349,18,400
2131252,47,258,24,329
2131253,22,230,24,276
2131254,24,155,23,202
2131255,24,164,21,209
2131301,20,187,22,229
2131302,42,273,15,330
2131303,33,234,15,282
2131304,35,202,24,261
2131305,34,187,15,236
2131306,37,246,17,300
2131307,46,328,15,389
2131308,33,262,13,308
2131309,3,29,7,39
2131310,80,440,31,551
2131311,44,323,19,386
2131312,65,338,13,416
2131313,32,336,38,406
2131314,33,263,18,314
2131315,46,247,19,312
2131316,29,264,15,308
2131317,41,203,6,250
2131318,66,354,24,444
2131319,45,279,18,342
2131320,43,381,18,442
2131321,41,215,3,259
2131322,51,281,12,344
2131323,47,305,12,364
2131324,26,181,6,213
2131325,38,319,38,395
2131326,20,202,22,244
2131401,56,399,28,483
2131402,125,922,94,1141
2131403,67,532,82,681
2131404,44,488,27,559
2131405,47,458,38,543
2131406,22,257,38,317
2131407,34,213,39,286
2131408,31,457,38,526
2131409,14,103,15,132
2131410,16,157,20,193
2131411,45,372,23,440
2131412,23,190,13,226
2131413,29,230,36,295
2131414,23,181,25,229
2131415,49,341,33,423
2131416,19,171,11,201
2131417,22,261,20,303
2131418,36,256,27,319
2131419,51,339,36,426
2131420,23,237,31,291
2131421,13,130,21,164
2131422,35,289,23,347
2131423,0,6,0,6
2131424,0,3,0,3
2131425,24,256,38,318
2131426,54,377,35,466
2131427,48,307,34,389
2131428,46,332,27,405
2131429,32,267,18,317
2131430,13,177,6,196
2131431,26,243,19,288
2131432,30,196,45,271
2131433,54,352,31,437
2131434,26,226,21,273
2131435,29,278,28,335
2131436,40,255,36,331
2131437,42,333,26,401
2131438,35,297,29,361
2131439,42,287,26,355
2131440,70,317,21,408
2131441,27,188,28,243
2131442,28,281,31,340
2131443,28,239,50,317
2131444,45,323,34,402
2131445,34,290,31,355
2131446,21,354,30,405
2131501,34,273,31,338
2131502,13,218,38,269
2131503,35,433,53,521
2131504,22,244,15,281
2131505,21,171,21,213
2131506,28,378,36,442
2131507,37,210,21,268
2131508,44,294,52,390
2131509,15,173,11,199
2131510,62,430,47,539
2131511,28,322,36,386
2131512,20,183,27,230
2131513,51,391,47,489
2131514,34,274,22,330
2131515,37,258,24,319
2131516,29,212,15,256
2131517,43,277,44,364
2131518,47,351,41,439
2131519,54,374,43,471
2131520,23,307,19,349
2131521,39,236,15,290
2131522,43,333,62,438
2131523,28,381,25,434
2131524,50,389,31,470
2131525,36,334,57,427
2131526,45,410,51,506
2131527,34,271,27,332
2131528,40,323,38,401
2131529,57,296,48,401
2131530,61,344,28,433
2131531,38,338,43,419
2131532,44,376,47,467
2131533,54,468,66,588
2131534,35,341,22,398
2131535,52,441,51,544
2131536,57,366,30,453
2131537,49,357,63,469
2131538,44,288,47,379
2131539,39,324,28,391
2131540,49,381,48,478
2131541,49,371,68,488
2131542,38,303,23,364
2131543,44,458,71,573
2131544,20,167,23,210
2131545,46,346,28,420
2131546,55,408,63,526
2131547,25,281,35,341
2131548,41,359,47,447
2131549,29,191,18,238
2131550,45,375,25,445
2131551,42,393,102,537
2131552,31,429,32,492
2131553,33,268,26,327
2131554,32,275,42,349
2131555,32,263,42,337
2131556,56,459,47,562
2131557,36,414,70,520
2131558,56,362,48,466
2131601,28,174,28,230
2131602,25,218,23,266
2131603,44,349,45,438
2131604,31,208,25,264
2131605,28,230,58,316
2131606,31,208,24,263
2131607,66,378,32,476
2131608,30,286,27,343
2131609,38,286,32,356
2131610,55,434,42,531
2131611,43,340,41,424
2131612,56,302,24,382
2131613,54,346,17,417
2131614,37,308,37,382
2131615,24,138,15,177
2131616,21,283,26,330
2131617,63,371,25,459
2131618,0,0,0,0
2131701,17,146,29,192
2131702,24,224,27,275
2131703,35,312,30,377
2131704,20,182,25,227
2131705,17,183,16,216
2131706,22,235,58,315
2131707,24,186,36,246
2131708,32,411,85,528
2131709,46,328,29,403
2131710,37,288,39,364
2131711,25,254,25,304
2131712,39,367,55,461
2131713,26,268,53,347
2131714,29,340,39,408
2131715,35,204,36,275
2131716,50,385,29,464
2131717,31,330,28,389
2131718,32,227,34,293
2131719,43,356,50,449
2131720,55,352,62,469
2131721,12,213,36,261
2131722,45,251,21,317
2131723,50,389,63,502
2131724,49,315,30,394
2131725,35,230,47,312
2131726,31,228,18,277
2131727,46,304,41,391
2131728,35,243,25,303
2131729,15,140,17,172
2131730,38,338,57,433
2131731,0,0,3,3
2131732,26,391,34,451
2131733,0,0,0,0
2131734,33,343,24,400
2131735,35,341,45,421
2131736,35,329,36,400
2131737,38,278,35,351
2131738,32,265,19,316
2131739,37,239,21,297
2131740,65,361,14,440
2131741,40,434,44,518
2131742,34,271,29,334
2131743,52,325,55,432
2131744,0,0,0,0
2131745,33,253,46,332
2131746,46,319,45,410
2131747,39,336,47,422
2131748,45,277,24,346
2131749,28,202,28,258
2131801,46,297,30,373
2131802,43,264,27,334
2131803,30,279,17,326
2131804,38,329,40,407
2131805,49,397,28,474
2131806,26,462,33,521
2131807,46,343,36,425
2131808,36,337,37,410
2131809,19,204,27,250
2131810,25,211,12,248
2131811,36,381,44,461
2131812,37,284,29,350
2131813,40,376,34,450
2131814,17,267,39,323
2131815,37,182,30,249
2131816,27,373,64,464
2131817,33,178,28,239
2131818,51,302,50,403
2131819,47,310,41,398
2131820,43,246,28,317
2131821,53,436,53,542
2131822,45,386,24,455
2131823,25,309,31,365
2131824,43,330,27,400
2131825,34,337,45,416
2131826,16,204,25,245
2131901,45,239,26,310
2131902,20,268,22,310
2131903,40,311,35,386
2131904,40,485,24,549
2131905,60,345,18,423
2131906,28,274,31,333
2131907,31,252,16,299
2131908,46,280,24,350
2131909,30,281,30,341
2131910,43,208,28,279
2131911,61,341,40,442
2131912,45,223,6,274
2131913,28,214,9,251
2131914,44,399,32,475
2131915,37,288,27,352
2131916,45,289,6,340
2131917,50,290,30,370
2131918,42,178,32,252
2131919,58,367,22,447
2131920,34,245,30,309
2131921,40,411,58,509
2131922,38,365,32,435
2131923,33,291,47,371
2131924,54,324,48,426
2131925,34,220,27,281
2131926,37,231,20,288
2131927,37,292,17,346
2131928,26,213,25,264
2131929,34,402,53,489
2131930,20,171,13,204
2131931,78,496,33,607
2131932,31,179,15,225
2131933,37,312,31,380
2131934,32,195,15,242
2131935,46,355,49,450
2131936,37,236,27,300
2131937,35,295,21,351
2131938,0,0,0,0
2131939,49,255,35,339
2132001,20,495,59,574
2132002,19,757,27,803
2132003,27,307,31,365
2132004,38,491,46,575
2132005,27,427,7,461
2132006,45,295,28,368
2132007,0,0,0,0
2132008,41,330,29,400
2132009,27,189,22,238
2132010,32,233,15,280
2132011,26,193,20,239
2132012,48,454,29,531
2132013,37,355,67,459
2132014,34,432,54,520
2132015,34,304,45,383
2132016,31,260,12,303
2132017,40,388,29,457
2132018,28,255,31,314
2132019,26,228,8,262
2132020,30,486,63,579
2132021,24,294,36,354
2132022,22,323,17,362
2132023,8,178,12,198
2132024,20,352,44,416
2132025,27,403,43,473
2132026,33,370,58,461
2132027,21,233,18,272
2132028,26,572,59,657
2132029,33,308,37,378
2132030,25,379,34,438
2132031,41,406,40,487
2132032,33,476,25,534
2132033,18,259,19,296
2132034,40,682,155,877
2132035,44,387,41,472
2132036,27,246,30,303
2132037,26,375,29,430
2132038,27,317,42,386
2132101,46,424,31,501
2132102,26,215,10,251
2132103,58,316,22,396
2132104,45,263,35,343
2132105,57,339,40,436
2132106,29,146,29,204
2132107,24,215,31,270
2132108,40,268,18,326
2132109,46,333,36,415
2132110,55,403,58,516
2132111,30,317,13,360
2132112,33,307,12,352
2132113,42,334,9,385
2132114,59,358,38,455
2132115,75,353,30,458
2132116,19,162,15,196
2132117,51,368,13,432
2132118,38,253,9,300
2132119,21,228,18,267
2132120,42,291,21,354
2132121,67,368,23,458
2132122,30,287,21,338
2132123,33,189,15,237
2132124,47,268,30,345
2132125,37,303,23,363
2132126,14,210,12,236
2132127,40,368,22,430
2132128,52,259,9,320
2132129,25,247,21,293
2132130,69,354,27,450
2132131,44,328,15,387
2132132,32,269,23,324
2132133,20,157,26,203
2132134,41,236,15,292
2132135,44,254,4,302
2132136,22,141,9,172
2132137,38,274,13,325
2132138,40,366,25,431
2132139,24,160,0,184
2132140,24,135,6,165
2132141,31,346,12,389
2132142,47,293,9,349
2132143,14,154,10,178
2132144,31,237,9,277
2132145,47,283,59,389
2132146,26,263,9,298
2132147,40,277,6,323
2132148,33,196,19,248
2132149,19,177,9,205
2132150,15,208,33,256
2132151,36,234,9,279
2132152,22,204,15,241
2132153,32,215,18,265
2132154,27,217,12,256
2132201,32,314,20,366
2132202,36,299,33,368
2132203,31,225,28,284
2132204,34,264,19,317
2132205,22,163,9,194
2132206,29,254,15,298
2132207,32,205,13,250
2132208,39,230,165,434
2132209,24,184,4,212
2132210,29,218,16,263
2132211,34,194,5,233
2132212,51,299,22,372
2132213,32,242,25,299
2132214,29,273,21,323
2132215,12,289,46,347
2132216,29,201,26,256
2132217,27,188,26,241
2132218,24,322,17,363
2132219,48,255,26,329
2132220,32,263,25,320
2132221,25,353,23,401
2132222,22,219,3,244
2132223,36,296,41,373
2132224,27,241,18,286
2132225,46,468,47,561
2132226,15,133,15,163
2132227,38,319,31,388
2132228,24,231,12,267
2132229,29,283,36,348
2132230,40,311,36,387
2132231,44,258,31,333
2132232,41,336,35,412
2132233,46,368,26,440
2132234,28,279,12,319
2132235,21,188,20,229
2132236,30,181,15,226
2132237,23,144,3,170
2132238,22,196,9,227
2132239,49,420,34,503
2132240,26,226,25,277
2132241,25,255,14,294
2132242,45,181,12,238
2132243,40,274,15,329
2132244,33,208,18,259
2132245,20,180,0,200
2132246,26,260,21,307
2132247,0,0,0,0
2132248,25,214,10,249
2132249,23,177,4,204
2132250,41,243,6,290
2132251,30,253,21,304
2132252,30,247,15,292
2132301,45,311,21,377
2132302,59,302,15,376
2132303,30,179,0,209
2132304,27,173,12,212
2132305,43,299,26,368
2132306,49,329,18,396
2132307,37,338,8,383
2132308,33,362,30,425
2132309,49,273,16,338
2132310,47,339,22,408
2132311,38,333,10,381
2132312,0,0,0,0
2132313,51,320,10,381
2132314,47,364,21,432
2132315,13,158,15,186
2132316,35,247,21,303
2132317,45,298,19,362
2132318,57,342,23,422
2132319,54,330,18,402
2132320,43,242,15,300
2132321,32,214,33,279
2132322,49,274,42,365
2132323,35,260,3,298
2132324,41,328,34,403
2132325,44,237,18,299
2132326,52,311,34,397
2132327,35,327,20,382
2132328,61,413,26,500
2132329,53,292,25,370
2132330,61,345,22,428
2132331,57,355,53,465
2132332,36,290,20,346
2132333,34,289,19,342
2132334,31,279,9,319
2132335,21,205,6,232
2132336,21,161,24,206
2132337,31,170,12,213
2132401,18,158,14,190
2132402,61,404,28,493
2132403,56,280,21,357
2132404,75,422,28,525
2132405,9,166,12,187
2132406,50,381,51,482
2132407,42,308,19,369
2132408,39,257,24,320
2132409,62,401,20,483
2132410,0,0,3,3
2132411,54,464,32,550
2132412,29,255,14,298
2132413,22,216,16,254
2132414,37,296,13,346
2132415,42,186,7,235
2132416,48,405,24,477
2132417,58,417,23,498
2132418,30,259,15,304
2132419,47,443,25,515
2132420,62,335,32,429
2132421,67,431,29,527
2132422,30,218,12,260
2132423,42,344,10,396
2132424,39,254,15,308
2132425,46,318,12,376
2132426,32,234,18,284
2132427,47,286,35,368
2132428,33,242,30,305
2132429,40,205,3,248
2132430,12,156,3,171
2132431,36,413,12,461
2132432,47,315,31,393
2132433,30,267,13,310
2132434,34,199,15,248
2132435,62,451,39,552
2132436,41,301,18,360
2132437,33,251,16,300
2132438,29,311,25,365
2132439,45,357,15,417
2132440,50,301,9,360
2132441,0,0,0,0
2132501,24,159,12,195
2132502,48,410,18,476
2132503,53,349,26,428
2132504,70,401,35,506
2132505,47,398,29,474
2132506,22,238,24,284
2132507,43,266,30,339
2132508,42,240,7,289
2132509,39,293,23,355
2132510,37,251,9,297
2132511,41,253,18,312
2132512,38,264,12,314
2132513,38,294,26,358
2132514,0,3,0,3
2132515,41,262,18,321
2132516,56,307,27,390
2132517,54,515,26,595
2132518,20,238,30,288
2132519,53,311,20,384
2132520,36,221,21,278
2132521,0,4,0,4
2132522,49,298,42,389
2132523,51,358,20,429
2132524,75,892,64,1031
2132525,54,369,31,454
2132526,40,276,15,331
2132527,66,393,34,493
2132528,29,446,28,503
2132529,39,332,34,405
2132530,45,294,21,360
2132531,27,152,21,200
2132532,32,209,101,342
2132533,18,123,98,239
2132534,44,311,10,365
2132535,23,211,24,258
2132536,24,256,9,289
2132537,38,275,23,336
2132538,31,268,18,317
2132539,24,157,12,193
2132540,44,216,14,274
2132541,58,328,22,408
2132542,41,211,15,267
2132543,0,0,0,0
2132601,25,190,12,227
2132602,32,339,22,393
2132603,21,194,14,229
2132604,0,0,0,0
2132605,61,405,45,511
2132606,62,303,26,391
2132607,30,271,31,332
2132608,34,301,6,341
2132609,44,368,38,450
2132610,15,257,25,297
2132611,64,398,31,493
2132612,37,274,21,332
2132613,38,301,28,367
2132614,39,273,28,340
2132615,40,421,31,492
2132616,52,339,27,418
2132617,39,250,14,303
2132618,46,291,28,365
2132619,44,429,37,510
2132620,34,234,12,280
2132621,34,258,15,307
2132622,63,382,30,475
2132623,25,189,16,230
2132624,34,208,14,256
2132625,31,225,24,280
2132626,49,377,31,457
2132627,40,365,41,446
2132628,32,210,29,271
2132629,73,418,33,524
2132630,24,323,13,360
2132631,74,454,18,546
2132632,22,305,21,348
2132633,17,203,4,224
2132634,6,120,10,136
2132635,42,275,19,336
2132636,31,344,37,412
2132637,55,309,39,403
2132638,56,315,45,416
2132639,63,335,20,418
2132640,3,3,0,6
2132641,6,61,11,78
2132642,35,240,22,297
2132643,17,198,23,238
2132644,28,184,15,227
2132645,0,0,0,0
2132646,27,196,12,235
2132647,21,240,16,277
2132648,17,286,37,340
2132649,32,239,15,286
2132650,12,101,112,225
2132651,35,123,27,185
2132652,46,236,7,289
2132653,34,146,12,192
2132701,42,313,18,373
2132702,32,251,12,295
2132703,50,374,17,441
2132704,29,295,33,357
2132705,35,229,15,279
2132706,54,377,27,458
2132707,61,329,15,405
2132708,41,280,9,330
2132709,42,259,33,334
2132710,27,289,27,343
2132711,46,236,6,288
2132712,26,289,7,322
2132713,47,303,16,366
2132714,48,352,14,414
2132715,40,343,21,404
2132716,31,205,7,243
2132717,36,269,15,320
2132718,33,282,5,320
2132719,31,256,19,306
2132720,36,329,17,382
2132721,34,281,14,329
2132722,46,341,15,402
2132723,24,234,27,285
2132724,53,321,14,388
2132725,47,290,24,361
2132726,37,354,26,417
2132727,44,274,28,346
2132728,0,0,0,0
2132729,37,245,12,294
2132730,27,182,11,220
2132731,42,366,23,431
2132732,55,395,28,478
2132733,27,285,38,350
2132734,37,163,5,205
2132735,45,272,40,357
2132736,53,284,18,355
2132737,43,467,46,556
2132738,49,297,21,367
2132739,27,246,16,289
2132740,63,358,19,440
2132741,56,332,20,408
2132742,58,435,14,507
2132743,38,276,9,323
2132744,34,225,17,276
2132745,31,204,19,254
2132746,0,0,0,0
2132747,21,205,10,236
2132748,48,301,11,360
2132801,20,243,31,294
2132802,40,274,97,411
2132803,18,143,40,201
2132804,53,364,55,472
2132805,37,285,30,352
2132806,0,0,0,0
2132807,17,267,48,332
2132808,32,338,79,449
2132809,30,236,22,288
2132810,12,218,57,287
2132811,27,184,28,239
2132812,24,160,24,208
2132813,34,227,26,287
2132814,40,266,41,347
2132815,27,314,46,387
2132816,41,292,44,377
2132817,23,172,46,241
2132818,35,213,40,288
2132819,48,424,70,542
2132901,42,282,19,343
2132902,47,312,37,396
2132903,37,214,21,272
2132904,26,236,3,265
2132905,29,254,59,342
2132906,32,264,42,338
2132907,37,251,18,306
2132908,49,371,76,496
2132909,45,353,42,440
2132910,21,201,0,222
2132911,37,274,10,321
2132912,43,451,31,525
2132913,43,273,30,346
2132914,32,296,26,354
2132915,23,342,26,391
2132916,39,383,45,467
2132917,39,302,42,383
2132918,18,216,21,255
2132919,19,156,27,202
2133001,22,140,31,193
2133002,24,230,16,270
2133003,24,201,14,239
2133004,16,195,12,223
2133005,23,328,41,392
2133006,26,187,23,236
2133007,27,358,44,429
2133008,85,779,63,927
2133009,0,3,0,3
2133010,0,0,0,0
2133011,0,0,0,0
2133012,38,317,52,407
2133013,52,310,37,399
2133014,51,267,38,356
2133015,31,218,24,273
2133016,29,165,4,198
2133017,28,190,21,239
2133018,37,289,74,400
2133019,59,323,46,428
2133020,31,231,5,267
2133021,78,712,57,847
2133022,30,168,45,243
2133023,36,170,28,234
2133024,32,177,29,238
2133025,107,972,103,1182
2133026,192,1593,259,2044
2133027,67,746,153,966
2133028,24,183,21,228
2133029,21,166,27,214
2133030,46,231,29,306
2133031,15,177,22,214
2133032,34,225,22,281
2133033,32,184,30,246
2133034,30,172,27,229
2133035,51,287,24,362
2133036,37,207,23,267
2133037,60,282,42,384
2133038,42,208,21,271
2133039,23,215,32,270
2133040,43,286,68,397
2133041,16,133,31,180
2133042,22,186,43,251
2133043,35,256,36,327
2133044,0,0,0,0
2133045,9,117,23,149
2133046,106,906,105,1117
2133101,32,303,38,373
2133102,26,157,27,210
2133103,66,394,65,525
2133104,0,0,0,0
2133105,27,299,34,360
2133106,26,231,25,282
2133107,23,209,24,256
2133108,41,261,22,324
2133109,19,283,34,336
2133110,36,241,24,301
2133111,54,303,36,393
2133112,15,183,18,216
2133113,8,211,24,243
2133114,18,180,9,207
2133115,14,180,31,225
2133116,17,195,18,230
2133117,51,453,45,549
2133118,29,170,25,224
2133119,25,204,27,256
2133120,31,161,25,217
2133121,24,279,41,344
2133122,24,256,41,321
2133123,24,192,28,244
2133201,54,335,26,415
2133202,35,221,23,279
2133203,44,258,19,321
2133204,36,205,3,244
2133205,30,174,18,222
2133206,29,195,28,252
2133207,38,225,19,282
2133208,38,272,42,352
2133209,25,236,23,284
2133210,3,6,0,9
2133211,34,354,15,403
2133212,46,264,15,325
2133213,48,308,34,390
2133214,34,260,26,320
2133215,0,0,0,0
2133216,36,290,33,359
2133217,51,373,30,454
2133218,25,151,7,183
2133219,49,247,20,316
2133220,38,278,14,330
2133221,46,249,12,307
2133222,38,220,12,270
2133223,36,250,30,316
2133224,24,196,19,239
2133225,35,291,31,357
2133226,32,215,18,265
2133227,63,328,25,416
2133228,36,214,29,279
2133229,35,183,21,239
2133230,33,216,12,261
2133231,38,236,24,298
2133232,65,431,45,541
2133233,29,165,27,221
2133234,0,0,0,0
2133235,47,316,27,390
2133236,22,130,18,170
2133237,40,277,24,341
2133238,22,136,26,184
2133239,19,205,15,239
2133240,23,161,9,193
2133301,50,312,83,445
2133302,45,227,22,294
2133303,28,208,66,302
2133304,43,255,15,313
2133305,42,282,49,373
2133306,31,190,27,248
2133307,34,254,34,322
2133308,27,137,45,209
2133309,31,224,29,284
2133310,28,183,21,232
2133311,49,268,34,351
2133312,38,232,33,303
2133313,27,300,68,395
2133314,66,352,37,455
2133315,48,399,39,486
2133316,15,205,18,238
2133317,33,187,33,253
2133318,52,321,66,439
2133319,56,358,45,459
2133320,38,250,44,332
2133321,38,305,46,389
2133322,24,172,18,214
2133323,39,223,24,286
2133324,40,270,39,349
2133325,24,249,26,299
2133326,52,220,26,298
2133327,31,207,9,247
2133328,34,230,25,289
2133329,29,204,25,258
2133330,45,272,29,346
2133331,40,208,51,299
2133332,52,206,35,293
2133333,54,394,44,492
2133401,49,292,30,371
2133402,31,255,15,301
2133403,20,206,33,259
2133404,43,272,47,362
2133405,30,234,72,336
2133406,26,226,55,307
2133407,49,334,65,448
2133408,28,190,41,259
2133409,37,265,40,342
2133410,46,258,44,348
2133411,44,331,50,425
2133412,30,264,36,330
2133413,26,231,32,289
2133414,45,260,64,369
2133415,54,367,101,522
2133416,37,200,75,312
2133417,37,219,63,319
2133418,38,273,75,386
2133419,36,241,82,359
2133420,30,279,77,386
2133421,26,234,54,314
2133422,32,243,31,306
2133423,54,346,106,506
2133424,35,249,26,310
2133425,42,300,66,408
2133426,65,319,48,432
2133427,43,308,41,392
2133428,54,251,28,333
2133429,51,317,62,430
2133430,63,330,51,444
2133431,15,159,32,206
2133432,36,237,48,321
2133433,45,316,55,416
2133434,29,187,47,263
2133435,44,270,45,359
2133436,54,326,80,460
2133437,41,259,52,352
2133438,23,205,22,250
2133439,26,128,17,171
2133440,41,295,23,359
2133441,37,289,78,404
2133442,46,282,43,371
2133443,47,293,67,407
2133444,9,136,21,166
2133445,24,131,37,192
2133501,51,267,51,369
2133502,56,361,90,507
2133503,41,321,84,446
2133504,38,334,34,406
2133505,27,232,27,286
2133506,50,305,55,410
2133507,25,213,38,276
2133508,45,271,42,358
2133509,38,234,36,308
2133510,47,257,79,383
2133511,33,266,34,333
2133512,43,207,92,342
2133513,30,211,34,275
2133514,36,305,83,424
2133515,38,301,75,414
2133516,70,460,41,571
2133517,44,318,38,400
2133518,36,278,33,347
2133519,23,163,27,213
2133520,47,371,79,497
2133521,33,274,30,337
2133522,24,191,39,254
2133523,36,190,31,257
2133524,19,118,43,180
2133525,29,234,33,296
2133526,33,247,22,302
2133527,43,415,36,494
2133528,10,126,6,142
2133529,30,299,61,390
2133530,66,332,48,446
2133531,30,254,33,317
2133532,29,225,43,297
2133533,27,211,20,258
2133534,41,263,30,334
2133535,31,362,44,437
2133536,50,393,47,490
2133537,45,181,22,248
2133538,24,171,37,232
2133601,25,309,50,384
2133602,3,4,0,7
2133603,37,220,46,303
2133604,26,192,34,252
2133605,28,263,48,339
2133606,42,361,66,469
2133607,39,377,61,477
2133608,31,235,43,309
2133609,53,323,42,418
2133610,38,270,67,375
2133611,64,398,61,523
2133612,50,382,35,467
2133613,74,409,51,534
2133614,33,364,38,435
2133615,38,158,45,241
2133616,39,386,47,472
2133617,46,359,64,469
2133618,41,371,44,456
2133619,54,376,47,477
2133701,28,214,66,308
2133702,36,223,47,306
2133703,55,390,26,471
2133704,32,253,36,321
2133705,37,284,45,366
2133706,43,335,34,412
2133707,29,196,18,243
2133708,31,238,27,296
2133709,27,300,41,368
2133710,29,224,39,292
2133711,31,237,46,314
2133712,50,406,91,547
2133713,45,277,46,368
2133714,9,73,6,88
2133715,18,181,24,223
2133716,29,276,41,346
2133717,49,311,39,399
2133718,38,438,42,518
2133719,30,206,34,270
2133720,31,293,36,360
2133721,35,221,3,259
2133722,38,286,36,360
2133723,23,223,45,291
2133724,67,394,66,527
2133725,0,0,0,0
2133726,42,404,34,480
2133801,37,184,44,265
2133802,62,308,57,427
2133803,36,221,54,311
2133804,61,402,63,526
2133805,25,205,35,265
2133806,25,210,29,264
2133807,24,244,35,303
2133808,46,296,46,388
2133809,31,181,35,247
2133810,20,185,27,232
2133811,42,261,36,339
2133812,46,296,71,413
2133813,35,208,19,262
2133814,39,326,28,393
2133815,35,195,45,275
2133816,51,298,33,382
2133817,40,288,41,369
2133818,34,172,17,223
2133819,29,225,38,292
2133820,18,201,28,247
2133821,25,216,19,260
2133822,28,293,31,352
2133823,51,303,40,394
2133824,14,196,27,237
2133825,47,245,24,316
2133826,64,374,60,498
2133827,49,353,44,446
2133828,53,387,37,477
2133829,10,143,39,192
2133830,43,246,22,311
2133831,13,134,30,177
2133832,0,6,0,6
2133833,0,6,0,6
2133834,22,262,46,330
2133835,19,158,33,210
2133836,26,250,25,301
2133837,36,209,37,282
2133838,16,169,17,202
2133839,43,312,15,370
2133840,20,182,36,238
2133841,47,264,52,363
2133842,52,395,38,485
2133843,13,253,17,283
2133844,34,276,31,341
2133845,43,229,32,304
2133901,28,149,30,207
2133902,29,244,21,294
2133903,38,355,21,414
2133904,53,347,29,429
2133905,30,393,21,444
2133906,25,256,20,301
2133907,41,304,53,398
2133908,36,202,24,262
2133909,28,222,7,257
2133910,26,254,15,295
2133911,27,226,22,275
2133912,41,251,18,310
2133913,40,353,23,416
2133914,31,215,70,316
2133915,24,249,37,310
2133916,52,295,30,377
2133917,30,254,38,322
2133918,29,261,17,307
2133919,36,339,141,516
2133920,25,162,22,209
2133921,31,321,103,455
2133922,26,212,25,263
2133923,50,324,91,465
2133924,25,274,30,329
2133925,30,252,13,295
2133926,36,247,30,313
2133927,18,136,18,172
2134001,40,272,16,328
2134002,46,258,17,321
2134003,59,311,22,392
2134004,39,332,26,397
2134005,33,326,23,382
2134006,44,299,15,358
2134007,29,227,14,270
2134008,26,252,5,283
2134009,43,352,21,416
2134010,3,0,0,3
2134011,15,139,28,182
2134012,41,345,9,395
2134013,10,49,6,65
2134014,0,0,0,0
2134015,44,277,18,339
2134016,45,293,15,353
2134017,45,368,12,425
2134018,41,235,46,322
2134019,24,226,15,265
2134020,25,183,3,211
2134021,41,371,42,454
2134022,59,305,27,391
2134023,40,313,9,362
2134024,52,346,31,429
2134025,34,163,15,212
2134026,38,291,27,356
2134027,37,277,20,334
2134028,30,286,20,336
2134029,81,393,31,505
2134030,48,282,30,360
2134031,31,195,21,247
2134032,25,165,24,214
2134033,33,214,24,271
2134034,39,360,35,434
2134035,36,234,24,294
2134036,34,219,18,271
2134037,16,205,16,237
2134038,30,293,29,352
2134039,0,0,0,0
2134040,43,329,14,386
2134041,56,283,14,353
2134042,35,187,27,249
2134043,43,235,18,296
2134044,26,184,12,222
2134045,32,222,51,305
2134046,30,146,0,176
2134047,18,219,13,250
2134048,51,251,16,318
2134049,42,181,18,241
2134101,64,416,47,527
2134102,41,323,32,396
2134103,66,378,36,480
2134104,42,251,36,329
2134105,60,279,19,358
2134106,23,261,23,307
2134107,41,281,16,338
2134108,44,282,19,345
2134109,0,0,0,0
2134110,50,317,42,409
2134111,31,193,17,241
2134112,47,244,28,319
2134113,70,407,28,505
2134114,65,247,16,328
2134115,28,170,13,211
2134116,64,373,38,475
2134117,65,466,45,576
2134118,58,365,47,470
2134119,52,402,54,508
2134120,42,306,32,380
2134121,51,413,31,495
2134122,61,471,56,588
2134123,0,0,0,0
2134124,29,241,18,288
2134125,21,152,46,219
2134126,34,231,28,293
2134127,27,182,13,222
2134128,48,322,44,414
2134129,0,4,0,4
2134130,0,0,0,0
2134201,46,184,15,245
2134202,42,266,24,332
2134203,38,253,15,306
2134204,52,329,22,403
2134205,51,346,45,442
2134206,76,426,43,545
2134207,30,207,18,255
2134208,0,0,0,0
2134209,0,0,0,0
2134210,27,208,9,244
2134211,22,251,14,287
2134212,21,167,14,202
2134213,24,284,42,350
2134214,22,188,25,235
2134215,56,365,47,468
2134216,23,206,25,254
2134217,19,178,23,220
2134218,38,373,38,449
2134219,28,324,41,393
2134220,53,391,21,465
2134221,29,328,37,394
2134222,37,312,25,374
2134223,43,369,27,439
2134224,30,271,37,338
2134225,46,284,28,358
2134226,59,367,38,464
2134227,45,237,28,310
2134228,37,281,29,347
2134229,56,325,38,419
2134230,28,188,36,252
2134231,24,246,56,326
2134232,14,159,31,204
2134233,31,138,26,195
2134234,29,319,47,395
2134235,30,338,38,406
2134236,29,220,13,262
2134237,28,272,20,320
2134238,34,231,22,287
2134239,32,226,10,268
2134240,24,208,24,256
2134241,54,360,32,446
2134242,44,284,13,341
2134243,39,276,17,332
2134244,45,300,19,364
2134245,50,399,14,463
2134246,30,199,18,247
2134247,35,302,32,369
2134248,26,217,30,273
2134301,26,163,34,223
2134302,34,292,27,353
2134303,0,3,0,3
2134304,44,357,58,459
2134305,65,329,37,431
2134306,67,386,32,485
2134307,52,254,43,349
2134308,4,29,7,40
2134309,0,0,0,0
2134310,49,286,49,384
2134311,19,193,27,239
2134312,79,450,54,583
2134313,27,208,24,259
2134314,29,205,35,269
2134315,50,266,47,363
2134316,26,225,38,289
2134317,35,271,91,397
2134318,43,338,55,436
2134319,39,241,19,299
2134320,38,216,60,314
2134321,53,238,30,321
2134322,42,280,58,380
2134323,29,280,47,356
2134324,75,426,61,562
2134325,53,348,44,445
2134326,58,351,48,457
2134327,43,313,49,405
2134328,29,263,13,305
2134329,23,167,33,223
2134330,55,337,98,490
2134331,15,140,161,316
2134332,43,246,67,356
2134401,30,198,21,249
2134402,28,282,30,340
2134403,51,339,33,423
2134404,36,229,26,291
2134405,46,379,36,461
2134406,46,292,27,365
2134407,40,328,27,395
2134408,36,223,21,280
2134409,45,263,24,332
2134410,36,304,37,377
2134411,54,277,36,367
2134412,52,309,26,387
2134413,0,0,0,0
2134414,0,0,0,0
2134415,39,267,18,324
2134416,34,217,18,269
2134417,23,230,12,265
2134418,21,177,15,213
2134419,39,251,29,319
2134420,38,220,21,279
2134421,30,270,23,323
2134422,40,303,41,384
2134423,42,265,26,333
2134424,0,0,0,0
2134425,42,338,45,425
2134426,33,266,36,335
2134427,34,290,12,336
2134428,25,251,19,295
2134429,42,301,31,374
2134430,62,371,35,468
2134431,58,370,35,463
2134432,15,171,18,204
2134433,24,123,18,165
2134434,42,275,17,334
2134435,16,206,18,240
2134436,31,176,12,219
2134437,46,321,34,401
2134438,31,149,63,243
2134439,55,361,50,466
2134440,47,343,33,423
2134441,20,147,18,185
2134442,67,396,39,502
2134501,22,200,8,230
2134502,29,189,18,236
2134503,33,283,33,349
2134504,24,238,28,290
2134505,24,215,21,260
2134506,35,273,21,329
2134507,24,281,24,329
2134508,24,191,35,250
2134509,33,217,14,264
2134510,30,141,11,182
2134511,46,441,40,527
2134512,18,197,21,236
2134513,36,267,32,335
2134601,59,244,30,333
2134602,47,207,12,266
2134603,29,314,32,375
2134604,55,364,45,464
2134605,43,303,49,395
2134606,47,258,27,332
2134607,30,230,9,269
2134608,30,167,11,208
2134609,76,427,40,543
2134610,37,246,15,298
2134611,55,273,7,335
2134612,26,270,23,319
2134613,60,386,21,467
2134614,60,277,11,348
2134615,29,215,8,252
2134616,41,268,8,317
2134617,61,350,28,439
2134618,46,264,32,342
2134619,40,309,24,373
2134620,36,277,12,325
2134621,61,251,17,329
2134622,54,355,48,457
2134623,39,253,13,305
2134624,68,391,3,462
2134625,49,324,23,396
2134626,33,270,21,324
2134627,32,278,7,317
2134628,26,251,18,295
2134629,0,19,9,28
2134630,70,364,34,468
2134631,19,188,19,226
2134632,62,457,29,548
2134633,23,165,9,197
2134634,29,172,0,201
2134635,26,155,15,196
2134701,29,224,23,276
2134702,42,384,69,495
2134703,31,224,58,313
2134704,16,171,39,226
2134705,20,172,37,229
2134706,21,210,55,286
2134707,31,152,37,220
2134708,30,219,45,294
2134709,29,267,53,349
2134710,31,194,100,325
2134711,63,380,66,509
2134712,24,224,41,289
2134713,21,189,26,236
2134714,31,338,24,393
2134715,38,160,27,225
2134716,91,996,305,1392
2134717,15,285,21,321
2134718,14,148,32,194
2134719,12,210,27,249
2134720,49,375,51,475
2134721,43,283,37,363
2134722,28,218,19,265
2134723,27,283,35,345
2134724,41,300,38,379
2134725,28,225,30,283
2134726,30,165,20,215
2134727,31,266,37,334
2134728,33,229,50,312
2134729,44,417,51,512
2134730,29,221,41,291
2134731,24,255,46,325
2134732,18,306,45,369
2134733,28,221,28,277
2134734,45,292,49,386
2134735,29,297,102,428
2134736,22,116,63,201
2134737,42,410,53,505
2134801,29,157,124,310
2134802,45,346,56,447
2134803,41,386,59,486
2134804,7,381,94,482
2134805,21,206,84,311
2134806,25,299,79,403
2134807,33,215,46,294
2134808,29,510,137,676
2134809,42,463,77,582
2134810,18,177,23,218
2134811,30,274,110,414
2134812,38,384,87,509
2134813,30,249,56,335
2134814,28,313,79,420
2134815,33,355,43,431
2134816,24,245,19,288
2134817,19,239,43,301
2134818,38,234,45,317
2134819,50,379,65,494
2134820,28,191,46,265
2134821,30,397,31,458
2134822,29,310,36,375
2134823,22,193,26,241
2134824,34,262,57,353
2134825,50,194,18,262
2134826,34,317,45,396
2134827,31,295,98,424
2134828,45,621,63,729
2134829,0,0,0,0
2134830,42,266,26,334
2134901,111,1111,46,1268
2134902,39,258,35,332
2134903,39,273,56,368
2134904,40,305,20,365
2134905,7,187,34,228
2134906,46,367,39,452
2134907,32,242,36,310
2134908,25,200,15,240
2134909,23,221,18,262
2134910,30,234,22,286
2134911,10,175,15,200
2134912,20,222,57,299
2134913,53,396,41,490
2134914,38,229,29,296
2134915,46,476,47,569
2134916,27,239,29,295
2134917,35,201,18,254
2134918,45,373,28,446
2134919,40,307,32,379
2134920,25,263,25,313
2134921,8,242,57,307
2134922,6,232,55,293
2134923,38,225,9,272
2135001,38,236,12,286
2135002,33,284,12,329
2135003,60,314,28,402
2135004,30,246,28,304
2135005,25,305,17,347
2135006,34,272,10,316
2135007,42,268,53,363
2135008,25,301,44,370
2135009,38,327,51,416
2135010,36,268,37,341
2135011,33,269,38,340
2135012,33,299,31,363
2135013,47,305,37,389
2135014,27,373,48,448
2135015,24,213,21,258
2135016,28,324,10,362
2135017,27,259,18,304
2135018,59,501,59,619
2135019,24,257,18,299
2135101,44,208,12,264
2135102,39,286,18,343
2135103,34,261,39,334
2135104,29,282,36,347
2135105,25,351,31,407
2135106,32,269,22,323
2135107,40,299,46,385
2135108,22,255,68,345
2135109,39,288,51,378
2135110,48,338,39,425
2135111,0,6,0,6
2135112,23,229,43,295
2135113,47,347,59,453
2135114,0,6,0,6
2135115,36,240,20,296
2135116,37,252,30,319
2135117,21,235,39,295
2135118,41,366,48,455
2135119,25,291,30,346
2135120,43,251,56,350
2135121,30,239,30,299
2135122,35,317,41,393
2135123,0,13,6,19
2135124,27,213,9,249
2135125,35,306,25,366
2135126,45,258,37,340
2135127,17,185,18,220
2135128,28,237,12,277
2135201,54,295,14,363
2135202,41,325,22,388
2135203,37,335,20,392
2135204,17,286,3,306
2135205,35,298,16,349
2135206,50,443,39,532
2135207,53,443,42,538
2135208,47,345,37,429
2135209,44,299,9,352
2135210,41,270,28,339
2135211,32,254,12,298
2135212,49,370,54,473
2135213,48,287,21,356
2135214,29,222,13,264
2135215,37,291,12,340
2135216,49,362,31,442
2135217,41,301,12,354
2135218,54,328,18,400
2135219,49,363,69,481
2135220,17,156,23,196
2135221,48,272,14,334
2135222,37,292,30,359
2135223,22,288,22,332
2135224,58,383,40,481
2135225,21,253,4,278
2135226,58,360,48,466
2135227,0,0,0,0
2135228,42,272,18,332
2135229,36,308,28,372
2135230,47,357,31,435
2135231,29,212,12,253
2135232,0,0,0,0
2135301,25,175,27,227
2135302,22,296,35,353
2135303,50,413,26,489
2135304,34,241,12,287
2135305,27,161,23,211
2135306,40,224,4,268
2135307,38,332,28,398
2135308,27,168,21,216
2135309,39,257,36,332
2135310,34,256,34,324
2135311,46,221,24,291
2135312,39,314,38,391
2135313,49,239,27,315
2135314,38,341,35,414
2135315,21,176,21,218
2135316,55,456,15,526
2135317,45,251,18,314
2135318,34,216,18,268
2135319,47,283,9,339
2135320,28,275,20,323
2135321,46,416,30,492
2135322,47,236,25,308
2135323,28,238,40,306
2135324,48,275,29,352
2135325,44,214,51,309
2135326,48,329,29,406
2135327,75,450,32,557
2135328,47,278,45,370
2135329,66,472,45,583
2135330,52,328,33,413
2135331,33,235,8,276
2135332,37,201,20,258
2135333,51,250,20,321
2135334,41,205,21,267
2135335,41,314,26,381
2135336,37,199,32,268
2135337,43,290,21,354
2135338,40,266,20,326
2135339,31,330,21,382
2135401,0,0,0,0
2135402,188,1582,137,1907
2135403,26,202,18,246
2135404,18,194,21,233
2135405,37,264,18,319
2135406,28,221,18,267
2135407,37,263,26,326
2135408,53,413,55,521
2135409,30,295,36,361
2135410,36,210,21,267
2135411,16,131,12,159
2135412,26,252,18,296
2135413,37,242,19,298
2135414,21,165,16,202
2135415,29,175,8,212
2135416,37,262,30,329
2135417,18,165,15,198
2135418,6,124,3,133
2135419,31,350,29,410
2135420,109,962,73,1144
2135421,48,390,33,471
2135422,59,333,12,404
2135423,47,321,12,380
2135424,48,324,7,379
2135425,22,210,4,236
2135426,25,265,27,317
2135427,30,201,15,246
2135428,28,271,35,334
2135429,25,209,21,255
2135430,29,171,4,204
2135431,33,308,29,370
2135432,24,336,26,386
2135433,37,322,24,383
2135434,28,219,18,265
2135435,39,351,21,411
2135436,24,187,13,224
2135437,29,224,15,268
2135438,11,157,6,174
2135439,143,1769,146,2058
2135440,70,586,67,723
2135441,47,380,13,440
2135442,17,169,6,192
2135443,24,225,13,262
2135444,42,258,14,314
2135445,56,483,36,575
2135446,29,201,7,237
2135447,25,220,30,275
2135448,13,126,7,146
2135449,20,245,26,291
2135501,15,147,10,172
2135502,34,266,15,315
2135503,22,203,21,246
2135504,48,279,10,337
2135505,34,244,18,296
2135506,28,282,24,334
2135507,22,199,18,239
2135508,42,240,14,296
2135509,29,290,27,346
2135510,41,253,14,308
2135511,45,416,39,500
2135512,33,388,52,473
2135513,44,402,37,483
2135514,27,202,33,262
2135515,18,202,12,232
2135516,33,235,26,294
2135517,22,173,23,218
2135518,33,243,10,286
2135519,34,206,6,246
2135520,64,269,28,361
2135521,38,386,27,451
2135522,26,271,16,313
2135523,47,228,9,284
2135524,19,200,15,234
2135525,30,251,18,299
2135526,48,276,26,350
2135527,40,273,31,344
2135528,29,210,9,248
2135529,46,266,15,327
2135530,44,274,13,331
2135531,24,200,6,230
2135532,27,130,19,176
2135533,6,152,17,175
2135534,15,196,12,223
2135535,32,183,23,238
2135536,18,355,10,383
2135537,36,241,30,307
2135538,27,165,0,192
2135601,24,158,24,206
2135602,22,230,21,273
2135603,18,136,18,172
2135604,54,465,58,577
2135605,32,262,28,322
2135606,79,657,98,834
2135607,87,541,53,681
2135608,40,238,12,290
2135609,51,245,32,328
2135610,55,317,46,418
2135611,35,213,41,289
2135612,64,352,41,457
2135613,47,298,5,350
2135614,63,306,30,399
2135615,56,356,42,454
2135616,26,188,16,230
2135617,63,345,24,432
2135618,40,278,22,340
2135619,43,298,38,379
2135620,20,223,24,267
2135621,65,372,52,489
2135622,32,203,32,267
2135623,51,269,36,356
2135624,64,389,42,495
2135625,30,281,20,331
2135626,21,212,15,248
2135627,29,350,31,410
2135628,50,314,15,379
2135629,66,355,48,469
2135630,20,151,9,180
2135631,37,293,43,373
2135632,36,309,57,402
2135633,60,350,49,459
2135634,47,372,37,456
2135635,41,311,26,378
2135636,58,391,43,492
2135701,56,351,26,433
2135702,19,240,44,303
2135703,26,235,22,283
2135704,31,270,43,344
2135705,43,302,44,389
2135706,54,320,29,403
2135707,52,419,63,534
2135708,49,242,27,318
2135709,36,329,47,412
2135710,65,417,46,528
2135711,63,457,69,589
2135712,42,401,49,492
2135713,69,349,43,461
2135714,76,365,69,510
2135715,59,234,34,327
2135716,47,269,30,346
2135717,47,364,32,443
2135718,31,328,17,376
2135719,46,321,23,390
2135720,27,358,72,457
2135721,143,1576,127,1846
2135722,64,517,70,651
2135723,35,264,36,335
2135724,58,337,35,430
2135725,32,210,10,252
2135726,40,516,28,584
2135801,32,185,22,239
2135802,53,261,51,365
2135803,30,204,22,256
2135804,27,183,24,234
2135805,40,371,37,448
2135806,34,305,8,347
2135807,62,563,101,726
2135808,75,498,52,625
2135809,71,408,19,498
2135810,40,235,13,288
2135811,94,669,48,811
2135812,44,327,52,423
2135813,32,173,22,227
2135814,26,129,10,165
2135815,84,736,44,864
2135816,37,222,31,290
2135817,78,309,30,417
2135818,30,254,45,329
2135819,39,178,34,251
2135820,57,518,48,623
2135821,40,234,36,310
2135822,46,335,30,411
2135823,25,144,13,182
2135824,37,209,15,261
2135825,29,199,24,252
2135826,98,383,34,515
2135827,19,121,32,172
2135828,19,112,18,149
2135901,26,163,36,225
2135902,44,212,86,342
2135903,35,218,51,304
2135904,47,302,53,402
2135905,0,0,911,911
2135906,28,167,15,210
2136001,27,246,10,283
2136002,22,234,13,269
2136003,49,328,41,418
2136004,28,282,33,343
2136005,34,206,16,256
2136006,36,316,9,361
2136007,34,205,17,256
2136008,22,197,0,219
2136009,31,286,28,345
2136010,43,385,19,447
2136011,26,164,12,202
2136012,31,273,13,317
2136013,23,210,18,251
2136014,44,469,26,539
2136015,28,193,7,228
2136016,56,457,58,571
2136017,50,364,12,426
2136018,83,732,66,881
2136019,34,388,25,447
2136020,25,228,12,265
2136021,31,247,9,287
2136022,26,241,9,276
2136023,25,209,15,249
2136024,237,2102,110,2449
2136025,33,317,18,368
2136101,26,276,18,320
2136102,18,203,18,239
2136103,50,376,25,451
2136104,18,291,14,323
2136105,36,367,53,456
2136106,25,171,30,226
2136107,27,153,39,219
2136108,37,232,25,294
2136109,18,170,22,210
2136110,24,260,27,311
2136111,20,180,25,225
2136112,35,221,15,271
2136113,39,195,19,253
2136114,41,343,15,399
2136115,32,261,22,315
2136116,27,229,9,265
2136117,31,267,27,325
2136118,21,214,33,268
2136119,57,345,41,443
2136120,28,217,22,267
2136121,30,277,14,321
2136122,37,339,35,411
2136123,26,235,8,269
2136124,39,358,32,429
2136125,3,10,3,16
2136126,75,522,33,630
2136127,29,301,9,339
2136128,36,217,12,265
2136129,32,246,20,298
2136130,46,245,21,312
2136131,48,299,15,362
2136132,42,306,21,369
2136133,39,308,22,369
2136134,35,215,9,259
2136135,22,252,39,313
2136136,25,189,51,265
2136137,31,318,25,374
2136138,24,209,21,254
2136139,25,165,19,209
2136140,33,230,21,284
2136141,41,273,15,329
2136142,28,234,20,282
2136143,33,306,29,368
2136144,38,196,20,254
2136145,30,214,24,268
2136146,28,223,28,279
2136147,30,284,20,334
2136148,17,188,24,229
2136201,66,404,76,546
2136202,58,383,54,495
2136203,31,232,18,281
2136204,36,256,19,311
2136205,52,291,25,368
2136206,28,193,9,230
2136207,29,201,20,250
2136208,34,298,15,347
2136209,31,227,30,288
2136210,37,314,10,361
2136211,31,234,38,303
2136212,45,246,30,321
2136213,30,301,43,374
2136214,42,247,39,328
2136215,37,207,31,275
2136216,22,153,12,187
2136217,44,325,30,399
2136218,46,293,32,371
2136219,32,331,20,383
2136220,29,127,17,173
2136221,32,240,31,303
2136222,18,166,28,212
2136223,19,183,16,218
2136224,31,210,18,259
2136225,50,271,31,352
2136226,18,159,15,192
2136227,31,321,13,365
2136228,26,214,22,262
2136229,21,193,21,235
2136230,29,292,44,365
2136231,36,310,43,389
2136232,31,194,13,238
2136233,40,273,7,320
2136234,34,259,14,307
2136235,64,317,55,436
2136236,22,201,17,240
2136237,15,190,12,217
2136238,29,206,15,250
2136239,28,257,23,308
2136240,35,205,47,287
2136241,46,253,50,349
2136242,29,190,56,275
2136243,30,210,48,288
2136244,15,127,10,152
2136245,37,253,26,316
2136246,55,234,33,322
2136247,51,256,19,326
2136248,18,225,12,255
2136249,30,199,27,256
2136250,31,166,15,212
2136301,28,255,28,311
2136302,51,390,47,488
2136303,32,280,40,352
2136304,0,6,0,6
2136305,62,805,84,951
2136306,33,267,50,350
2136307,0,53,24,77
2136308,41,253,64,358
2136309,52,280,43,375
2136310,28,239,31,298
2136311,12,190,34,236
2136312,27,187,15,229
2136313,45,291,40,376
2136401,21,146,12,179
2136402,0,0,0,0
2136403,0,0,0,0
2136404,9,213,18,240
2136405,29,251,7,287
2136406,33,273,12,318
2136407,34,248,20,302
2136408,0,0,0,0
2136409,34,483,38,555
2136410,0,3,0,3
2136411,224,2785,203,3212
2136412,16,259,15,290
2136413,43,698,32,773
2136414,46,466,19,531
2136415,62,575,42,679
2136416,29,441,50,520
2136417,34,350,21,405
2136418,22,237,7,266
2136419,49,520,16,585
2136420,27,168,18,213
2136421,25,218,16,259
2136422,43,472,33,548
2136423,39,446,24,509
2136424,38,272,23,333
2136425,43,411,27,481
2136426,85,887,39,1011
2136427,59,598,47,704
2136428,61,501,29,591
2136429,36,291,3,330
2136430,14,213,19,246
2136431,74,584,37,695
2136432,29,188,18,235
2136433,29,224,17,270
2136434,39,422,30,491
2136435,14,195,15,224
2136436,166,1325,82,1573
2136437,136,1185,91,1412
2136438,53,476,28,557
2136439,35,304,3,342
2136440,28,424,25,477
2136441,53,500,30,583
2136442,23,178,4,205
2136443,105,1338,46,1489
2136444,9,261,15,285
2136501,39,455,14,508
2136502,63,538,66,667
2136503,51,471,33,555
2136504,28,331,47,406
2136505,97,752,81,930
2136506,65,784,52,901
2136507,26,290,20,336
2136508,11,130,10,151
2136509,15,190,12,217
2136510,61,439,42,542
2136511,26,418,38,482
2136512,68,504,66,638
2136513,26,185,27,238
2136514,21,144,21,186
2136515,24,128,26,178
2136516,37,327,33,397
2136517,48,378,35,461
2136518,32,195,12,239
2136519,24,176,11,211
2136520,32,189,21,242
2136521,13,230,12,255
2136522,76,636,52,764
2136523,53,374,18,445
2136524,130,1310,245,1685
2136525,18,249,32,299
2136526,24,189,19,232
2136527,23,240,18,281
2136528,45,360,40,445
2136529,32,258,7,297
2136530,74,800,96,970
2136531,54,478,38,570
2136532,52,602,69,723
2136533,36,300,10,346
2136534,31,235,9,275
2136601,0,0,788,788
2136602,293,2844,320,3457
2136603,9,92,9,110
2136604,0,7,0,7
2136605,46,296,35,377
2136606,43,277,21,341
2136607,36,328,9,373
2136608,127,1281,107,1515
2136609,62,639,40,741
2136610,45,517,32,594
2136701,50,261,30,341
2136702,18,221,30,269
2136703,44,295,48,387
2136704,31,228,39,298
2136705,22,249,3,274
2136706,35,347,52,434
2136707,22,240,58,320
2136708,40,310,43,393
2136709,37,324,16,377
2136710,39,213,18,270
2136711,44,387,27,458
2136712,42,329,45,416
2136713,43,327,68,438
2136714,26,200,40,266
2136715,50,359,46,455
2136716,40,231,34,305
2136717,24,181,18,223
2136718,39,287,21,347
2136719,53,329,13,395
2136720,42,252,37,331
2136721,31,242,27,300
2136722,26,217,21,264
2136723,39,247,30,316
2136724,31,246,15,292
2136725,39,318,69,426
2136726,34,278,47,359
2136727,33,184,50,267
2136728,49,387,39,475
2136729,31,214,13,258
2136730,49,336,33,418
2136731,40,264,42,346
2136732,20,196,21,237
2136733,59,278,24,361
2136734,40,273,6,319
2136735,26,252,30,308
2136736,32,185,11,228
2136737,14,203,157,374
2136738,48,246,12,306
2136739,0,0,0,0
2136740,32,208,9,249
2136741,29,231,15,275
2136742,0,0,0,0
2136743,27,195,16,238
2136744,23,209,14,246
2136745,33,191,9,233
2136746,22,195,29,246
2136747,31,313,37,381
2136748,54,250,28,332
2136749,44,254,29,327
2136750,45,311,39,395
2136751,35,221,39,295
2136752,47,325,36,408
2136753,47,213,28,288
2136754,26,136,19,181
2136755,28,243,33,304
2136756,26,182,6,214
2136757,32,210,11,253
2136758,50,300,41,391
2136759,54,378,29,461
2136760,53,370,52,475
2136761,44,324,10,378
2136762,53,393,46,492
2136763,22,269,21,312
2136764,19,228,26,273
2136765,42,252,39,333
2136766,25,166,15,206
2136767,20,212,12,244
2136768,45,378,36,459
2136769,21,163,16,200
2136770,30,189,20,239
2136771,31,187,10,228
2136772,22,214,30,266
2136773,21,146,13,180
2136774,29,192,12,233
2136775,25,234,49,308
2136776,23,157,9,189
2136801,32,277,21,330
2136802,48,319,9,376
2136803,0,0,0,0
2136804,73,320,27,420
2136805,0,0,0,0
2136806,46,230,14,290
2136807,41,388,45,474
2136808,28,233,28,289
2136809,58,300,19,377
2136810,41,277,24,342
2136811,42,341,20,403
2136812,38,174,25,237
2136813,31,214,8,253
2136814,23,218,31,272
2136815,30,196,12,238
2136816,46,318,24,388
2136817,31,318,39,388
2136818,35,245,19,299
2136819,0,4,0,4
2136820,31,237,28,296
2136821,31,182,5,218
2136822,51,328,21,400
2136823,48,370,40,458
2136824,51,372,40,463
2136825,48,429,21,498
2136826,65,436,18,519
2136827,39,238,32,309
2136828,40,237,11,288
2136901,27,172,23,222
2136902,41,362,41,444
2136903,25,199,30,254
2136904,36,184,15,235
2136905,11,149,16,176
2136906,37,232,21,290
2136907,39,257,32,328
2136908,22,231,15,268
2136909,28,168,21,217
2136910,35,270,18,323
2136911,32,296,22,350
2136912,46,348,8,402
2136913,44,388,26,458
2136914,57,525,45,627
2136915,32,284,25,341
2136916,20,147,19,186
2136917,51,453,61,565
2136918,67,431,50,548
2136919,38,219,12,269
2136920,54,381,45,480
2136921,44,265,21,330
2136922,160,1581,155,1896
2136923,29,181,9,219
2136924,27,206,13,246
2136925,3,35,21,59
2136926,0,0,0,0
2136927,20,260,17,297
2136928,21,123,11,155
2136929,20,157,15,192
2136930,29,214,15,258
2136931,13,153,15,181
2136932,23,171,18,212
2136933,15,137,15,167
2136934,31,131,19,181
2136935,24,132,18,174
2136936,90,876,89,1055
2136937,15,56,0,71
2137001,10,163,19,192
2137002,27,179,25,231
2137003,41,368,26,435
2137004,37,302,16,355
2137005,56,551,69,676
2137006,49,432,42,523
2137007,48,568,37,653
2137008,51,433,67,551
2137009,43,313,16,372
2137010,30,261,22,313
2137011,40,350,33,423
2137012,25,228,20,273
2137013,56,505,90,651
2137014,43,338,42,423
2137015,18,177,15,210
2137016,28,284,14,326
2137017,38,276,30,344
2137018,38,220,42,300
2137019,65,440,27,532
2137020,35,237,45,317
2137021,20,168,40,228
2137022,33,196,28,257
2137023,63,585,81,729
2137024,46,559,34,639
2137025,0,0,0,0
2137026,0,3,0,3
2137027,0,4,0,4
2137028,0,11,0,11
2137029,0,0,0,0
2137030,30,185,24,239
2137031,31,279,56,366
2137032,55,412,131,598
2137033,53,432,85,570
2137034,32,198,33,263
2137035,35,218,24,277
2137036,33,237,16,286
2137037,43,252,13,308
2137038,27,126,15,168
2137039,17,131,20,168
2137040,30,293,52,375
2137041,32,306,33,371
2137042,42,322,29,393
2137043,27,236,15,278
2137044,39,335,26,400
2137101,31,303,38,372
2137102,51,217,39,307
2137103,39,266,12,317
2137104,34,149,9,192
2137105,34,287,9,330
2137106,36,226,15,277
2137107,70,344,54,468
2137108,27,271,53,351
2137109,27,272,27,326
2137110,40,361,54,455
2137111,31,197,28,256
2137112,38,219,21,278
2137113,28,189,22,239
2137114,37,247,37,321
2137115,36,274,21,331
2137116,42,238,30,310
2137117,49,313,15,377
2137118,44,276,45,365
2137119,45,280,27,352
2137120,26,185,25,236
2137121,43,340,29,412
2137122,68,263,20,351
2137123,37,226,38,301
2137124,37,292,103,432
2137125,36,277,60,373
2137126,28,275,57,360
2137127,38,234,16,288
2137128,28,211,20,259
2137129,42,321,49,412
2137130,25,221,45,291
2137131,55,342,45,442
2137132,34,298,56,388
2137133,30,196,25,251
2137134,39,296,22,357
2137135,46,310,60,416
2137136,58,322,31,411
2137137,13,147,9,169
2137138,39,336,44,419
2137139,31,187,20,238
2137140,21,167,15,203
2137141,24,235,35,294
2137142,56,307,13,376
2137143,48,252,31,331
2137144,44,243,17,304
2137145,38,244,22,304
2137146,43,335,22,400
2137147,31,238,21,290
2137148,46,245,19,310
2137149,28,214,15,257
2137150,35,202,18,255
2137151,33,297,78,408
2137152,47,280,61,388
2137153,29,261,54,344
2137154,29,229,21,279
2137155,16,182,22,220
2137201,40,254,33,327
2137202,64,384,38,486
2137203,27,193,34,254
2137204,37,306,53,396
2137205,36,232,43,311
2137206,38,339,37,414
2137207,32,212,25,269
2137208,25,202,39,266
2137209,0,6,0,6
2137210,0,6,0,6
2137211,39,212,48,299
2137212,42,291,21,354
2137213,52,313,31,396
2137214,45,339,36,420
2137215,62,365,20,447
2137216,36,287,23,346
2137217,34,292,32,358
2137218,44,353,46,443
2137219,12,129,37,178
2137220,63,282,32,377
2137221,47,256,31,334
2137222,57,315,30,402
2137223,50,409,45,504
2137224,36,309,39,384
2137225,57,419,35,511
2137226,49,282,42,373
2137227,51,317,42,410
2137228,26,132,15,173
2137229,17,131,25,173
2137230,23,178,19,220
2137231,28,207,18,253
2137232,40,248,58,346
2137233,65,339,52,456
2137234,49,354,39,442
2137235,29,172,32,233
2137236,44,297,9,350
2137237,28,247,22,297
2137238,12,154,21,187
2137239,36,184,8,228
2137240,58,258,22,338
2137241,45,378,81,504
2137242,37,295,63,395
2137243,26,193,14,233
2137244,27,157,22,206
2137245,47,326,37,410
2137246,34,264,33,331
2137247,42,232,27,301
2137248,30,180,46,256
2137301,44,262,12,318
2137302,23,229,13,265
2137303,46,309,15,370
2137304,36,235,6,277
2137305,27,147,0,174
2137306,20,147,7,174
2137307,20,167,3,190
2137308,38,406,25,469
2137309,41,325,16,382
2137310,24,210,9,243
2137311,45,400,33,478
2137312,34,203,23,260
2137313,30,205,20,255
2137314,21,214,60,295
2137315,40,278,26,344
2137316,46,272,121,439
2137317,32,185,18,235
2137318,48,277,3,328
2137319,15,185,7,207
2137320,22,160,7,189
2137321,26,240,5,271
2137322,45,260,12,317
2137323,60,367,28,455
2137324,34,274,37,345
2137325,47,258,21,326
2137326,38,254,18,310
2137327,45,287,27,359
2137328,34,223,16,273
2137329,19,142,13,174
2137330,35,322,35,392
2137331,76,360,17,453
2137332,43,259,15,317
2137333,16,172,10,198
2137334,38,258,21,317
2137335,36,340,28,404
2137336,57,352,18,427
2137337,24,187,15,226
2137338,30,256,17,303
2137339,51,421,162,634
2137340,50,400,33,483
2137341,42,342,17,401
2137342,35,399,17,451
2137343,30,188,6,224
2137344,0,0,0,0
2137345,20,139,12,171
2137346,32,241,0,273
2137401,37,282,12,331
2137402,44,450,33,527
2137403,33,212,15,260
2137404,57,341,31,429
2137405,31,290,31,352
2137406,47,360,18,425
2137407,55,538,25,618
2137408,41,356,18,415
2137409,22,213,12,247
2137410,39,247,18,304
2137411,35,281,24,340
2137412,26,181,14,221
2137413,49,386,15,450
2137414,53,597,32,682
2137415,31,239,16,286
2137416,37,244,17,298
2137417,39,370,13,422
2137418,38,204,9,251
2137419,47,228,10,285
2137420,30,234,0,264
2137421,26,247,7,280
2137422,33,245,10,288
2137423,18,183,12,213
2137424,49,376,23,448
2137425,37,223,19,279
2137426,50,243,11,304
2137427,74,485,23,582
2137428,52,343,31,426
2137429,58,379,21,458
2137430,44,258,9,311
2137431,26,228,6,260
2137432,51,253,9,313
2137433,29,267,15,311
2137434,37,260,13,310
2137435,0,4,0,4
2137436,45,345,29,419
2137437,29,274,9,312
2137438,33,360,28,421
2137439,20,152,14,186
2137440,22,201,16,239
2137441,43,324,21,388
2137442,42,301,15,358
2137443,59,331,21,411
2137444,72,429,37,538
2137445,46,327,18,391
2137446,17,237,20,274
2137447,26,305,26,357
2137448,32,326,16,374
2137449,31,228,37,296
2137450,30,221,15,266
2137451,35,263,11,309
2137501,18,141,32,191
2137502,12,132,13,157
2137503,12,153,15,180
2137504,52,269,61,382
2137505,32,296,33,361
2137506,31,202,42,275
2137507,37,360,29,426
2137508,48,295,29,372
2137509,0,0,0,0
2137510,70,418,61,549
2137511,53,327,51,431
2137512,30,275,13,318
2137513,60,289,3,352
2137514,27,213,21,261
2137515,61,321,26,408
2137516,30,211,34,275
2137517,53,353,29,435
2137518,24,203,55,282
2137519,55,339,28,422
2137520,49,288,29,366
2137521,31,296,21,348
2137522,45,304,55,404
2137523,47,289,46,382
2137524,28,272,46,346
2137525,0,3,0,3
2137526,58,382,31,471
2137527,56,352,32,440
2137528,36,311,39,386
2137529,24,243,23,290
2137530,21,183,25,229
2137531,29,264,15,308
2137532,29,216,55,300
2137533,37,274,49,360
2137534,34,183,17,234
2137535,41,238,38,317
2137536,35,222,14,271
2137537,41,274,32,347
2137538,29,308,65,402
2137539,40,315,39,394
2137540,48,293,48,389
2137541,38,272,20,330
2137601,20,174,14,208
2137602,84,1093,53,1230
2137603,59,443,53,555
2137604,35,221,18,274
2137605,34,446,23,503
2137606,57,428,45,530
2137607,27,189,16,232
2137608,18,194,15,227
2137609,13,155,24,192
2137610,25,219,3,247
2137611,36,249,15,300
2137612,36,252,12,300
2137613,35,327,17,379
2137614,40,324,27,391
2137615,32,350,19,401
2137616,38,278,15,331
2137617,80,707,30,817
2137618,22,196,21,239
2137619,37,278,16,331
2137620,18,233,15,266
2137701,32,172,26,230
2137702,53,333,51,437
2137703,34,285,24,343
2137704,34,171,27,232
2137705,3,13,3,19
2137706,23,171,21,215
2137707,49,314,13,376
2137708,34,209,24,267
2137709,46,227,6,279
2137710,37,235,18,290
2137711,25,198,24,247
2137712,54,299,28,381
2137713,27,165,16,208
2137714,23,244,34,301
2137715,34,192,24,250
2137716,36,304,157,497
2137717,33,241,23,297
2137718,49,210,26,285
2137719,40,328,25,393
2137720,37,309,25,371
2137721,24,266,44,334
2137722,60,362,29,451
2137723,26,181,15,222
2137724,53,243,37,333
2137725,43,286,34,363
2137801,45,190,47,282
2137802,16,239,22,277
2137803,54,219,37,310
2137804,29,202,14,245
2137805,15,80,0,95
2137806,20,176,12,208
2137807,51,270,28,349
2137808,25,237,18,280
2137809,35,253,28,316
2137810,41,272,9,322
2137811,41,180,3,224
2137812,41,253,41,335
2137813,13,133,19,165
2137814,49,246,10,305
2137815,33,242,24,299
2137816,32,158,18,208
2137817,17,58,3,78
2137818,15,106,9,130
2137901,30,156,28,214
2137902,55,369,64,488
2137903,27,398,35,460
2137904,35,275,30,340
2137905,31,274,31,336
2137906,56,437,46,539
2137907,42,247,25,314
2137908,41,202,38,281
2137909,71,461,72,604
2137910,51,481,28,560
2137911,46,414,18,478
2137912,34,411,42,487
2137913,49,395,45,489
2137914,39,288,32,359
2137915,37,321,18,376
2137916,25,236,30,291
2137917,41,239,33,313
2137918,59,312,47,418
2137919,30,187,17,234
2137920,45,256,46,347
2137921,33,194,25,252
2137922,43,324,29,396
2137923,28,197,18,243
2137924,36,286,23,345
2137925,33,245,26,304
2137926,34,206,6,246
2137927,41,158,18,217
2137928,26,235,12,273
2137929,27,259,15,301
2137930,44,323,24,391
2137931,48,262,32,342
2137932,40,230,28,298
2137933,37,261,32,330
2137934,54,318,24,396
2137935,41,250,38,329
2137936,19,130,15,164
2137937,42,413,22,477
2137938,47,202,24,273
2137939,34,215,21,270
2137940,23,924,37,984
2137941,86,449,35,570
2137942,0,3,0,3
2137943,30,236,52,318
2137944,43,225,49,317
2137945,40,285,30,355
2138001,39,229,24,292
2138002,26,241,34,301
2138003,19,213,34,266
2138004,44,341,42,427
2138005,43,298,30,371
2138006,18,201,8,227
2138007,37,288,26,351
2138008,49,345,32,426
2138009,43,230,27,300
2138010,48,240,28,316
2138011,35,288,31,354
2138012,28,211,21,260
2138013,9,113,135,257
2138014,61,395,48,504
2138015,60,367,97,524
2138016,61,346,42,449
2138017,42,225,10,277
2138018,57,379,32,468
2138019,19,152,9,180
2138020,33,276,29,338
2138021,33,194,16,243
2138022,43,235,18,296
2138023,22,249,28,299
2138024,42,239,18,299
2138025,32,195,21,248
2138026,26,234,12,272
2138027,36,303,18,357
2138028,34,267,45,346
2138029,32,326,25,383
2138030,27,237,27,291
2138031,43,263,17,323
2138032,32,178,14,224
2138033,25,212,25,262
2138034,44,342,15,401
2138035,49,268,23,340
2138036,39,288,45,372
2138037,23,234,12,269
2138038,41,328,12,381
2138039,58,428,117,603
2138040,48,281,7,336
2138041,48,321,14,383
2138042,35,202,9,246
2138043,45,268,18,331
2138044,15,191,15,221
2138045,38,314,5,357
2138046,20,153,18,191
2138047,38,139,35,212
2138048,0,0,0,0
2138049,66,370,54,490
2138050,31,208,12,251
2138051,29,139,25,193
2138052,0,4,0,4
2138053,33,250,30,313
2138054,35,221,27,283
2138055,19,241,16,276
2138056,46,290,15,351
2138057,22,261,40,323
2138058,63,447,16,526
2138059,0,6,0,6
2138101,37,289,27,353
2138102,23,253,30,306
2138103,33,271,12,316
2138104,30,251,24,305
2138105,42,262,24,328
2138106,48,264,18,330
2138107,19,214,14,247
2138108,33,193,37,263
2138109,47,285,39,371
2138110,32,235,14,281
2138111,27,144,10,181
2138112,34,189,7,230
2138113,58,317,40,415
2138114,41,332,3,376
2138115,53,287,15,355
2138116,38,302,22,362
2138117,30,193,7,230
2138118,40,216,12,268
2138119,25,153,6,184
2138120,50,339,27,416
2138121,30,203,6,239
2138122,26,252,31,309
2138123,10,207,10,227
2138124,60,377,19,456
2138125,49,330,21,400
2138126,26,161,24,211
2138127,32,205,13,250
2138128,15,209,3,227
2138129,42,266,31,339
2138130,41,326,27,394
2138131,35,182,13,230
2138132,56,314,12,382
2138133,17,182,3,202
2138134,46,404,32,482
2138135,38,242,22,302
2138136,42,259,27,328
2138137,73,355,38,466
2138138,40,330,58,428
2138139,42,292,18,352
2138140,24,180,14,218
2138141,34,303,24,361
2138142,32,225,12,269
2138143,53,277,15,345
2138144,29,155,7,191
2138201,42,320,40,402
2138202,32,149,7,188
2138203,42,266,26,334
2138204,49,284,24,357
2138205,0,3,0,3
2138206,22,179,15,216
2138207,22,155,27,204
2138208,25,222,20,267
2138209,39,257,13,309
2138210,42,207,43,292
2138211,38,306,23,367
2138212,38,298,138,474
2138213,12,197,12,221
2138214,26,174,9,209
2138215,34,297,25,356
2138216,32,358,12,402
2138217,48,420,18,486
2138218,47,303,12,362
2138219,45,267,6,318
2138220,63,371,25,459
2138221,44,304,36,384
2138222,47,324,52,423
2138223,37,212,13,262
2138224,58,285,50,393
2138225,28,216,24,268
2138226,36,211,21,268
2138227,73,507,65,645
2138228,70,519,19,608
2138229,25,360,152,537
2138230,26,181,15,222
2138231,28,212,9,249
2138232,40,391,17,448
2138233,34,360,36,430
2138234,32,157,12,201
2138235,27,191,10,228
2138236,36,213,12,261
2138237,27,213,18,258
2138238,49,328,15,392
2138239,40,266,23,329
2138240,24,267,20,311
2138301,18,158,37,213
2138302,53,314,24,391
2138303,25,163,16,204
2138304,35,231,33,299
2138305,29,280,23,332
2138306,46,358,41,445
2138307,68,378,64,510
2138308,28,173,10,211
2138309,33,213,26,272
2138310,48,319,32,399
2138311,58,351,42,451
2138312,35,213,42,290
2138313,25,143,33,201
2138314,29,214,20,263
2138315,30,197,28,255
2138316,38,245,32,315
2138317,48,273,24,345
2138318,24,157,25,206
2138319,49,266,46,361
2138320,41,208,33,282
2138321,37,226,75,338
2138322,34,200,31,265
2138323,60,301,51,412
2138324,28,178,28,234
2138325,46,269,47,362
2138326,55,259,25,339
2138327,56,274,15,345
2138328,45,306,53,404
2138329,33,276,61,370
2138330,33,217,23,273
2138331,51,275,34,360
2138332,30,206,29,265
2138333,17,147,18,182
2138334,39,246,19,304
2138335,40,234,79,353
2138336,41,253,51,345
2138337,39,251,32,322
2138338,37,193,25,255
2138339,54,250,41,345
2138340,0,0,0,0
2138341,22,156,24,202
2138342,44,300,20,364
2138343,26,259,22,307
2138344,43,236,20,299
2138401,49,296,57,402
2138402,53,295,32,380
2138403,27,122,16,165
2138404,37,247,33,317
2138405,30,335,44,409
2138406,64,418,89,571
2138407,0,0,0,0
2138408,33,275,40,348
2138409,83,330,58,471
2138410,45,188,28,261
2138411,45,184,27,256
2138412,36,209,12,257
2138413,30,250,20,300
2138414,51,335,85,471
2138415,18,177,62,257
2138416,44,272,76,392
2138417,34,243,47,324
2138418,59,344,64,467
2138419,43,299,40,382
2138420,36,312,53,401
2138421,41,264,37,342
2138422,26,156,13,195
2138423,71,591,32,694
2138424,58,311,22,391
2138425,54,289,30,373
2138426,35,217,29,281
2138427,30,209,31,270
2138428,33,173,34,240
2138429,45,308,39,392
2138430,34,237,43,314
2138431,69,334,58,461
2138432,48,208,30,286
2138433,33,124,24,181
2138434,61,357,44,462
2138435,45,321,42,408
2138436,27,265,21,313
2138437,32,199,10,241
2138438,41,208,15,264
2138439,27,171,12,210
2138440,44,245,63,352
2138441,43,275,37,355
2138442,46,249,28,323
2138443,52,331,35,418
2138444,36,217,28,281
2138445,30,192,35,257
2138446,35,186,19,240
2138447,50,306,26,382
2138448,55,397,15,467
2138449,22,165,17,204
2138450,54,249,41,344
2138501,32,192,12,236
2138502,34,188,11,233
2138503,45,314,30,389
2138504,45,270,33,348
2138505,32,185,6,223
2138506,38,201,18,257
2138507,21,143,29,193
2138508,45,318,37,400
2138509,40,162,16,218
2138510,24,202,21,247
2138511,28,207,12,247
2138512,30,195,7,232
2138513,25,253,9,287
2138514,30,304,32,366
2138515,18,189,9,216
2138516,40,394,21,455
2138517,51,357,29,437
2138518,33,216,26,275
2138519,47,291,5,343
2138520,22,262,46,330
2138521,28,198,10,236
2138522,41,199,15,255
2138523,41,308,30,379
2138524,27,194,25,246
2138525,41,271,18,330
2138526,16,184,27,227
2138527,28,325,25,378
2138528,46,301,21,368
2138529,72,462,29,563
2138530,28,177,23,228
2138531,41,230,13,284
2138532,37,303,6,346
2138533,29,283,19,331
2138534,42,251,12,305
2138535,48,357,14,419
2138536,28,204,12,244
2138537,64,413,30,507
2138538,29,204,15,248
2138539,33,195,15,243
2138540,49,222,15,286
2138541,33,178,15,226
2138542,38,221,24,283
2138543,39,200,28,267
2138544,20,162,3,185
2138545,14,137,15,166
2138546,32,231,24,287
2138547,21,163,9,193
2138601,6,94,0,100
2138602,29,201,71,301
2138603,22,174,21,217
2138604,44,228,27,299
2138605,17,157,24,198
2138606,37,281,25,343
2138607,21,182,15,218
2138608,37,218,39,294
2138609,25,217,14,256
2138610,39,194,15,248
2138611,20,142,13,175
2138612,54,348,28,430
2138613,41,238,15,294
2138614,46,259,27,332
2138615,27,161,14,202
2138616,39,239,23,301
2138617,34,188,6,228
2138618,26,167,29,222
2138619,34,225,32,291
2138620,17,190,25,232
2138621,54,310,4,368
2138622,32,172,29,233
2138623,51,322,41,414
2138624,0,38,387,425
2138701,38,216,32,286
2138702,37,256,30,323
2138703,28,165,19,212
2138704,34,158,14,206
2138705,38,192,17,247
2138706,30,208,15,253
2138707,34,198,13,245
2138708,33,220,9,262
2138709,12,121,10,143
2138710,41,168,22,231
2138801,50,261,12,323
2138802,34,222,40,296
2138803,39,240,40,319
2138804,68,369,21,458
2138805,38,324,33,395
2138806,33,317,21,371
2138807,54,379,102,535
2138808,33,294,32,359
2138809,35,218,35,288
2138810,53,186,40,279
2138811,19,214,0,233
2138812,42,326,25,393
2138813,36,338,21,395
2138814,41,274,15,330
2138815,24,171,21,216
2138816,72,302,36,410
2138817,74,475,44,593
2138818,37,252,19,308
2138819,29,220,6,255
2138820,19,137,18,174
2138821,50,343,20,413
2138822,48,299,35,382
2138823,92,416,38,546
2138824,42,264,33,339
2138825,39,199,18,256
2138826,22,246,10,278
2138827,29,127,9,165
2138828,54,453,43,550
2138829,48,258,21,327
2138830,42,240,23,305
2138831,27,242,44,313
2138832,50,287,26,363
2138833,36,266,16,318
2138834,32,218,22,272
2138835,35,328,28,391
2138836,53,308,22,383
2138837,38,215,24,277
2138901,32,156,9,197
2138902,16,138,12,166
2138903,48,196,12,256
2138904,41,215,13,269
2138905,36,144,12,192
2138906,18,143,15,176
2138907,46,249,68,363
2138908,45,211,16,272
2138909,27,148,27,202
2138910,26,186,16,228
2138911,45,177,9,231
2138912,26,153,11,190
2139001,25,167,12,204
2139002,17,206,17,240
2139003,30,175,13,218
2139004,28,161,11,200
2139005,15,145,12,172
2139006,5,17,3,25
2139007,31,159,9,199
2139008,0,0,0,0
2139009,29,161,21,211
2139010,36,190,4,230
2139011,16,157,10,183
2139012,23,163,9,195
2139013,24,188,17,229
2139014,27,169,20,216
2139015,23,133,19,175
2139016,53,268,24,345
2139017,41,234,42,317
2139018,11,74,12,97
2139019,50,316,31,397
2139020,12,166,20,198
2139021,24,208,12,244
2139022,45,205,24,274
2139023,18,138,21,177
2139024,20,159,24,203
2139025,10,107,9,126
2139026,19,140,18,177
2139027,44,178,9,231
2139028,38,180,18,236
2139029,15,127,15,157
2139030,0,0,0,0
2139101,13,115,3,131
2139102,56,326,54,436
2139103,66,334,35,435
2139104,38,236,21,295
2139105,27,188,26,241
2139106,37,209,27,273
2139107,45,264,22,331
2139108,19,165,7,191
2139109,27,227,21,275
2139110,70,268,21,359
2139201,18,106,9,133
2139202,44,289,32,365
2139203,9,144,23,176
2139204,43,277,19,339
2139205,38,209,15,262
2139206,26,170,24,220
2139207,24,109,9,142
2139208,28,221,30,279
2139209,32,225,17,274
2139210,37,201,8,246
2139211,33,260,45,338
2139212,31,219,21,271
2139213,29,196,25,250
2139214,37,206,14,257
2139215,32,177,12,221
2139216,35,211,21,267
2139217,49,239,27,315
2139218,35,244,18,297
2139219,47,217,24,288
2139220,60,344,57,461
2139221,25,136,23,184
2139222,41,222,42,305
2139223,34,267,34,335
2139224,25,184,9,218
2139225,14,196,23,233
2139226,12,125,9,146
2139301,33,123,12,168
2139302,33,168,3,204
2139303,33,210,15,258
2139304,24,113,10,147
2139305,23,271,25,319
2139306,34,220,15,269
2139307,19,179,6,204
2139308,28,164,19,211
2139309,35,129,22,186
2139310,45,313,41,399
2139401,42,241,42,325
2139402,56,257,12,325
2139403,37,157,9,203
2139404,39,277,39,355
2139405,46,342,60,448
2139406,42,190,30,262
2139407,43,279,36,358
2139408,51,246,21,318
2139409,54,273,44,371
2139410,70,274,44,388
2139411,38,201,16,255
2139412,37,237,28,302
2139413,23,120,3,146
2139414,22,113,9,144
2139415,30,129,18,177
2139416,27,213,19,259
2139417,20,123,20,163
2139418,22,142,9,173
2139419,50,271,26,347
2139420,24,184,47,255
2139421,34,170,28,232
2139501,23,237,20,280
2139502,29,234,26,289
2139503,32,173,15,220
2139504,45,315,27,387
2139505,26,238,40,304
2139506,56,325,23,404
2139507,35,250,21,306
2139508,5,140,22,167
2139509,29,151,18,198
2139510,101,653,63,817
2139511,18,79,11,108
2139512,24,148,8,180
2139513,46,276,27,349
2139514,35,188,21,244
2139515,25,99,24,148
2139516,35,196,20,251
2139517,28,174,13,215
2139518,0,0,0,0
2139519,0,0,0,0
2139520,19,114,12,145
2139601,34,163,17,214
2139602,22,80,7,109
2139603,39,266,31,336
2139604,38,191,24,253
2139605,57,357,29,443
2139606,56,295,13,364
2139607,35,180,18,233
2139608,42,225,36,303
2139609,29,174,9,212
2139610,16,79,0,95
2139611,20,171,31,222
2139612,33,198,10,241
2139613,40,191,21,252
2139614,39,210,19,268
2139615,16,84,8,108
2139701,43,309,23,375
2139702,57,348,38,443
2139703,20,190,27,237
2139704,29,178,32,239
2139705,43,284,26,353
2139706,28,290,39,357
2139707,37,196,13,246
2139708,57,306,54,417
2139709,71,321,47,439
2139710,21,211,42,274
2139711,21,181,32,234
2139712,35,240,46,321
2139713,23,238,37,298
2139714,37,255,28,320
2139715,35,331,32,398
2139716,46,402,40,488
2139717,72,354,61,487
2139718,44,220,60,324
2139719,58,277,17,352
2139720,32,258,30,320
2139721,42,254,42,338
2139722,33,207,65,305
2139723,21,171,24,216
2139724,30,260,40,330
2139725,56,303,100,459
2139726,15,213,42,270
2139727,63,291,49,403
2139728,38,240,33,311
2139729,47,300,49,396
2139730,39,207,27,273
2139731,33,261,61,355
2139732,44,275,88,407
2139733,27,219,105,351
2139734,58,281,42,381
2139735,19,109,23,151
2139736,22,174,26,222
2139737,47,218,15,280
2139738,30,195,24,249
2139739,38,264,35,337
2139740,25,164,14,203
2139741,38,276,21,335
2139742,36,207,21,264
2139743,39,307,55,401
2139744,47,404,40,491
2139745,24,168,44,236
2139746,51,334,39,424
2139747,18,131,12,161
2139748,33,231,16,280
2139749,39,230,36,305
2139750,56,356,20,432
2139751,83,511,33,627
2139752,83,582,46,711
2139753,31,317,44,392
2139754,30,260,26,316
2139755,34,277,42,353
2139756,24,158,27,209
2139757,53,292,31,376
2139758,27,180,16,223
2139759,32,162,10,204
2139760,46,403,41,490
2139761,51,239,29,319
2139762,38,243,32,313
2139763,26,144,12,182
2139764,37,270,18,325
2139765,26,207,29,262
2139766,30,207,24,261
2139767,24,135,32,191
2139768,37,186,9,232
2139769,9,76,19,104
2139770,24,148,10,182
2139771,53,349,35,437
2139772,50,379,42,471
2139773,33,170,24,227
2139774,36,282,18,336
2139801,23,134,8,165
2139802,58,353,32,443
2139803,24,237,26,287
2139804,0,0,0,0
2139805,0,0,3,3
2139806,48,202,31,281
2139807,31,166,20,217
2139808,3,9,0,12
2139809,17,73,0,90
2139810,21,139,18,178
2139811,52,259,14,325
2139812,34,225,18,277
2139813,17,204,31,252
2139814,23,147,20,190
2139815,49,275,30,354
2139901,0,0,0,0
2139902,38,166,21,225
2139903,26,122,11,159
2139904,23,201,26,250
2139905,23,150,21,194
2139906,19,165,27,211
2139907,22,122,22,166
2139908,39,206,16,261
2139909,54,254,37,345
2139910,40,294,19,353
2139911,70,443,31,544
2139912,41,230,36,307
2139913,35,202,33,270
2139914,51,273,25,349
2139915,34,221,28,283
2139916,24,156,12,192
2139917,20,200,10,230
2140001,25,171,17,213
2140002,24,116,12,152
2140003,32,131,5,168
2140004,28,128,14,170
2140005,30,125,28,183
2140006,45,275,28,348
2140007,53,245,30,328
2140008,30,183,27,240
2140009,30,210,14,254
2140010,25,113,6,144
2140011,56,271,17,344
2140012,45,201,26,272
2140013,32,214,23,269
2140014,29,178,31,238
2140015,25,220,30,275
2140016,48,202,6,256
2140017,40,193,17,250
2140018,38,288,44,370
2140019,28,219,11,258
2140020,43,207,12,262
2140021,42,151,21,214
2140101,22,135,15,172
2140102,24,130,13,167
2140103,17,186,16,219
2140104,21,162,24,207
2140105,26,156,30,212
2140106,45,307,44,396
2140107,32,197,33,262
2140108,29,131,12,172
2140109,18,98,0,116
2140110,30,220,19,269
2140111,19,124,8,151
2140112,33,193,14,240
2140113,30,209,15,254
2140114,52,330,23,405
2140115,9,72,6,87
2140116,20,141,3,164
2140117,29,193,41,263
2140118,28,222,22,272
2140119,14,128,18,160
2140120,31,263,24,318
2140121,21,205,22,248
2140122,43,264,53,360
2140123,20,141,13,174
2140201,44,176,23,243
2140202,30,203,23,256
2140203,27,185,23,235
2140204,54,314,54,422
2140205,11,79,3,93
2140206,27,198,21,246
2140207,19,97,18,134
2140208,34,233,42,309
2140209,31,186,38,255
2140210,24,96,6,126
2140211,18,86,15,119
2140212,37,272,45,354
2140213,40,305,33,378
2140301,34,155,64,253
2140302,48,233,52,333
2140303,0,0,0,0
2140304,23,166,38,227
2140305,29,263,67,359
2140306,27,180,25,232
2140307,10,107,42,159
2140308,30,200,61,291
2140309,29,151,21,201
2140310,15,145,39,199
2140311,52,263,142,457
2140312,0,0,0,0
2140401,41,328,45,414
2140402,61,401,41,503
2140403,32,147,10,189
2140404,20,166,27,213
2140405,34,277,35,346
2140406,17,151,14,182
2140407,28,239,14,281
2140408,27,219,32,278
2140409,31,147,24,202
2140410,49,355,29,433
2140411,20,118,8,146
2140412,37,226,23,286
2140413,26,281,41,348
2140414,41,317,33,391
2140415,33,213,33,279
2140416,48,318,51,417
2140417,54,251,27,332
2140418,37,152,6,195
2140419,74,304,24,402
2140420,52,375,19,446
2140421,29,203,47,279
2140422,58,274,34,366
2140423,31,153,15,199
2140424,37,213,32,282
2140425,51,344,39,434
2140426,41,260,29,330
2140427,21,141,15,177
2140501,33,208,37,278
2140502,8,88,13,109
2140503,29,208,16,253
2140504,30,174,20,224
2140505,56,359,51,466
2140506,14,113,15,142
2140507,20,174,19,213
2140508,24,156,9,189
2140509,27,125,13,165
2140510,12,93,16,121
2140511,28,181,15,224
2140512,27,196,21,244
2140513,26,172,24,222
2140514,26,144,10,180
2140515,35,220,24,279
2140516,27,169,17,213
2140517,20,147,18,185
2140518,36,253,33,322
2140519,33,214,31,278
2140520,47,218,27,292
2140521,35,192,25,252
2140522,23,118,6,147
2140523,16,135,15,166
2140601,38,237,48,323
2140602,76,352,64,492
2140603,25,197,37,259
2140604,42,289,39,370
2140605,23,139,23,185
2140606,37,145,14,196
2140607,66,329,46,441
2140608,0,3,0,3
2140609,30,196,16,242
2140610,24,136,13,173
2140611,18,224,22,264
2140612,46,236,22,304
2140613,27,163,16,206
2140614,28,155,22,205
2140615,21,204,21,246
2140616,47,289,21,357
2140617,71,372,30,473
2140618,27,191,16,234
2140619,49,266,51,366
2140620,25,311,46,382
2140621,46,270,41,357
2140622,31,210,28,269
2140623,40,242,39,321
2140624,31,205,19,255
2140625,38,202,28,268
2140626,49,322,42,413
2140627,44,318,12,374
2140628,0,0,0,0
2140629,37,370,53,460
2140630,39,260,22,321
2140631,33,213,13,259
2140632,5,72,0,77
2140633,24,126,27,177
2140634,59,384,29,472
2140635,63,365,12,440
2140636,25,121,12,158
2140637,27,115,6,148
2140638,25,169,14,208
2140639,26,208,24,258
2140640,37,247,12,296
2140701,35,192,32,259
2140702,47,249,24,320
2140703,35,201,18,254
2140704,38,257,33,328
2140705,33,188,21,242
2140706,28,243,21,292
2140707,38,228,32,298
2140708,40,219,31,290
2140709,65,279,30,374
2140710,42,256,49,347
2140711,49,405,44,498
2140712,42,204,27,273
2140713,31,207,21,259
2140714,0,0,0,0
2140715,41,197,21,259
2140716,37,242,28,307
2140717,47,208,12,267
2140718,48,271,27,346
2140719,44,341,23,408
2140720,12,134,18,164
2140721,41,329,19,389
2140722,50,341,35,426
2140723,35,229,14,278
2140724,32,284,43,359
2140725,31,205,36,272
2140726,49,226,18,293
2140727,28,175,18,221
2140728,15,140,9,164
2140729,16,112,18,146
2140730,30,166,23,219
2140801,38,227,31,296
2140802,28,118,12,158
2140803,49,249,15,313
2140804,28,139,3,170
2140805,31,198,15,244
2140806,25,173,14,212
2140807,29,229,36,294
2140808,44,251,21,316
2140809,14,129,3,146
2140810,27,149,25,201
2140811,21,179,19,219
2140812,30,159,18,207
2140813,12,109,6,127
2140901,47,213,23,283
2140902,26,166,6,198
2140903,31,231,87,349
2140904,55,294,36,385
2140905,49,281,19,349
2140906,46,211,26,283
2140907,32,248,20,300
2140908,40,192,25,257
2140909,34,249,24,307
2140910,55,308,29,392
2140911,0,0,0,0
2141001,40,296,21,357
2141002,30,202,18,250
2141003,39,215,39,293
2141004,46,170,18,234
2141005,39,172,18,229
2141006,38,250,22,310
2141007,28,174,42,244
2141008,56,294,37,387
2141009,36,152,34,222
2141010,19,125,16,160
2141011,17,114,15,146
2141012,36,211,39,286
2141013,16,71,3,90
2141014,41,177,15,233
2141101,27,208,30,265
2141102,25,188,8,221
2141103,24,176,21,221
2141104,26,125,6,157
2141105,38,289,21,348
2141106,30,262,20,312
2141107,55,267,45,367
2141108,47,307,52,406
2141109,45,372,54,471
2141110,79,334,92,505
2141111,17,145,18,180
2141112,21,179,27,227
2141113,40,245,19,304
2141114,22,236,23,281
2141115,48,319,24,391
2141116,21,136,33,190
2141117,21,134,6,161
2141201,26,173,27,226
2141202,29,189,22,240
2141203,24,245,30,299
2141204,28,174,9,211
2141205,26,140,15,181
2141206,32,164,21,217
2141207,31,225,18,274
2141208,16,132,6,154
2141209,28,234,16,278
2141301,43,238,14,295
2141302,28,239,21,288
2141303,18,100,7,125
2141304,31,219,9,259
2141305,12,73,0,85
2141306,11,104,23,138
2141307,38,299,24,361
2141308,38,313,7,358
2141309,46,230,22,298
2141310,14,92,3,109
2141311,29,105,7,141
2141312,25,153,19,197
2141313,29,182,13,224
2141314,40,278,22,340
2141315,12,109,9,130
2141316,17,165,23,205
2141317,21,157,18,196
2141318,40,253,18,311
2141319,43,320,58,421
2141320,30,135,28,193
2141321,23,232,17,272
2141322,23,219,33,275
2141323,45,295,39,379
2141324,45,250,18,313
2141325,32,149,29,210
2141326,26,159,20,205
2141327,36,230,15,281
2141328,17,153,10,180
2141329,34,279,21,334
2141330,54,360,24,438
2141331,63,316,47,426
2141332,58,315,49,422
2141333,45,284,39,368
2141334,11,172,23,206
2141335,33,294,42,369
2141336,48,189,32,269
2141337,0,0,0,0
2141338,27,109,21,157
2141401,46,274,73,393
2141402,43,216,35,294
2141403,18,116,19,153
2141404,47,238,42,327
2141405,27,301,25,353
2141406,60,297,66,423
2141407,35,265,23,323
2141408,54,235,59,348
2141409,51,326,58,435
2141410,24,173,0,197
2141411,57,332,82,471
2141412,65,473,81,619
2141413,39,272,29,340
2141414,30,182,17,229
2141415,23,144,34,201
2141416,30,189,32,251
2141417,48,289,68,405
2141418,0,21,15,36
2141501,38,285,48,371
2141502,32,225,21,278
2141503,21,188,19,228
2141504,42,211,41,294
2141505,15,120,18,153
2141506,38,265,22,325
2141507,57,300,45,402
2141508,42,236,28,306
2141509,63,275,21,359
2141510,22,149,11,182
2141511,33,268,27,328
2141512,34,312,24,370
2141513,53,481,58,592
2141514,26,187,9,222
2141515,39,224,48,311
2141516,65,336,40,441
2141517,72,332,23,427
2141518,9,77,12,98
2141519,43,235,30,308
2141520,16,162,18,196
2141601,41,273,24,338
2141602,59,297,18,374
2141603,21,129,30,180
2141604,34,288,36,358
2141605,15,279,30,324
2141606,29,273,47,349
2141607,48,239,15,302
2141608,45,298,30,373
2141609,47,338,30,415
2141610,30,240,6,276
2141611,38,300,21,359
2141612,22,176,10,208
2141613,0,0,0,0
2141614,26,152,27,205
2141615,34,198,15,247
2141616,32,262,22,316
2141617,18,173,11,202
2141618,15,195,28,238
2141619,45,263,36,344
2141620,42,245,17,304
2141621,44,284,54,382
2141622,48,466,19,533
2141623,56,353,35,444
2141624,29,187,30,246
2141625,33,181,40,254
2141626,40,229,57,326
2141627,33,203,47,283
2141628,44,237,39,320
2141629,26,241,44,311
2141630,43,250,25,318
2141631,11,201,35,247
2141632,39,325,64,428
2141633,18,145,30,193
2141634,41,261,27,329
2141635,48,342,35,425
2141636,38,256,54,348
2141637,43,261,15,319
2141638,58,313,35,406
2141639,64,318,29,411
2141640,16,137,18,171
2141641,36,267,37,340
2141642,34,238,47,319
2141643,23,135,26,184
2141644,45,241,29,315
2141701,48,291,21,360
2141702,48,292,18,358
2141703,37,265,47,349
2141704,36,271,42,349
2141705,58,274,36,368
2141706,23,244,38,305
2141707,50,392,38,480
2141708,32,205,24,261
2141709,37,249,11,297
2141710,15,126,19,160
2141711,24,133,13,170
2141712,54,341,47,442
2141713,48,292,16,356
2141714,16,180,15,211
2141715,44,337,38,419
2141716,37,234,18,289
2141717,83,581,85,749
2141718,27,196,15,238
2141719,35,432,34,501
2141720,51,377,43,471
2141721,18,182,30,230
2141722,31,306,22,359
2141723,54,259,40,353
2141724,31,198,46,275
2141725,60,340,88,488
2141726,28,306,47,381
2141727,30,197,39,266
2141728,27,189,36,252
2141729,24,162,11,197
2141730,58,355,53,466
2141731,45,364,60,469
2141732,28,378,40,446
2141733,28,130,11,169
2141734,23,186,34,243
2141735,23,138,18,179
2141736,42,282,17,341
2141737,21,150,15,186
2141738,28,176,29,233
2141739,21,160,16,197
2141740,24,194,25,243
2141741,28,171,12,211
2141742,25,219,30,274
2141743,45,279,51,375
2141744,54,327,40,421
2141745,40,293,27,360
2141746,33,162,33,228
2141747,37,254,38,329
2141748,26,204,27,257
2141749,49,289,21,359
2141750,48,380,32,460
2141751,29,248,12,289
2141801,14,147,10,171
2141802,33,158,20,211
2141803,56,269,21,346
2141804,18,104,6,128
2141805,49,274,30,353
2141806,35,186,25,246
2141807,28,148,11,187
2141808,27,196,27,250
2141809,49,333,31,413
2141810,34,172,10,216
2141811,25,154,9,188
2141812,26,146,15,187
2141813,23,184,7,214
2141901,15,131,13,159
2141902,17,114,10,141
2141903,27,203,64,294
2141904,57,250,37,344
2141905,28,186,13,227
2141906,35,268,32,335
2141907,50,304,38,392
2141908,30,221,12,263
2141909,31,182,6,219
2141910,47,322,39,408
2141911,29,124,12,165
2141912,21,191,9,221
2141913,38,165,9,212
2141914,46,288,25,359
2141915,27,110,213,350
2141916,36,187,15,238
2141917,20,172,18,210
2141918,34,194,18,246
2141919,40,274,27,341
2141920,29,231,12,272
2141921,18,192,27,237
2141922,39,197,27,263
2141923,16,151,11,178
2141924,24,186,24,234
2141925,21,165,15,201
2141926,40,300,27,367
2141927,29,245,30,304
2141928,21,168,9,198
2141929,53,328,33,414
2142001,28,169,22,219
2142002,36,277,44,357
2142003,14,148,15,177
2142004,37,222,27,286
2142005,39,233,18,290
2142006,25,151,19,195
2142007,38,272,14,324
2142008,13,185,10,208
2142009,11,116,9,136
2142010,25,245,22,292
2142011,27,172,15,214
2142012,27,156,33,216
2142013,57,254,28,339
2142014,18,120,7,145
2142015,35,197,16,248
2142016,25,131,11,167
2142017,32,180,0,212
2142018,27,143,15,185
2142019,19,175,26,220
2142020,21,241,19,281
2142021,14,104,10,128
2142022,26,280,20,326
2142023,23,147,3,173
2142024,35,259,16,310
2142025,37,152,6,195
2142026,14,201,20,235
2142027,22,120,7,149
2142028,22,118,16,156
2142029,30,255,28,313
2142030,47,294,15,356
2142031,12,142,22,176
2142101,33,299,32,364
2142102,27,190,19,236
2142103,29,251,21,301
2142104,50,236,19,305
2142105,44,338,34,416
2142106,32,210,26,268
2142107,33,248,46,327
2142108,36,263,49,348
2142109,41,228,12,281
2142110,41,228,9,278
2142111,60,254,18,332
2142112,31,301,24,356
2142113,32,151,13,196
2142114,28,148,10,186
2142115,45,279,28,352
2142116,45,256,33,334
2142117,43,222,16,281
2142118,32,193,10,235
2142119,41,314,43,398
2142120,42,345,31,418
2142121,23,123,31,177
2142122,36,203,6,245
2142123,39,222,15,276
2142124,24,153,19,196
2142125,23,255,18,296
2142126,39,269,19,327
2142127,39,249,25,313
2142128,29,234,20,283
2142201,0,0,0,0
2142202,46,290,32,368
2142203,30,213,24,267
2142204,41,241,33,315
2142205,24,197,24,245
2142206,45,237,41,323
2142207,0,0,0,0
2142208,34,189,15,238
2142209,45,249,37,331
2142210,38,261,23,322
2142211,41,298,59,398
2142212,24,228,27,279
2142213,54,309,33,396
2142214,43,279,32,354
2142215,28,197,28,253
2142216,0,0,0,0
2142217,21,165,11,197
2142218,46,295,17,358
2142219,51,249,26,326
2142220,53,308,51,412
2142221,54,231,30,315
2142222,21,254,31,306
2142223,27,224,18,269
2142224,32,152,36,220
2142225,32,219,27,278
2142226,40,216,12,268
2142227,61,387,24,472
2142228,15,193,11,219
2142229,24,151,3,178
2142230,24,147,9,180
2142231,27,180,8,215
2142232,25,302,40,367
2142301,45,216,12,273
2142302,29,209,19,257
2142303,31,228,13,272
2142304,30,157,19,206
2142305,33,201,22,256
2142306,56,288,46,390
2142307,15,89,12,116
2142308,34,189,18,241
2142309,30,249,13,292
2142310,32,203,9,244
2142311,27,174,15,216
2142312,17,170,10,197
2142313,12,149,20,181
2142314,15,144,15,174
2142315,38,215,13,266
2142316,37,284,24,345
2142317,33,205,20,258
2142318,11,136,7,154
2142319,26,252,21,299
2142320,21,122,6,149
2142321,22,109,9,140
2142322,21,121,3,145
2142401,49,210,28,287
2142402,25,157,26,208
2142403,33,243,20,296
2142404,31,248,12,291
2142405,48,217,25,290
2142406,29,142,20,191
2142407,55,370,44,469
2142408,22,169,0,191
2142409,27,171,33,231
2142410,30,126,9,165
2142411,35,176,17,228
2142501,32,321,48,401
2142502,38,340,49,427
2142503,48,276,20,344
2142504,35,239,8,282
2142505,63,429,15,507
2142506,31,134,18,183
2142507,66,384,39,489
2142508,37,149,3,189
2142509,43,252,14,309
2142510,38,236,43,317
2142511,23,179,19,221
2142512,26,192,18,236
2142513,29,211,22,262
2142514,40,213,31,284
2142515,43,167,31,241
2142516,32,126,24,182
2142517,24,209,21,254
2142518,35,204,16,255
2142519,30,325,24,379
2142520,22,142,24,188
2142521,27,203,34,264
2142522,44,245,9,298
2142523,42,325,27,394
2142524,46,325,36,407
2142525,45,309,38,392
2142526,49,341,17,407
2142527,63,368,18,449
2142528,23,162,27,212
2142529,25,238,22,285
2142530,53,315,18,386
2142531,11,95,9,115
2142601,46,293,22,361
2142602,32,119,23,174
2142603,52,312,20,384
2142604,27,165,21,213
2142605,48,235,18,301
2142606,27,110,7,144
2142607,25,120,12,157
2142608,22,111,6,139
2142609,57,324,31,412
2142610,41,124,15,180
2142611,28,175,21,224
2142612,37,161,18,216
2142613,39,173,10,222
2142614,31,158,3,192
2142615,40,261,30,331
2142616,25,231,26,282
2142617,30,195,18,243
2142701,27,149,20,196
2142702,31,186,39,256
2142703,46,205,9,260
2142704,49,313,46,408
2142705,38,214,20,272
2142706,25,143,26,194
2142707,18,112,3,133
2142708,55,224,21,300
2142709,13,162,18,193
2142710,42,216,9,267
2142711,9,104,10,123
2142712,47,221,21,289
2142713,30,178,22,230
2142714,30,174,17,221
2142715,53,278,51,382
2142716,55,231,24,310
2142717,19,120,23,162
2142718,23,129,13,165
2142801,16,175,20,211
2142802,20,149,33,202
2142803,21,231,13,265
2142804,17,173,9,199
2142805,27,282,38,347
2142806,15,133,9,157
2142807,26,150,15,191
2142808,15,187,12,214
2142809,19,173,10,202
2142810,32,207,12,251
2142811,31,110,0,141
2142812,53,305,48,406
2142813,19,225,15,259
2142814,33,211,39,283
2142815,19,162,9,190
2142816,21,211,24,256
2142817,27,114,15,156
2142818,25,175,28,228
2142819,22,202,26,250
2142820,36,197,13,246
2142821,26,153,11,190
2142822,18,115,12,145
2142823,19,151,12,182
2142824,14,145,15,174
2142825,24,168,7,199
2142826,23,170,9,202
2142901,19,108,15,142
2142902,28,249,34,311
2142903,36,215,24,275
2142904,31,220,41,292
2142905,23,160,11,194
2142906,27,184,21,232
2142907,29,117,23,169
2142908,19,230,23,272
2142909,34,198,18,250
2142910,39,171,12,222
2142911,26,176,18,220
2142912,3,27,3,33
2142913,24,184,17,225
2142914,14,192,15,221
2142915,17,144,9,170
2142916,24,206,10,240
2142917,46,204,22,272
2142918,21,149,18,188
2142919,35,276,25,336
2142920,16,83,3,102
2142921,13,100,20,133
2142922,10,125,18,153
2142923,32,177,4,213
2142924,43,275,23,341
2143001,32,188,15,235
2143002,17,161,12,190
2143003,40,224,26,290
2143004,36,287,21,344
2143005,28,190,21,239
2143006,44,231,9,284
2143007,27,173,19,219
2143008,36,242,13,291
2143009,16,127,3,146
2143010,30,194,16,240
2143011,0,0,0,0
2143012,33,155,18,206
2143013,33,182,37,252
2143014,28,208,25,261
2143015,43,295,14,352
2143016,23,206,33,262
2143017,32,181,16,229
2143018,21,133,7,161
2143019,41,260,18,319
2143020,21,146,21,188
2143021,34,221,44,299
2143022,37,220,16,273
2143023,32,295,26,353
2143024,49,243,28,320
2143025,52,268,44,364
2143026,21,122,27,170
2143027,40,216,27,283
2143028,44,232,26,302
2143101,48,292,33,373
2143102,40,270,72,382
2143103,9,169,13,191
2143104,16,153,21,190
2143105,29,161,3,193
2143106,44,281,43,368
2143107,10,110,32,152
2143108,45,308,41,394
2143109,51,246,26,323
2143110,33,150,28,211
2143201,37,306,26,369
2143202,49,251,30,330
2143203,32,235,15,282
2143204,13,169,28,210
2143205,15,169,12,196
2143206,29,209,33,271
2143207,59,490,19,568
2143208,16,203,14,233
2143209,15,107,4,126
2143210,35,200,26,261
2143211,27,203,12,242
2143212,33,266,25,324
2143213,26,249,27,302
2143214,50,381,29,460
2143215,52,269,24,345
2143216,37,278,60,375
2143217,29,197,27,253
2143218,22,186,17,225
2143219,51,284,21,356
2143220,17,229,12,258
2143221,51,370,39,460
2143222,31,255,12,298
2143223,36,283,45,364
2143224,44,175,44,263
2143225,27,185,8,220
2143226,37,219,13,269
2143227,34,305,18,357
2143228,78,530,36,644
2143229,23,213,11,247
2143230,42,252,26,320
2143231,31,307,28,366
2143232,43,322,28,393
2143233,59,284,18,361
2143234,41,268,25,334
2143235,45,308,28,381
2143236,67,325,31,423
2143237,55,370,88,513
2143238,28,238,30,296
2143239,54,265,22,341
2143240,44,273,44,361
2143241,30,223,18,271
2143242,33,297,41,371
2143243,43,298,29,370
2143244,21,253,18,292
2143245,13,119,21,153
2143246,0,0,0,0
2143247,36,197,18,251
2143248,31,156,23,210
2143249,0,0,0,0
2143250,23,144,12,179
2143251,10,82,11,103
2143301,39,262,19,320
2143302,43,249,27,319
2143303,30,219,33,282
2143304,39,224,9,272
2143305,33,267,29,329
2143306,43,225,11,279
2143307,32,277,15,324
2143308,41,283,30,354
2143309,45,262,30,337
2143310,67,434,75,576
2143311,25,168,6,199
2143312,34,350,65,449
2143313,45,210,21,276
2143314,31,230,23,284
2143315,42,294,37,373
2143316,39,355,44,438
2143317,34,206,36,276
2143318,0,0,0,0
2143319,41,327,28,396
2143320,44,263,26,333
2143321,24,172,13,209
2143322,59,385,74,518
2143323,30,221,28,279
2143324,35,329,49,413
2143325,18,178,15,211
2143326,44,236,33,313
2143327,45,359,133,537
2143328,48,197,25,270
2143329,52,226,28,306
2143330,44,227,27,298
2143331,43,225,20,288
2143332,0,3,0,3
2143333,27,202,34,263
2143334,13,191,27,231
2949999,566,5013,1689,7268
2979991,0,0,0,0
2979992,3,18,6,27
2979993,0,7,3,10
3100101,30,313,21,364
3100102,25,195,6,226
3100103,50,401,12,463
3100104,30,270,21,321
3100105,24,130,24,178
3100106,12,180,12,204
3100107,21,187,6,214
3100108,39,285,9,333
3100109,43,365,27,435
3100110,30,253,16,299
3100111,62,324,34,420
3100112,27,173,6,206
3100113,18,207,15,240
3100114,37,341,18,396
3100115,46,315,12,373
3100116,30,298,16,344
3100117,46,284,17,347
3100118,36,326,24,386
3100119,40,261,24,325
3100120,18,190,26,234
3100121,39,318,15,372
3100122,25,304,6,335
3100123,33,325,34,392
3100124,22,135,13,170
3100125,19,199,19,237
3100126,33,260,23,316
3100127,9,159,12,180
3100128,41,280,12,333
3100129,26,260,18,304
3100130,63,390,31,484
3100131,39,255,21,315
3100132,7,131,18,156
3100133,46,285,30,361
3100134,33,264,12,309
3100135,35,224,18,277
3100136,40,296,15,351
3100137,22,221,22,265
3100138,22,158,9,189
3100139,36,278,9,323
3100140,40,302,12,354
3100141,33,255,15,303
3100142,30,251,18,299
3100143,0,0,0,0
3100144,0,0,0,0
3100145,37,234,16,287
3100201,20,154,21,195
3100202,39,240,22,301
3100203,35,157,15,207
3100204,45,373,44,462
3100205,47,250,15,312
3100206,33,285,29,347
3100207,18,142,14,174
3100208,35,189,6,230
3100209,52,258,12,322
3100210,40,246,23,309
3100211,0,12,0,12
3100212,0,3,0,3
3100213,39,345,16,400
3100214,27,146,0,173
3100215,44,337,13,394
3100216,38,230,12,280
3100217,6,73,3,82
3100218,33,245,0,278
3100219,62,619,17,698
3100220,22,233,17,272
3100221,45,278,4,327
3100301,42,261,15,318
3100302,36,311,10,357
3100303,21,220,32,273
3100304,50,372,21,443
3100305,40,270,28,338
3100306,37,229,21,287
3100307,42,334,29,405
3100308,30,193,0,223
3100309,25,226,16,267
3100310,76,437,13,526
3100311,24,241,16,281
3100312,23,172,4,199
3100313,28,287,80,395
3100314,30,259,14,303
3100315,37,258,13,308
3100316,52,416,28,496
3100317,49,295,15,359
3100318,47,262,20,329
3100319,33,232,30,295
3100320,41,259,15,315
3100321,50,378,24,452
3100322,22,221,15,258
3100323,48,352,21,421
3100324,46,336,20,402
3100325,51,398,30,479
3100326,0,3,0,3
3100327,0,14,6,20
3100328,24,296,33,353
3100329,23,231,8,262
3100330,42,256,27,325
3100331,31,216,15,262
3100332,28,283,50,361
3100333,22,200,9,231
3100334,13,178,21,212
3100335,48,364,34,446
3100336,39,246,13,298
3100401,30,281,35,346
3100402,41,387,27,455
3100403,34,340,38,412
3100404,28,300,19,347
3100405,29,269,22,320
3100406,14,188,22,224
3100407,22,232,22,276
3100408,44,364,27,435
3100409,65,320,23,408
3100410,34,348,21,403
3100411,23,165,24,212
3100412,22,175,4,201
3100413,59,379,10,448
3100414,23,169,13,205
3100415,23,191,7,221
3100416,27,276,8,311
3100417,36,286,8,330
3100418,19,206,12,237
3100419,31,196,15,242
3100420,33,276,13,322
3100421,48,345,32,425
3100422,8,97,15,120
3100423,24,176,15,215
3100424,18,200,18,236
3100425,35,189,12,236
3100426,41,363,31,435
3100427,41,250,25,316
3100428,31,324,17,372
3100429,13,167,27,207
3100430,57,401,24,482
3100431,42,361,19,422
3100432,3,90,3,96
3100433,37,302,15,354
3100434,40,227,13,280
3100435,39,243,18,300
3100436,27,223,20,270
3100437,0,3,0,3
3100438,44,392,36,472
3100439,57,320,13,390
3100440,43,289,16,348
3100441,45,207,16,268
3100442,37,282,34,353
3100443,27,248,10,285
3100444,32,238,20,290
3100501,39,260,21,320
3100502,35,284,21,340
3100503,33,223,15,271
3100504,26,247,13,286
3100505,29,175,29,233
3100506,6,106,15,127
3100507,27,337,16,380
3100508,47,383,51,481
3100509,25,214,12,251
3100510,17,191,19,227
3100601,32,288,26,346
3100602,17,155,3,175
3100603,33,220,13,266
3100604,61,427,35,523
3100605,23,200,13,236
3100606,54,282,22,358
3100607,27,194,31,252
3100608,50,293,30,373
3100609,34,341,18,393
3100610,31,198,10,239
3100611,34,309,13,356
3100612,48,361,23,432
3100613,67,358,30,455
3100614,63,453,24,540
3100615,53,364,26,443
3100616,42,419,19,480
3100617,31,308,15,354
3100618,75,427,32,534
3100619,49,358,24,431
3100620,19,267,15,301
3100621,50,459,20,529
3100622,29,274,9,312
3100623,29,278,17,324
3100624,4,20,0,24
3100701,31,183,6,220
3100702,21,200,9,230
3100703,41,346,27,414
3100704,27,276,20,323
3100705,40,282,21,343
3100706,45,500,37,582
3100707,34,262,23,319
3100708,36,285,19,340
3100709,45,293,15,353
3100710,44,330,25,399
3100711,52,260,15,327
3100712,36,280,21,337
3100713,48,469,21,538
3100714,16,145,34,195
3100715,60,426,39,525
3100716,45,320,35,400
3100717,35,155,17,207
3100718,63,278,13,354
3100719,53,276,33,362
3100720,39,244,23,306
3100721,18,233,20,271
3100722,37,296,21,354
3100723,21,225,6,252
3100724,39,219,12,270
3100725,58,465,43,566
3100726,58,432,56,546
3100727,27,225,40,292
3100728,0,0,0,0
3100729,0,0,0,0
3100730,56,415,38,509
3100731,53,402,37,492
3100732,26,199,15,240
3100733,46,183,4,233
3100734,35,182,7,224
3100735,41,356,16,413
3100736,25,258,9,292
3100737,44,222,12,278
3100801,48,359,12,419
3100802,42,286,6,334
3100803,40,220,18,278
3100804,37,279,7,323
3100805,48,432,16,496
3100806,34,343,18,395
3100807,14,186,42,242
3100808,61,420,29,510
3100809,56,417,28,501
3100810,35,432,29,496
3100811,38,259,20,317
3100812,22,288,16,326
3100901,35,288,23,346
3100902,57,310,21,388
3100903,57,313,38,408
3100904,37,328,55,420
3100905,32,235,21,288
3100906,48,358,69,475
3100907,44,415,12,471
3100908,43,329,19,391
3100909,21,191,13,225
3100910,23,166,9,198
3100911,35,206,27,268
3100912,17,218,14,249
3100913,44,259,24,327
3100914,34,330,12,376
3100915,35,280,21,336
3100916,50,290,30,370
3100917,20,173,7,200
3100918,50,453,35,538
3100919,40,455,24,519
3100920,25,283,16,324
3100921,0,0,0,0
3100922,56,337,33,426
3100923,52,348,29,429
3100924,50,380,24,454
3100925,32,309,12,353
3100926,35,442,33,510
3100927,18,137,22,177
3100928,35,348,15,398
3100929,14,231,24,269
3100930,37,173,10,220
3101001,0,0,0,0
3101002,30,175,39,244
3101003,41,189,40,270
3101004,21,165,13,199
3101005,36,312,32,380
3101006,30,166,19,215
3101007,35,151,48,234
3101008,60,299,51,410
3101009,53,257,35,345
3101010,31,182,28,241
3101011,59,285,44,388
3101012,81,263,28,372
3101013,10,156,115,281
3101014,33,194,18,245
3101015,19,72,11,102
3101016,58,252,32,342
3101017,53,291,33,377
3101018,41,236,21,298
3101019,56,294,46,396
3101020,46,253,83,382
3101021,38,224,44,306
3101022,35,102,15,152
3101023,80,367,44,491
3101024,28,141,14,183
3101025,77,277,46,400
3101101,12,297,15,324
3101102,25,190,25,240
3101103,27,162,15,204
3101104,26,321,12,359
3101105,21,177,4,202
3101106,21,142,10,173
3101107,46,314,13,373
3101108,41,219,21,281
3101109,27,144,4,175
3101110,35,364,3,402
3101111,55,520,23,598
3101112,31,119,8,158
3101113,35,281,9,325
3101114,37,339,5,381
3101115,26,267,22,315
3101116,30,301,17,348
3101201,67,451,15,533
3101202,45,234,18,297
3101203,42,372,18,432
3101204,47,303,16,366
3101205,51,584,26,661
3101206,32,222,17,271
3101207,75,479,34,588
3101208,40,322,15,377
3101209,28,371,24,423
3101210,46,347,29,422
3101211,28,347,12,387
3101212,21,293,21,335
3101213,56,364,17,437
3101214,27,233,4,264
3101215,26,205,13,244
3101216,11,193,5,209
3101217,24,223,19,266
3101218,24,148,6,178
3101219,44,284,15,343
3101220,18,175,15,208
3101221,23,325,14,362
3101222,15,187,14,216
3101223,31,227,3,261
3101224,17,151,48,216
3101225,16,162,18,196
3101226,57,381,85,523
3101227,22,202,18,242
3101228,34,249,32,315
3101229,34,337,28,399
3101301,27,205,12,244
3101302,25,219,18,262
3101303,44,245,12,301
3101304,41,392,13,446
3101305,29,425,29,483
3101306,32,274,12,318
3101307,48,389,38,475
3101308,25,224,24,273
3101309,18,159,18,195
3101310,31,269,24,324
3101311,51,360,33,444
3101312,52,307,9,368
3101313,47,250,15,312
3101314,47,282,43,372
3101315,64,362,30,456
3101316,22,280,38,340
3101317,44,240,6,290
3101318,50,354,18,422
3101319,50,313,12,375
3101320,50,338,17,405
3101321,22,182,7,211
3101322,36,358,31,425
3101323,0,0,0,0
3101324,51,308,15,374
3101325,22,165,7,194
3101326,29,205,9,243
3101327,48,325,17,390
3101328,49,311,19,379
3101329,19,181,18,218
3101330,47,324,18,389
3101331,27,225,19,271
3101332,43,307,35,385
3101333,27,153,12,192
3101334,57,396,34,487
3101335,22,226,19,267
3101336,23,300,41,364
3101401,0,6,0,6
3101402,0,0,0,0
3101501,28,155,6,189
3101502,47,342,36,425
3101503,42,258,15,315
3101504,46,271,22,339
3101505,40,216,28,284
3101506,20,170,21,211
3101507,16,139,24,179
3101508,40,328,16,384
3101509,39,246,0,285
3101510,36,268,19,323
3101511,3,110,11,124
3101512,39,344,33,416
3101513,30,236,24,290
3101514,31,229,24,284
3101515,40,261,15,316
3101516,29,250,9,288
3101517,54,397,16,467
3101518,28,231,27,286
3101519,41,294,18,353
3101601,38,473,9,520
3101602,68,369,10,447
3101603,66,470,22,558
3101604,42,225,17,284
3101605,28,199,21,248
3101606,31,240,4,275
3101607,50,307,21,378
3101608,26,181,9,216
3101609,46,304,19,369
3101610,33,269,14,316
3101611,44,255,13,312
3101612,38,270,24,332
3101613,64,388,21,473
3101614,29,169,21,219
3101615,18,234,23,275
3101616,31,253,15,299
3101617,38,378,24,440
3101618,21,213,26,260
3101619,31,350,38,419
3101620,32,200,30,262
3101621,21,237,28,286
3101622,39,280,15,334
3101623,54,322,14,390
3101624,66,422,24,512
3101701,6,17,0,23
3101702,38,312,12,362
3101703,31,383,10,424
3101704,32,269,9,310
3101705,16,148,9,173
3101706,17,197,23,237
3101707,47,310,23,380
3101708,30,187,37,254
3101709,27,206,21,254
3101710,66,340,50,456
3101711,31,251,25,307
3101801,27,308,24,359
3101802,41,373,60,474
3101803,47,262,32,341
3101804,34,255,32,321
3101805,35,261,24,320
3101806,39,323,13,375
3101807,36,281,10,327
3101808,28,291,9,328
3101809,38,272,13,323
3101810,29,238,21,288
3101811,65,376,13,454
3101812,33,225,6,264
3101813,18,139,6,163
3101814,12,188,9,209
3101815,36,320,61,417
3101816,28,199,25,252
3101817,14,172,19,205
3101818,41,303,15,359
3101819,37,442,31,510
3101820,33,233,9,275
3101821,0,0,0,0
3101822,16,169,19,204
3101823,0,0,0,0
3101824,3,0,0,3
3101901,74,739,35,848
3101902,99,841,51,991
3101903,60,576,24,660
3101904,39,486,28,553
3101905,29,192,3,224
3101906,25,259,12,296
3101907,45,518,18,581
3101908,22,167,9,198
3101909,19,268,6,293
3101910,21,198,6,225
3101911,48,554,29,631
3101912,0,0,0,0
3102001,44,273,24,341
3102002,64,382,37,483
3102003,37,256,14,307
3102004,52,377,32,461
3102005,57,369,73,499
3102006,72,425,71,568
3102007,8,201,9,218
3102008,25,326,28,379
3102009,46,245,22,313
3102010,42,342,66,450
3102011,30,231,44,305
3102012,27,202,18,247
3102013,16,190,13,219
3102014,43,322,30,395
3102015,37,270,19,326
3102016,41,225,13,279
3102017,42,394,30,466
3102018,24,185,48,257
3102019,49,310,25,384
3102020,48,316,24,388
3102021,25,243,27,295
3102022,36,291,18,345
3102023,31,191,19,241
3102024,41,287,12,340
3102025,18,286,9,313
3102026,19,199,0,218
3102027,39,287,34,360
3102028,38,338,29,405
3102029,0,0,0,0
3102030,41,259,25,325
3102101,49,256,23,328
3102102,41,294,28,363
3102103,50,328,29,407
3102104,27,315,14,356
3102105,42,225,6,273
3102106,28,330,39,397
3102107,47,307,14,368
3102108,38,264,22,324
3102109,37,258,21,316
3102110,22,190,28,240
3102111,35,359,30,424
3102112,0,7,4,11
3102113,31,219,48,298
3102114,37,307,21,365
3102115,40,280,27,347
3102116,31,322,26,379
3102117,24,168,6,198
3102118,27,234,17,278
3102119,23,252,13,288
3102120,22,229,51,302
3102121,21,287,27,335
3102122,18,273,30,321
3102123,52,460,37,549
3102124,41,317,38,396
3102125,23,227,21,271
3102126,18,262,9,289
3102127,33,193,12,238
3102128,27,213,18,258
3102129,54,355,15,424
3102130,40,394,27,461
3102131,32,187,12,231
3102132,39,236,22,297
3102133,49,260,27,336
3102134,15,179,8,202
3102135,14,159,18,191
3102136,10,120,6,136
3102137,24,171,32,227
3102201,0,6,0,6
3102202,0,0,0,0
3102203,51,655,37,743
3102204,49,281,29,359
3102205,31,254,21,306
3102206,34,190,16,240
3102207,25,212,29,266
3102208,27,184,30,241
3102209,19,174,19,212
3102210,24,241,24,289
3102211,21,299,38,358
3102212,24,196,13,233
3102213,32,225,6,263
3102214,36,205,21,262
3102215,54,377,15,446
3102216,39,439,29,507
3102217,17,216,4,237
3102218,60,443,24,527
3102219,0,12,0,12
3102301,46,330,28,404
3102302,37,238,16,291
3102303,43,202,7,252
3102304,47,391,3,441
3102305,47,217,6,270
3102306,22,181,0,203
3102307,30,275,11,316
3102308,38,321,12,371
3102309,50,283,24,357
3102310,23,226,6,255
3102311,31,292,12,335
3102312,45,282,0,327
3102313,41,292,21,354
3102314,17,172,6,195
3102315,40,369,22,431
3102316,47,206,13,266
3102317,30,169,27,226
3102318,45,269,8,322
3102319,48,303,32,383
3102401,39,414,21,474
3102402,35,415,27,477
3102403,34,256,25,315
3102404,46,312,42,400
3102405,97,798,40,935
3102406,33,246,11,290
3102407,32,257,12,301
3102408,70,441,45,556
3102409,40,321,14,375
3102410,45,233,65,343
3102411,76,346,29,451
3102412,41,325,18,384
3102413,26,252,6,284
3102414,50,337,9,396
3102415,67,239,5,311
3102416,0,0,0,0
3102417,50,243,23,316
3102501,45,297,13,355
3102502,56,412,18,486
3102503,54,496,41,591
3102504,20,201,10,231
3102505,30,327,10,367
3102506,34,192,18,244
3102507,32,329,33,394
3102508,32,350,26,408
3102509,31,346,90,467
3102510,53,409,28,490
3102511,39,268,25,332
3102512,31,342,40,413
3102513,49,220,10,279
3102514,29,273,17,319
3102515,29,255,36,320
3102516,40,187,15,242
3102517,26,214,10,250
3102518,27,290,16,333
3102519,54,379,28,461
3102601,6,151,10,167
3102602,39,317,9,365
3102603,20,177,4,201
3102604,36,230,9,275
3102605,42,279,16,337
3102606,21,217,7,245
3102607,63,474,18,555
3102608,44,282,8,334
3102609,26,230,3,259
3102610,35,264,8,307
3102611,42,247,12,301
3102612,40,282,6,328
3102613,50,310,14,374
3102614,45,256,18,319
3102615,32,236,6,274
3102616,40,335,15,390
3102617,23,198,9,230
3102618,28,233,11,272
3102701,58,330,9,397
3102702,30,326,22,378
3102703,48,437,40,525
3102704,30,181,13,224
3102705,60,352,11,423
3102706,44,277,41,362
3102707,41,302,27,370
3102708,27,233,20,280
3102709,50,322,13,385
3102710,31,237,15,283
3102711,42,274,11,327
3102712,18,172,11,201
3102713,15,243,12,270
3102714,43,289,19,351
3102715,40,203,9,252
3102716,46,211,11,268
3102717,39,318,26,383
3102718,64,368,36,468
3102719,32,441,111,584
3102720,0,0,0,0
3102721,15,200,29,244
3102722,27,211,20,258
3102723,45,198,7,250
3102724,53,285,22,360
3102725,26,183,9,218
3102726,40,246,12,298
3102727,18,163,31,212
3102728,36,189,12,237
3102729,25,275,23,323
3102730,43,238,24,305
3102731,46,315,21,382
3102732,30,153,6,189
3102733,12,219,24,255
3102801,39,505,66,610
3102802,42,219,327,588
3102803,41,368,42,451
3102804,27,133,9,169
3102805,50,500,89,639
3102806,25,226,23,274
3102807,28,248,21,297
3102808,38,245,21,304
3102809,42,307,64,413
3102810,24,255,29,308
3102811,30,301,32,363
3102812,0,9,6,15
3102813,32,375,41,448
3102814,38,338,74,450
3102815,40,205,43,288
3102816,31,344,54,429
3102817,26,387,37,450
3102818,36,302,20,358
3102819,21,221,46,288
3102901,34,149,9,192
3102902,42,334,25,401
3102903,27,216,25,268
3102904,38,270,24,332
3102905,41,281,45,367
3102906,22,149,12,183
3102907,40,284,12,336
3102908,47,297,4,348
3102909,59,333,22,414
3102910,53,212,24,289
3102911,38,251,18,307
3102912,66,351,13,430
3102913,32,214,13,259
3102914,0,19,0,19
3102915,36,253,9,298
3102916,0,0,0,0
3102917,51,382,21,454
3103001,39,344,21,404
3103002,59,336,28,423
3103003,18,142,9,169
3103004,49,271,39,359
3103005,30,292,8,330
3103006,31,293,20,344
3103007,0,9,0,9
3103008,32,276,21,329
3103009,58,376,33,467
3103010,23,280,25,328
3103011,28,252,17,297
3103101,48,355,31,434
3103102,35,383,40,458
3103103,33,267,12,312
3103104,0,0,0,0
3103105,24,310,19,353
3103106,22,221,20,263
3103107,28,231,23,282
3103108,39,418,37,494
3103109,19,216,26,261
3103110,50,458,42,550
3103111,45,387,24,456
3103112,41,331,19,391
3103113,6,151,19,176
3103114,28,284,22,334
3103115,24,365,32,421
3103116,38,363,23,424
3103117,19,220,15,254
3103118,34,258,24,316
3103119,23,215,8,246
3103120,39,262,43,344
3103121,27,226,25,278
3103122,44,323,26,393
3103123,30,261,19,310
3103124,17,204,31,252
3103125,22,232,24,278
3103126,26,294,27,347
3103127,39,348,37,424
3103128,25,216,14,255
3103129,31,203,9,243
3103130,22,214,12,248
3103131,39,236,15,290
3103132,25,167,15,207
3103201,20,325,33,378
3103202,14,241,15,270
3103203,26,389,34,449
3103204,31,231,30,292
3103205,37,273,15,325
3103206,27,154,20,201
3103207,0,0,0,0
3103208,21,166,27,214
3103209,28,204,11,243
3103210,30,267,24,321
3103211,27,178,12,217
3103212,53,334,24,411
3103213,27,189,15,231
3103214,47,328,24,399
3103215,32,259,26,317
3103216,24,195,12,231
3103217,37,168,14,219
3103218,30,223,16,269
3103301,41,304,15,360
3103302,34,292,25,351
3103303,34,284,14,332
3103304,45,342,61,448
3103305,25,222,10,257
3103306,30,240,20,290
3103307,44,240,6,290
3103308,27,263,15,305
3103309,32,337,46,415
3103310,38,387,49,474
3103311,26,296,31,353
3103312,54,338,51,443
3103313,13,215,23,251
3103314,34,236,12,282
3103315,54,343,11,408
3103316,42,199,10,251
3103401,29,180,18,227
3103402,43,268,12,323
3103403,33,358,19,410
3103404,32,228,15,275
3103405,36,294,19,349
3103406,59,419,39,517
3103407,15,195,9,219
3103408,14,210,8,232
3103409,50,255,11,316
3103410,46,273,14,333
3103411,61,386,14,461
3103412,37,175,9,221
3103413,63,333,32,428
3103414,29,225,9,263
3103415,47,382,14,443
3103416,27,275,18,320
3103417,17,203,15,235
3103418,28,214,21,263
3103419,33,232,4,269
3103420,33,198,5,236
3103421,44,217,23,284
3103422,32,291,10,333
3103423,38,420,27,485
3103501,25,231,23,279
3103502,34,277,36,347
3103503,51,279,34,364
3103504,22,294,18,334
3103505,44,354,23,421
3103506,57,428,39,524
3103507,24,251,33,308
3103508,22,274,26,322
3103509,39,295,20,354
3103510,10,123,18,151
3103511,42,286,18,346
3103512,12,225,3,240
3103513,38,339,31,408
3103514,35,223,35,293
3103515,27,225,11,263
3103516,28,208,24,260
3103517,41,280,24,345
3103518,51,343,38,432
3103519,54,418,59,531
3103520,43,367,65,475
3103521,0,0,0,0
3103522,21,149,7,177
3103601,3,38,30,71
3103701,30,172,24,226
3103702,0,3,0,3
3103801,27,158,13,198
3103802,44,376,26,446
3103803,36,387,36,459
3103804,41,296,18,355
3103805,41,316,17,374
3103806,39,304,34,377
3103807,20,301,29,350
3103808,31,461,69,561
3103809,24,220,15,259
3103810,24,206,21,251
3103811,22,173,10,205
3103812,24,303,33,360
3103813,4,22,0,26
3103814,42,333,51,426
3103815,19,163,38,220
3103816,36,314,31,381
3103901,0,0,0,0
3103902,0,0,0,0
3103903,28,169,10,207
3103904,27,226,13,266
3103905,41,248,23,312
3103906,29,271,40,340
3103907,68,498,38,604
3103908,26,274,15,315
3103909,5,19,3,27
3103910,0,0,0,0
3103911,22,199,9,230
3103912,23,154,9,186
3103913,19,177,24,220
3103914,73,616,34,723
3103915,18,264,13,295
3103916,46,392,16,454
3103917,35,327,49,411
3103918,40,327,27,394
3103919,29,332,24,385
3103920,43,351,43,437
3103921,49,411,23,483
3103922,42,391,39,472
3103923,13,307,29,349
3104001,30,317,21,368
3104002,25,169,12,206
3104003,47,449,28,524
3104004,34,459,49,542
3104005,41,494,53,588
3104006,34,525,29,588
3104007,22,284,33,339
3104008,38,363,26,427
3104009,26,363,14,403
3104010,44,279,15,338
3104011,45,343,23,411
3104012,23,212,13,248
3104013,17,266,23,306
3104014,37,349,38,424
3104015,64,525,65,654
3104016,0,0,0,0
3104017,33,348,27,408
3104018,28,155,6,189
3104019,50,330,46,426
3104020,46,366,14,426
3104021,29,267,23,319
3104022,32,252,29,313
3104023,26,611,51,688
3104101,41,248,18,307
3104102,60,381,31,472
3104103,23,298,23,344
3104104,39,217,15,271
3104105,38,231,7,276
3104106,39,200,15,254
3104107,20,196,19,235
3104108,38,345,18,401
3104109,52,263,36,351
3104110,30,197,51,278
3104111,48,346,0,394
3104112,49,303,53,405
3104113,30,230,31,291
3104114,16,193,15,224
3104115,12,259,24,295
3104116,66,720,61,847
3104117,36,406,26,468
3104118,30,277,10,317
3104119,50,268,13,331
3104120,28,163,16,207
3104121,37,486,41,564
3104122,26,200,0,226
3104123,55,306,12,373
3104124,29,131,15,175
3104125,44,292,24,360
3104126,78,591,34,703
3104127,61,284,37,382
3104128,36,332,35,403
3104129,38,243,21,302
3104130,49,356,28,433
3104131,57,366,28,451
3104132,27,179,24,230
3104133,68,372,18,458
3104134,29,228,21,278
3104135,67,594,44,705
3104136,49,270,22,341
3104201,33,252,15,300
3104202,28,251,20,299
3104203,49,396,190,635
3104204,32,208,26,266
3104205,41,249,36,326
3104206,23,177,21,221
3104207,33,239,22,294
3104208,54,260,22,336
3104209,29,218,30,277
3104210,31,235,12,278
3104211,54,359,18,431
3104212,36,287,17,340
3104213,28,299,23,350
3104214,31,317,15,363
3104215,44,269,22,335
3104216,28,302,31,361
3104217,50,358,36,444
3104218,25,193,15,233
3104219,52,232,28,312
3104220,57,346,22,425
3104221,29,223,18,270
3104222,0,0,0,0
3104223,21,162,14,197
3104301,26,140,6,172
3104302,53,397,50,500
3104303,51,333,40,424
3104304,27,271,31,329
3104305,39,251,9,299
3104306,51,435,37,523
3104307,15,152,9,176
3104308,49,296,18,363
3104309,6,28,3,37
3104401,24,208,14,246
3104402,30,193,7,230
3104403,22,247,15,284
3104404,43,242,17,302
3104405,21,166,14,201
3104406,28,218,42,288
3104407,70,410,25,505
3104408,35,273,44,352
3104409,35,243,24,302
3104410,47,316,21,384
3104411,36,273,15,324
3104412,40,298,14,352
3104413,13,62,4,79
3104414,3,28,405,436
3104415,46,208,12,266
3104416,27,145,14,186
3104417,25,166,19,210
3104418,0,0,0,0
3104419,55,323,39,417
3104501,23,247,25,295
3104502,50,447,65,562
3104503,69,361,32,462
3104504,57,340,19,416
3104505,38,366,42,446
3104506,35,351,10,396
3104507,24,420,14,458
3104508,50,376,41,467
3104509,38,294,18,350
3104510,39,237,28,304
3104511,74,423,20,517
3104512,24,219,22,265
3104513,42,377,52,471
3104514,49,250,18,317
3104515,48,347,23,418
3104516,26,312,17,355
3104517,38,360,28,426
3104518,31,398,24,453
3104601,32,211,34,277
3104602,17,192,18,227
3104603,31,232,32,295
3104604,18,163,38,219
3104605,38,320,44,402
3104606,34,243,52,329
3104607,47,199,60,306
3104608,31,267,96,394
3104609,24,340,63,427
3104610,22,253,79,354
3104611,17,342,56,415
3104612,20,197,20,237
3104613,23,255,27,305
3104614,31,196,46,273
3104615,8,213,44,265
3104616,41,336,8,385
3104617,24,201,27,252
3104618,36,290,26,352
3104619,37,309,24,370
3104620,34,247,18,299
3104621,0,6,0,6
3104622,26,249,22,297
3104701,34,349,17,400
3104702,38,324,11,373
3104703,18,255,11,284
3104704,28,247,15,290
3104705,44,321,31,396
3104706,0,0,0,0
3104707,25,207,14,246
3104708,29,206,24,259
3104709,38,439,18,495
3104710,21,249,24,294
3104711,15,278,35,328
3104712,34,311,29,374
3104713,38,363,26,427
3104714,42,314,22,378
3104715,30,283,21,334
3104716,27,161,7,195
3104717,40,270,7,317
3104718,29,131,8,168
3104719,69,383,17,469
3104720,48,380,19,447
3104721,49,306,9,364
3104722,31,296,10,337
3104723,36,327,19,382
3104724,41,347,11,399
3104725,21,169,11,201
3104801,0,0,0,0
3104802,27,170,6,203
3104803,38,304,23,365
3104804,34,258,0,292
3104805,26,212,4,242
3104806,17,194,22,233
3104807,40,339,30,409
3104808,36,234,24,294
3104809,32,348,24,404
3104810,30,269,32,331
3104811,38,305,22,365
3104812,52,264,21,337
3104813,22,123,10,155
3104814,0,23,9,32
3104901,40,359,9,408
3104902,0,3,3,6
3104903,44,298,20,362
3104904,41,253,21,315
3104905,35,227,12,274
3104906,27,284,18,329
3104907,32,308,23,363
3104908,22,210,20,252
3104909,24,201,25,250
3104910,66,395,31,492
3104911,17,190,20,227
3104912,38,200,21,259
3104913,42,331,23,396
3104914,27,427,45,499
3104915,29,194,14,237
3104916,40,228,27,295
3104917,40,298,22,360
3104918,31,388,20,439
3104919,44,337,32,413
3104920,40,379,18,437
3104921,34,220,9,263
3104922,34,395,100,529
3104923,45,393,42,480
3104924,25,523,43,591
3105001,32,348,19,399
3105002,28,316,18,362
3105003,44,371,18,433
3105004,31,301,15,347
3105005,25,227,21,273
3105006,33,233,10,276
3105007,49,262,17,328
3105008,41,304,24,369
3105009,32,249,18,299
3105010,21,382,22,425
3105011,23,227,24,274
3105012,38,295,19,352
3105013,14,94,4,112
3105014,51,321,19,391
3105015,29,367,53,449
3105016,0,0,0,0
3105101,21,235,8,264
3105102,60,330,36,426
3105103,73,343,15,431
3105104,39,293,6,338
3105105,37,249,6,292
3105106,44,425,15,484
3105107,9,237,10,256
3105108,9,213,10,232
3105109,18,131,4,153
3105110,45,367,19,431
3105111,30,182,9,221
3105112,21,172,26,219
3105113,45,399,19,463
3105114,11,218,0,229
3105115,24,131,6,161
3105116,25,170,13,208
3105117,31,237,10,278
3105118,38,323,47,408
3105119,52,342,24,418
3105120,27,266,15,308
3105121,54,434,20,508
3105122,32,222,6,260
3105123,30,140,3,173
3105124,34,229,18,281
3105125,69,403,19,491
3105126,52,325,10,387
3105127,45,336,15,396
3105128,48,364,9,421
3105129,3,0,0,3
3105130,25,178,6,209
3105131,29,228,14,271
3105132,38,406,37,481
3105133,0,0,0,0
3105134,29,199,7,235
3105135,36,269,9,314
3105136,20,184,3,207
3105137,31,335,14,380
3105138,30,313,24,367
3105139,43,300,25,368
3105140,33,238,12,283
3105141,32,337,25,394
3105201,34,294,66,394
3105202,27,371,38,436
3105203,24,234,24,282
3105204,31,364,39,434
3105205,30,417,55,502
3105206,26,337,36,399
3105207,23,243,16,282
3105208,35,261,25,321
3105209,29,320,26,375
3105210,21,229,11,261
3105211,42,243,7,292
3105212,26,268,29,323
3105213,24,326,40,390
3105214,9,203,27,239
3105215,26,172,9,207
3105216,25,235,31,291
3105217,11,327,29,367
3105218,33,220,29,282
3105219,53,519,55,627
3105220,44,547,75,666
3105221,49,501,39,589
3105222,26,251,12,289
3105223,27,229,15,271
3105224,34,291,27,352
3105225,32,270,16,318
3105301,26,332,15,373
3105302,32,419,34,485
3105303,25,328,32,385
3105304,0,0,0,0
3105305,23,221,6,250
3105306,33,504,32,569
3105307,27,313,32,372
3105308,29,477,53,559
3105309,13,243,32,288
3105310,28,311,37,376
3105311,23,233,18,274
3105312,34,361,29,424
3105313,18,234,21,273
3105314,31,256,18,305
3105315,19,255,36,310
3105316,38,448,39,525
3105317,8,198,24,230
3105318,29,228,40,297
3105319,27,254,27,308
3105320,38,265,19,322
3105321,43,262,21,326
3105322,33,190,28,251
3105323,24,297,25,346
3105324,25,313,18,356
3105325,23,228,9,260
3105326,52,465,26,543
3105327,26,197,18,241
3105328,36,265,4,305
3105329,32,307,24,363
3105330,37,268,19,324
3105331,61,261,9,331
3105332,36,262,26,324
3105333,41,253,6,300
3105334,34,277,15,326
3105335,22,214,12,248
3105336,66,389,13,468
3105337,25,295,22,342
3105401,19,107,9,135
3105402,23,224,30,277
3105403,50,357,24,431
3105404,39,391,33,463
3105405,32,193,21,246
3105406,33,359,27,419
3105407,37,289,20,346
3105408,41,318,22,381
3105409,29,232,28,289
3105410,30,407,30,467
3105501,24,270,28,322
3105502,31,246,33,310
3105503,16,185,29,230
3105504,20,310,26,356
3105505,43,413,23,479
3105506,22,322,37,381
3105507,14,253,18,285
3105508,31,364,33,428
3105509,13,204,12,229
3105510,20,262,12,294
3105511,34,219,34,287
3105512,24,285,32,341
3105513,13,163,26,202
3105514,26,155,18,199
3105515,34,213,3,250
3105516,21,191,14,226
3105517,41,332,50,423
3105518,33,417,66,516
3105519,28,311,36,375
3105520,15,157,18,190
3105521,28,219,26,273
3105522,38,440,32,510
3105523,27,302,15,344
3105601,43,318,27,388
3105602,19,148,16,183
3105603,37,290,22,349
3105604,27,143,12,182
3105605,28,143,19,190
3105606,18,142,9,169
3105607,27,262,9,298
3105608,46,307,31,384
3105609,26,188,15,229
3105610,19,248,18,285
3105611,29,175,12,216
3105612,41,267,25,333
3105613,30,318,15,363
3105614,52,342,16,410
3105615,33,256,13,302
3105616,24,262,25,311
3105617,40,254,32,326
3105618,27,224,97,348
3105619,21,237,8,266
3105620,30,212,13,255
3105621,36,272,30,338
3105701,29,240,9,278
3105702,31,173,10,214
3105703,17,183,10,210
3105704,34,320,32,386
3105705,52,449,44,545
3105706,33,334,36,403
3105707,21,185,17,223
3105708,24,154,19,197
3105709,35,302,24,361
3105710,36,221,18,275
3105711,20,192,10,222
3105712,30,311,21,362
3105713,36,246,15,297
3105714,57,379,39,475
3105715,16,155,11,182
3105716,24,244,32,300
3105801,21,117,21,159
3105802,3,39,19,61
3105803,4,9,0,13
3105804,19,241,52,312
3105805,16,271,24,311
3105806,23,344,56,423
3105807,30,325,60,415
3105808,31,300,47,378
3105809,33,289,29,351
3105810,34,346,59,439
3105811,20,176,13,209
3105812,28,313,29,370
3105813,29,688,96,813
3105901,27,182,21,230
3105902,13,212,27,252
3105903,0,0,3,3
3105904,13,233,22,268
3105905,29,391,40,460
3105906,39,242,9,290
3105907,20,145,18,183
3105908,32,278,33,343
3105909,25,250,24,299
3105910,0,0,0,0
3105911,27,262,12,301
3105912,14,168,10,192
3105913,35,338,11,384
3105914,30,331,28,389
3105915,20,195,27,242
3105916,32,274,29,335
3105917,37,209,19,265
3105918,33,280,24,337
3105919,35,301,14,350
3105920,36,168,14,218
3105921,24,168,9,201
3105922,52,364,24,440
3105923,41,207,11,259
3105924,68,574,76,718
3106001,21,246,10,277
3106002,30,384,18,432
3106003,33,260,9,302
3106004,33,388,23,444
3106005,28,257,6,291
3106006,58,480,22,560
3106007,70,498,29,597
3106008,9,259,12,280
3106009,39,342,27,408
3106010,29,270,15,314
3106011,43,337,15,395
3106012,55,465,28,548
3106013,18,304,5,327
3106014,38,391,11,440
3106015,29,208,15,252
3106016,21,197,17,235
3106017,41,329,20,390
3106018,39,428,29,496
3106019,54,497,109,660
3106020,33,258,13,304
3106021,27,340,133,500
3106022,29,187,27,243
3106023,37,361,5,403
3106024,35,251,7,293
3106025,15,178,3,196
3106026,32,435,21,488
3106027,13,174,14,201
3106028,40,349,13,402
3106029,20,258,38,316
3106030,19,243,47,309
3106031,53,342,34,429
3106032,0,0,0,0
3106101,60,463,47,570
3106102,37,308,58,403
3106103,28,203,15,246
3106104,39,374,48,461
3106105,59,405,25,489
3106106,41,250,9,300
3106107,34,332,37,403
3106108,31,296,15,342
3106109,46,396,24,466
3106110,18,160,14,192
3106111,44,397,25,466
3106112,44,442,29,515
3106201,6,15,0,21
3106202,33,209,19,261
3106203,44,310,6,360
3106204,36,238,18,292
3106205,38,240,30,308
3106206,42,303,16,361
3106207,66,425,56,547
3106208,33,320,14,367
3106209,15,178,21,214
3106210,27,305,13,345
3106211,39,292,24,355
3106212,29,237,10,276
3106213,41,261,10,312
3106214,24,185,15,224
3106215,35,269,21,325
3106216,35,226,13,274
3106217,36,336,14,386
3106218,41,323,15,379
3106219,70,449,27,546
3106220,55,460,22,537
3106221,0,0,0,0
3106222,27,135,3,165
3106301,36,193,3,232
3106302,37,435,13,485
3106303,33,215,6,254
3106304,27,228,12,267
3106305,43,387,30,460
3106306,32,366,21,419
3106307,38,333,18,389
3106308,50,422,30,502
3106309,0,0,0,0
3106310,50,416,23,489
3106311,36,252,26,314
3106312,22,245,18,285
3106313,39,259,22,320
3106314,46,384,18,448
3106315,35,302,13,350
3106316,32,297,30,359
3106317,25,240,14,279
3106318,33,355,35,423
3106319,47,278,18,343
3106320,33,237,69,339
3106321,39,384,22,445
3106322,41,330,31,402
3106323,47,385,32,464
3106324,29,225,7,261
3106325,26,329,19,374
3106326,41,283,8,332
3106327,54,457,38,549
3106328,24,207,12,243
3106329,30,383,15,428
3106330,63,469,27,559
3106331,19,174,12,205
3106332,22,262,29,313
3106401,56,322,24,402
3106402,45,256,33,334
3106403,43,132,14,189
3106404,30,229,3,262
3106405,56,423,15,494
3106406,27,226,6,259
3106407,28,312,17,357
3106408,38,154,27,219
3106409,31,139,29,199
3106410,16,162,28,206
3106411,37,205,40,282
3106501,35,148,48,231
3106502,38,327,20,385
3106503,48,306,64,418
3106504,48,292,156,496
3106505,35,259,12,306
3106506,32,223,18,273
3106507,38,234,65,337
3106508,37,371,41,449
3106509,27,285,85,397
3106510,36,410,71,517
3106511,0,3,3,6
3106512,30,298,64,392
3106513,39,271,75,385
3106514,27,356,21,404
3106515,24,355,89,468
3106516,51,358,47,456
3106517,39,493,51,583
3106518,31,258,45,334
3106519,23,257,26,306
3106520,44,334,13,391
3106601,61,377,17,455
3106602,34,255,12,301
3106603,30,194,11,235
3106604,37,230,9,276
3106605,33,305,3,341
3106606,19,194,9,222
3106607,53,368,4,425
3106608,56,379,27,462
3106609,30,257,10,297
3106610,36,292,7,335
3106611,42,384,15,441
3106612,45,325,0,370
3106613,37,320,66,423
3106614,47,311,13,371
3106615,40,299,18,357
3106616,60,376,12,448
3106617,62,451,20,533
3106618,38,286,18,342
3106619,30,222,9,261
3106620,29,165,0,194
3106621,29,278,16,323
3106622,15,191,5,211
3106623,22,144,3,169
3106624,25,237,15,277
3106625,39,310,12,361
3106701,21,234,43,298
3106702,15,217,21,253
3106703,41,329,19,389
3106704,32,327,34,393
3106705,24,226,17,267
3106706,22,240,29,291
3106707,25,220,18,263
3106708,24,250,22,296
3106709,43,266,26,335
3106710,47,289,15,351
3106711,3,5,0,8
3106712,19,154,30,203
3106713,31,226,29,286
3106714,33,128,42,203
3106801,49,315,50,414
3106802,40,285,32,357
3106803,51,462,33,546
3106804,41,354,39,434
3106805,27,381,44,452
3106806,0,10,3,13
3106807,39,396,53,488
3106808,40,432,47,519
3106809,47,234,30,311
3106810,35,287,22,344
3106811,49,379,74,502
3106812,42,424,53,519
3106813,34,218,13,265
3106814,66,366,8,440
3106815,24,165,7,196
3106816,37,285,11,333
3106817,30,220,6,256
3106818,64,317,38,419
3106819,52,367,33,452
3106820,6,134,16,156
3106821,53,325,59,437
3106822,36,353,21,410
3106901,40,395,25,460
3106902,10,156,44,210
3106903,21,345,98,464
3106904,14,245,39,298
3106905,21,259,58,338
3106906,37,252,47,336
3106907,25,249,19,293
3106908,22,149,3,174
3106909,48,284,25,357
3106910,18,229,20,267
3106911,43,230,28,301
3106912,25,292,48,365
3106913,39,282,44,365
3107001,34,198,31,263
3107002,22,212,21,255
3107003,28,174,23,225
3107004,30,155,28,213
3107005,29,243,29,301
3107006,0,0,0,0
3107007,57,301,47,405
3107008,11,502,14,527
3107009,54,373,53,480
3107010,26,326,38,390
3107011,22,259,26,307
3107012,58,315,34,407
3107013,53,296,33,382
3107014,25,222,21,268
3107015,22,134,12,168
3107016,57,316,48,421
3107017,37,272,12,321
3107018,43,282,18,343
3107019,30,236,18,284
3107101,36,270,13,319
3107102,34,280,15,329
3107103,40,308,35,383
3107104,26,134,11,171
3107105,59,368,16,443
3107106,22,205,10,237
3107107,84,401,21,506
3107108,23,172,10,205
3107109,69,416,24,509
3107110,35,248,16,299
3107111,54,356,19,429
3107112,29,181,3,213
3107113,64,351,21,436
3107114,33,300,9,342
3107115,33,299,35,367
3107116,35,257,19,311
3107117,58,416,43,517
3107118,35,214,7,256
3107119,46,332,26,404
3107120,38,248,16,302
3107121,34,300,12,346
3107122,51,375,38,464
3107201,52,345,35,432
3107202,39,351,10,400
3107203,43,539,55,637
3107204,50,561,101,712
3107205,35,403,15,453
3107206,17,189,12,218
3107207,31,250,25,306
3107208,30,219,6,255
3107209,32,263,38,333
3107210,43,299,34,376
3107211,53,285,29,367
3107212,32,312,30,374
3107213,57,372,56,485
3107214,53,446,25,524
3107215,41,364,37,442
3107216,34,265,76,375
3107301,4,23,3,30
3107302,43,288,13,344
3107303,35,260,17,312
3107304,24,177,18,219
3107305,42,313,14,369
3107306,55,780,105,940
3107307,46,369,21,436
3107308,27,197,6,230
3107309,34,226,15,275
3107310,30,297,4,331
3107311,29,347,28,404
3107312,18,218,22,258
3107313,26,243,42,311
3107314,0,0,0,0
3107315,37,368,34,439
3107316,30,363,6,399
3107317,17,126,15,158
3107318,32,263,10,305
3107319,45,281,18,344
3107320,25,310,6,341
3107321,39,328,17,384
3107322,49,361,18,428
3107323,39,361,11,411
3107324,37,380,18,435
3107325,56,483,39,578
3107326,36,284,10,330
3107327,35,304,12,351
3107328,40,353,19,412
3107329,53,385,12,450
3107330,57,452,30,539
3107331,72,531,25,628
3107332,52,302,20,374
3107333,41,423,25,489
3107334,61,550,107,718
3107335,61,510,74,645
3107336,86,653,62,801
3107337,41,319,49,409
3107401,0,0,0,0
3107402,36,310,12,358
3107403,40,456,6,502
3107404,11,151,12,174
3107405,16,133,14,163
3107406,121,1214,59,1394
3107407,37,273,16,326
3107408,0,3,0,3
3107501,25,358,23,406
3107502,50,486,27,563
3107503,43,381,21,445
3107504,22,267,4,293
3107505,47,382,21,450
3107506,34,458,41,533
3107507,49,404,23,476
3107508,30,305,18,353
3107509,30,247,12,289
3107510,36,372,19,427
3107511,47,380,12,439
3107512,11,170,14,195
3107513,32,261,13,306
3107514,0,0,0,0
3107515,35,341,30,406
3107516,27,259,3,289
3107517,28,231,15,274
3107518,33,228,6,267
3107519,35,307,9,351
3107520,20,194,17,231
3107521,20,182,7,209
3107522,61,466,36,563
3107523,24,336,16,376
3107524,29,354,20,403
3107525,40,328,11,379
3107526,30,294,21,345
3107527,33,264,15,312
3107528,21,247,46,314
3107529,24,257,26,307
3107530,23,194,6,223
3107531,22,223,0,245
3107532,7,88,7,102
3107601,24,182,23,229
3107602,0,6,0,6
3107603,7,144,20,171
3107604,43,183,25,251
3107605,0,0,0,0
3107606,32,133,22,187
3107607,52,319,48,419
3107608,43,308,59,410
3107609,27,174,20,221
3107610,35,254,26,315
3107611,33,220,28,281
3107612,22,151,25,198
3107613,28,208,31,267
3107614,41,263,24,328
3107615,27,186,23,236
3107616,20,156,41,217
3107617,36,231,38,305
3107618,40,346,41,427
3107619,27,206,30,263
3107620,24,200,32,256
3107621,15,113,47,175
3107622,26,215,21,262
3107623,22,241,42,305
3107624,20,147,18,185
3107625,0,3,0,3
3107626,24,201,37,262
3107627,8,174,36,218
3107628,12,245,15,272
3107629,40,297,20,357
3107630,0,4,0,4
3107631,0,8,0,8
3107632,0,12,0,12
3107701,40,402,11,453
3107702,56,352,8,416
3107703,44,302,23,369
3107704,48,337,28,413
3107705,48,385,46,479
3107706,21,145,47,213
3107707,45,506,35,586
3107708,34,404,21,459
3107709,18,139,46,203
3107710,46,434,21,501
3107711,14,106,29,149
3107712,27,181,38,246
3107713,10,131,23,164
3107714,16,233,21,270
3107715,6,161,0,167
3107716,47,396,40,483
3107717,39,325,21,385
3107801,21,205,20,246
3107802,52,345,22,419
3107803,39,354,35,428
3107804,44,369,29,442
3107805,25,223,16,264
3107806,45,370,24,439
3107807,25,179,17,221
3107808,27,264,22,313
3107809,18,141,11,170
3107810,40,456,40,536
3107811,37,262,11,310
3107812,48,346,34,428
3107813,14,204,7,225
3107814,37,467,37,541
3107815,49,310,10,369
3107816,32,267,18,317
3107817,31,304,26,361
3107818,21,187,12,220
3107819,29,216,12,257
3107820,41,228,15,284
3107821,37,275,13,325
3107822,44,312,23,379
3107823,25,250,12,287
3107824,34,309,28,371
3107825,41,248,21,310
3107826,32,331,22,385
3107827,25,338,18,381
3107828,29,312,15,356
3107829,47,296,18,361
3107830,17,185,15,217
3107831,15,201,12,228
3107832,45,335,35,415
3107901,35,254,24,313
3107902,29,288,41,358
3107903,44,424,43,511
3107904,24,237,21,282
3107905,43,345,59,447
3107906,13,151,12,176
3107907,29,248,19,296
3107908,45,271,33,349
3107909,38,345,29,412
3107910,39,292,32,363
3107911,35,292,19,346
3107912,44,240,29,313
3107913,44,296,27,367
3107914,25,202,15,242
3107915,66,453,29,548
3107916,28,270,28,326
3107917,24,167,6,197
3107918,41,394,60,495
3107919,46,302,20,368
3107920,33,260,12,305
3108001,13,202,20,235
3108002,7,125,9,141
3108003,29,169,15,213
3108004,36,366,15,417
3108005,39,379,22,440
3108006,28,381,28,437
3108007,55,452,26,533
3108008,40,361,12,413
3108009,39,315,30,384
3108010,70,348,26,444
3108011,38,398,26,462
3108012,14,187,10,211
3108013,51,424,39,514
3108014,46,276,18,340
3108015,23,240,87,350
3108016,49,336,24,409
3108017,54,355,27,436
3108018,45,330,15,390
3108019,26,298,16,340
3108020,21,207,19,247
3108021,9,178,19,206
3108022,37,365,25,427
3108023,46,409,48,503
3108024,31,281,35,347
3108025,60,371,28,459
3108026,27,245,15,287
3108027,34,305,31,370
3108028,40,333,27,400
3108029,34,379,37,450
3108030,29,280,19,328
3108031,34,363,27,424
3108032,22,183,19,224
3108033,31,283,12,326
3108034,26,187,20,233
3108035,42,292,27,361
3108036,46,300,25,371
3108037,22,171,15,208
3108038,49,304,12,365
3108039,48,357,36,441
3108101,50,275,6,331
3108102,40,261,6,307
3108103,25,232,3,260
3108104,39,372,15,426
3108105,43,448,9,500
3108106,52,335,13,400
3108107,32,293,7,332
3108108,42,274,10,326
3108109,25,267,6,298
3108110,0,0,0,0
3108111,0,0,0,0
3108112,38,374,18,430
3108113,37,258,20,315
3108114,23,171,23,217
3108115,34,308,40,382
3108116,19,174,9,202
3108117,33,258,4,295
3108118,19,249,11,279
3108119,40,265,14,319
3108120,31,268,4,303
3108201,13,149,11,173
3108202,20,170,6,196
3108203,33,175,0,208
3108204,38,276,21,335
3108205,21,153,6,180
3108206,20,177,4,201
3108207,58,360,7,425
3108208,23,251,12,286
3108209,27,277,27,331
3108210,40,302,21,363
3108211,26,335,22,383
3108212,29,271,20,320
3108213,49,375,27,451
3108214,24,243,10,277
3108215,28,177,12,217
3108216,13,228,9,250
3108217,28,250,12,290
3108218,25,156,11,192
3108219,46,265,27,338
3108220,27,241,19,287
3108301,0,3,0,3
3108302,57,381,19,457
3108303,21,212,9,242
3108304,28,340,16,384
3108305,12,205,22,239
3108306,21,192,10,223
3108307,15,162,3,180
3108308,21,208,6,235
3108309,25,275,28,328
3108310,33,239,10,282
3108311,32,366,34,432
3108401,51,404,14,469
3108402,16,203,3,222
3108403,32,299,0,331
3108404,38,414,12,464
3108405,0,0,0,0
3108406,0,0,0,0
3108407,10,193,3,206
3108408,51,357,9,417
3108409,10,465,41,516
3108410,16,171,22,209
3108411,52,346,27,425
3108412,41,293,6,340
3108413,29,382,24,435
3108414,23,194,12,229
3108415,20,177,3,200
3108416,36,254,15,305
3108417,43,300,18,361
3108418,22,309,9,340
3108419,12,121,18,151
3108420,3,3,0,6
3108421,43,282,16,341
3108422,49,312,17,378
3108423,51,247,9,307
3108424,32,334,11,377
3108425,39,322,18,379
3108501,35,349,13,397
3108502,33,202,15,250
3108503,27,252,23,302
3108504,26,265,22,313
3108505,35,281,12,328
3108506,34,264,11,309
3108507,44,347,14,405
3108508,30,216,6,252
3108509,36,327,9,372
3108510,25,233,21,279
3108511,35,289,30,354
3108601,45,284,18,347
3108602,68,501,15,584
3108603,19,181,6,206
3108604,22,277,6,305
3108605,37,369,21,427
3108606,34,418,24,476
3108607,27,429,27,483
3108608,36,468,15,519
3108609,34,283,3,320
3108610,31,171,9,211
3108611,16,197,15,228
3108612,40,333,18,391
3108613,45,325,19,389
3108614,35,384,31,450
3108615,37,293,6,336
3108616,85,523,17,625
3108617,39,440,30,509
3108701,3,33,0,36
3108702,34,239,9,282
3108703,32,246,15,293
3108704,37,231,13,281
3108705,46,424,40,510
3108706,25,172,120,317
3108707,17,160,0,177
3108708,36,207,19,262
3108709,17,134,9,160
3108710,37,246,19,302
3108711,39,272,15,326
3108712,25,140,0,165
3108713,45,227,18,290
3108714,20,215,4,239
3108715,47,203,3,253
3108716,53,403,15,471
3108717,26,283,8,317
3108718,24,200,4,228
3108719,13,168,143,324
3108720,34,271,11,316
3108801,44,265,15,324
3108802,21,169,6,196
3108803,32,237,20,289
3108804,36,318,0,354
3108805,66,360,9,435
3108806,40,270,13,323
3108807,28,164,12,204
3108808,40,315,9,364
3108809,70,377,9,456
3108810,48,325,12,385
3108811,55,383,12,450
3108812,66,425,25,516
3108813,32,253,12,297
3108814,30,308,101,439
3108815,51,427,16,494
3108816,27,181,3,211
3108817,48,384,10,442
3108818,23,194,0,217
3108819,55,337,6,398
3108820,62,346,6,414
3108821,20,213,6,239
3108822,32,229,7,268
3108823,56,336,20,412
3108824,18,171,9,198
3108901,46,355,25,426
3108902,61,489,28,578
3108903,17,179,14,210
3108904,49,407,9,465
3108905,40,212,19,271
3108906,45,294,13,352
3108907,47,244,13,304
3108908,11,138,12,161
3109001,47,368,9,424
3109002,33,280,7,320
3109003,24,119,21,164
3109004,33,182,0,215
3109005,49,403,30,482
3109006,30,247,18,295
3109007,58,365,30,453
3109008,33,254,12,299
3109009,32,308,19,359
3109010,53,413,36,502
3109011,46,396,41,483
3109012,19,294,13,326
3109013,13,154,13,180
3109014,17,195,20,232
3109015,18,134,12,164
3109016,24,278,24,326
3109017,44,425,11,480
3109018,51,491,27,569
3109019,60,429,20,509
3109101,15,252,24,291
3109102,16,128,6,150
3109103,33,246,9,288
3109104,38,242,18,298
3109105,43,383,25,451
3109106,39,429,18,486
3109107,28,326,3,357
3109108,47,389,21,457
3109109,55,233,10,298
3109110,39,316,15,370
3109111,48,374,7,429
3109112,38,204,4,246
3109201,22,157,6,185
3109202,50,323,14,387
3109203,20,161,9,190
3109204,21,199,21,241
3109205,34,295,17,346
3109206,22,206,6,234
3109207,23,212,12,247
3109208,33,354,6,393
3109209,49,406,30,485
3109210,29,210,12,251
3109211,47,379,32,458
3109212,15,121,5,141
3109213,44,314,12,370
3109214,39,360,18,417
3109215,31,246,15,292
3109216,55,353,41,449
3109301,52,387,23,462
3109302,32,194,13,239
3109303,27,352,36,415
3109304,0,0,0,0
3109305,38,234,86,358
3109306,34,331,15,380
3109307,33,259,15,307
3109308,26,237,132,395
3109309,50,284,16,350
3109310,19,179,15,213
3109311,59,266,16,341
3109312,46,270,12,328
3109401,33,394,57,484
3109402,48,279,16,343
3109403,29,185,0,214
3109404,48,411,15,474
3109405,0,0,0,0
3109406,18,223,5,246
3109407,39,309,21,369
3109408,43,338,20,401
3109409,19,310,25,354
3109410,17,249,12,278
3109411,40,347,57,444
3109412,26,318,19,363
3109413,49,267,17,333
3109414,22,211,41,274
3109415,38,487,81,606
3109416,18,220,26,264
3109417,22,384,108,514
3109418,24,204,18,246
3109419,20,201,3,224
3109420,37,281,15,333
3109421,37,223,6,266
3109422,8,107,12,127
3109423,15,212,12,239
3109424,37,225,9,271
3109425,37,498,58,593
3109426,6,197,8,211
3109427,28,237,20,285
3109428,26,379,16,421
3109429,35,231,11,277
3109430,30,227,6,263
3109431,43,285,9,337
3109501,29,427,37,493
3109502,40,241,6,287
3109503,44,304,16,364
3109504,51,261,43,355
3109505,28,159,26,213
3109506,30,171,32,233
3109507,18,230,19,267
3109508,5,152,9,166
3109509,42,366,35,443
3109510,42,283,25,350
3109511,42,193,11,246
3109512,15,310,19,344
3109513,23,153,8,184
3109514,36,187,23,246
3109601,36,493,32,561
3109602,21,307,32,360
3109603,37,449,7,493
3109604,11,260,44,315
3109605,17,374,45,436
3109606,19,410,35,464
3109607,15,265,15,295
3109608,41,376,32,449
3109609,32,356,15,403
3109610,28,353,33,414
3109611,33,250,48,331
3109612,30,250,23,303
3109613,22,239,31,292
3109614,32,281,35,348
3109615,62,1899,78,2039
3109616,28,353,27,408
3109617,9,212,6,227
3109618,44,405,38,487
3109619,21,255,25,301
3109620,10,327,19,356
3109621,24,301,21,346
3109622,14,270,23,307
3109623,38,306,27,371
3109701,30,288,16,334
3109702,16,170,14,200
3109703,32,230,18,280
3109704,46,486,53,585
3109705,15,206,15,236
3109706,23,380,19,422
3109707,26,224,5,255
3109708,10,339,24,373
3109709,34,395,30,459
3109710,37,364,22,423
3109711,17,241,39,297
3109712,36,326,20,382
3109713,30,238,16,284
3109714,21,308,15,344
3109715,22,216,12,250
3109716,19,283,14,316
3109717,35,375,15,425
3109718,19,223,22,264
3109719,31,201,12,244
3109720,39,387,15,441
3109721,24,272,33,329
3109801,19,226,12,257
3109802,38,277,11,326
3109803,51,424,25,500
3109804,16,699,58,773
3109805,26,279,13,318
3109806,45,569,25,639
3109807,17,169,12,198
3109808,42,359,18,419
3109809,40,336,21,397
3109810,29,197,12,238
3109811,23,227,18,268
3109812,38,463,25,526
3109813,24,153,6,183
3109814,38,388,14,440
3109815,30,300,21,351
3109816,36,380,31,447
3109817,24,209,15,248
3109901,0,21,3,24
3110001,35,281,27,343
3110002,43,336,10,389
3110003,51,380,50,481
3110004,27,249,33,309
3110005,24,183,33,240
3110006,21,158,15,194
3110007,3,3,0,6
3110008,38,267,34,339
3110009,20,260,21,301
3110010,58,326,20,404
3110011,41,347,21,409
3110012,63,290,15,368
3110013,38,265,28,331
3110014,25,210,6,241
3110015,35,263,8,306
3110016,24,232,12,268
3110017,33,272,15,320
3110018,16,155,13,184
3110019,33,220,7,260
3110101,22,278,31,331
3110102,43,285,17,345
3110103,36,227,15,278
3110104,31,238,3,272
3110105,23,221,6,250
3110106,38,261,3,302
3110107,45,345,36,426
3110108,6,53,4,63
3110109,57,282,9,348
3110110,31,239,16,286
3110111,17,214,12,243
3110112,41,312,16,369
3110113,27,159,15,201
3110114,34,245,20,299
3110115,38,313,15,366
3110116,26,257,16,299
3110117,45,280,19,344
3110118,22,190,15,227
3110119,37,293,9,339
3110120,46,367,31,444
3110201,0,0,0,0
3110301,12,146,18,176
3110302,36,252,3,291
3110303,57,408,21,486
3110304,36,296,13,345
3110305,24,262,6,292
3110306,58,369,20,447
3110307,26,230,12,268
3110308,64,307,9,380
3110309,44,350,22,416
3110310,26,194,15,235
3110311,41,348,22,411
3110312,34,194,6,234
3110313,57,313,12,382
3110314,52,326,12,390
3110315,26,203,7,236
3110316,23,194,0,217
3110317,33,224,16,273
3110318,36,236,19,291
3110319,33,229,15,277
3110320,35,188,10,233
3110321,19,193,12,224
3110322,25,217,21,263
3110323,29,273,21,323
3110324,29,191,12,232
3110325,6,170,125,301
3110326,31,210,13,254
3110327,38,293,19,350
3110328,53,344,15,412
3110329,42,291,6,339
3110330,24,212,6,242
3110331,35,206,13,254
3110332,43,292,9,344
3110333,61,377,25,463
3110334,45,341,9,395
3110335,46,364,12,422
3110336,37,302,20,359
3110337,32,213,20,265
3110338,57,392,36,485
3110339,46,213,15,274
3110340,19,176,3,198
3110401,50,265,5,320
3110402,20,333,6,359
3110403,56,298,15,369
3110404,32,333,12,377
3110405,28,347,33,408
3110406,38,299,4,341
3110407,77,441,26,544
3110408,40,345,0,385
3110409,28,182,0,210
3110410,47,304,12,363
3110411,44,253,3,300
3110412,19,245,7,271
3110413,23,213,5,241
3110414,20,142,9,171
3110415,27,211,9,247
3110416,26,205,12,243
3110417,37,270,21,328
3110418,27,193,7,227
3110419,47,389,19,455
3110420,31,297,21,349
3110421,36,250,9,295
3110501,19,352,77,448
3110502,21,510,234,765
3110503,4,176,26,206
3110504,10,203,75,288
3110505,16,221,111,348
3110506,17,373,27,417
3110507,64,796,84,944
3110508,6,154,47,207
3110509,24,426,68,518
3110510,21,580,179,780
3110511,18,537,191,746
3110512,21,246,124,391
3110513,3,11,6,20
3110514,58,591,95,744
3110515,17,364,73,454
3110516,17,249,90,356
3110517,11,202,55,268
3110518,6,162,19,187
3110519,15,116,19,150
3110601,0,121,18,139
3110602,35,507,156,698
3110603,23,304,64,391
3110604,36,422,88,546
3110605,17,306,42,365
3110606,46,676,53,775
3110607,18,295,51,364
3110608,12,320,133,465
3110609,11,353,60,424
3110610,20,349,82,451
3110611,13,340,42,395
3110701,29,282,36,347
3110702,36,258,16,310
3110703,26,268,44,338
3110704,25,344,26,395
3110705,13,211,89,313
3110706,32,278,84,394
3110707,49,473,53,575
3110708,46,364,40,450
3110709,21,253,7,281
3110710,29,309,12,350
3110711,39,330,37,406
3110712,19,154,12,185
3110713,15,202,12,229
3110714,26,200,40,266
3110715,24,294,42,360
3110801,32,366,103,501
3110802,4,144,20,168
3110803,17,239,18,274
3110804,9,297,154,460
3110805,32,375,35,442
3110806,47,327,33,407
3110807,30,327,22,379
3110808,21,250,49,320
3110809,38,420,57,515
3110810,30,440,93,563
3110811,29,282,28,339
3110812,20,271,75,366
3110813,35,283,73,391
3110814,30,455,78,563
3110815,24,274,52,350
3110816,34,271,23,328
3110817,18,171,32,221
3110901,23,269,25,317
3110902,16,257,53,326
3110903,22,356,39,417
3110904,15,210,27,252
3110905,26,186,24,236
3110906,19,256,8,283
3110907,25,196,34,255
3110908,21,270,27,318
3110909,23,316,28,367
3110910,42,437,78,557
3110911,13,207,65,285
3110912,22,291,26,339
3110913,20,304,25,349
3110914,50,299,113,462
3110915,51,355,41,447
3110916,14,189,21,224
3110917,44,452,27,523
3110918,47,466,38,551
3110919,28,264,52,344
3110920,30,154,10,194
3110921,28,378,77,483
3110922,18,271,21,310
3110923,31,278,5,314
3110924,37,226,34,297
3110925,24,185,36,245
3110926,27,300,55,382
3110927,9,139,10,158
3110928,44,372,60,476
3110929,38,424,36,498
3110930,27,270,12,309
3110931,30,244,7,281
3111001,21,171,38,230
3111002,19,282,43,344
3111003,20,669,93,782
3111004,28,283,27,338
3111005,20,699,65,784
3111006,0,173,14,187
3111007,24,585,132,741
3111008,33,359,48,440
3111009,28,289,63,380
3111010,34,270,59,363
3111011,31,355,67,453
3111101,13,208,49,270
3111102,19,398,51,468
3111103,6,314,37,357
3111104,5,154,33,192
3111105,23,382,60,465
3111106,26,339,71,436
3111107,29,436,73,538
3111108,31,275,42,348
3111109,36,422,60,518
3111110,22,392,100,514
3111111,22,241,37,300
3111112,18,231,55,304
3111113,22,353,177,552
3111201,39,620,80,739
3111202,19,238,28,285
3111203,22,279,22,323
3111204,29,303,20,352
3111205,20,239,39,298
3111206,41,294,27,362
3111207,24,184,16,224
3111208,34,235,22,291
3111209,26,293,23,342
3111210,21,281,43,345
3111211,30,328,53,411
3111212,35,395,27,457
3111213,28,221,21,270
3111214,78,885,146,1109
3111215,31,312,38,381
3111216,28,311,25,364
3111217,31,331,23,385
3111218,28,151,18,197
3111301,18,259,10,287
3111302,36,381,29,446
3111303,32,237,6,275
3111304,21,281,25,327
3111305,24,200,19,243
3111306,39,358,15,412
3111307,26,321,23,370
3111308,18,198,18,234
3111309,31,179,3,213
3111310,21,267,16,304
3111401,22,288,22,332
3111402,16,290,25,331
3111403,34,291,24,349
3111404,37,316,7,360
3111405,22,249,22,293
3111406,27,276,24,327
3111407,28,288,15,331
3111408,25,281,26,332
3111409,33,441,14,488
3111410,29,504,58,591
3111411,19,315,29,363
3111412,24,323,14,361
3111413,28,235,27,290
3111501,19,218,33,270
3111502,26,298,62,386
3111503,26,325,27,378
3111504,17,344,54,415
3111505,31,350,40,421
3111506,16,226,18,260
3111507,26,406,51,483
3111508,30,242,91,363
3111509,33,369,70,472
3111510,29,310,27,366
3111511,28,224,32,284
3111512,29,366,42,437
3111513,35,299,33,367
3111601,21,191,12,224
3111602,15,268,18,301
3111603,14,143,6,163
3111604,33,333,30,396
3111605,15,259,21,295
3111606,15,345,69,429
3111607,26,346,16,388
3111608,35,454,126,615
3111609,23,144,23,190
3111610,30,345,35,410
3111611,28,378,23,429
3111701,15,216,22,253
3111702,15,171,24,210
3111703,15,149,12,176
3111704,26,275,25,326
3111705,49,441,19,509
3111706,24,222,12,258
3111707,23,401,38,462
3111708,0,0,0,0
3111709,18,202,12,232
3111710,25,322,24,371
3111711,12,267,31,310
3111712,29,232,25,286
3111713,12,179,15,206
3111714,34,333,26,393
3111715,46,397,24,467
3111716,47,431,34,512
3111717,37,278,13,328
3111718,28,281,12,321
3111719,30,370,18,418
3111720,45,284,18,347
3111721,21,212,15,248
3111722,0,0,0,0
3111723,25,249,12,286
3111724,17,214,13,244
3111725,14,299,17,330
3111726,17,177,6,200
3111727,25,356,26,407
3111728,15,231,18,264
3111729,0,0,0,0
3111730,24,217,11,252
3111731,18,270,22,310
3111732,23,347,30,400
3111733,19,222,31,272
3111801,7,117,4,128
3111802,24,153,0,177
3111803,42,343,26,411
3111804,23,293,9,325
3111805,28,264,3,295
3111806,38,387,16,441
3111807,28,231,18,277
3111808,30,220,22,272
3111809,42,332,45,419
3111810,34,294,27,355
3111811,24,390,12,426
3111812,36,294,25,355
3111813,29,168,18,215
3111814,43,407,30,480
3111815,21,171,31,223
3111901,0,0,0,0
3111902,16,134,15,165
3111903,18,225,18,261
3111904,16,242,22,280
3111905,21,257,27,305
3111906,18,211,12,241
3111907,38,344,44,426
3111908,39,464,40,543
3112001,30,224,9,263
3112002,22,217,8,247
3112003,21,210,0,231
3112004,36,332,4,372
3112005,38,263,21,322
3112006,30,388,24,442
3112007,38,455,25,518
3112008,12,204,18,234
3112009,27,279,32,338
3112010,38,246,18,302
3112011,57,315,32,404
3112012,23,263,10,296
3112013,25,160,12,197
3112014,0,0,0,0
3112015,30,195,0,225
3112016,32,252,9,293
3112101,36,226,12,274
3112102,34,312,19,365
3112103,51,271,15,337
3112104,45,371,30,446
3112105,39,351,46,436
3112106,20,380,32,432
3112107,37,451,37,525
3112108,24,203,27,254
3112109,38,400,32,470
3112110,23,309,39,371
3112111,59,385,18,462
3112112,0,0,0,0
3112201,35,408,35,478
3112202,36,405,40,481
3112203,41,404,24,469
3112204,39,265,24,328
3112205,36,229,11,276
3112206,34,246,33,313
3112207,41,355,31,427
3112208,28,190,18,236
3112209,23,160,20,203
3112210,25,124,18,167
3112211,43,308,6,357
3112212,46,267,24,337
3112213,29,337,17,383
3112214,22,403,27,452
3112215,33,456,37,526
3112216,44,341,21,406
3112217,26,309,27,362
3112218,20,246,29,295
3112219,43,297,52,392
3112220,26,225,26,277
3112221,29,172,9,210
3112222,39,284,18,341
3112223,40,373,40,453
3112224,37,271,27,335
3112301,46,327,28,401
3112302,37,357,15,409
3112303,28,215,27,270
3112304,9,170,3,182
3112305,30,244,0,274
3112306,37,290,19,346
3112307,48,324,14,386
3112308,35,281,7,323
3112309,43,265,19,327
3112310,31,184,0,215
3112401,15,159,10,184
3112402,66,326,52,444
3112403,26,237,13,276
3112404,37,316,47,400
3112405,39,335,49,423
3112406,23,409,15,447
3112407,36,434,45,515
3112408,23,310,40,373
3112409,51,289,31,371
3112410,25,131,7,163
3112411,17,291,9,317
3112412,16,142,13,171
3112501,23,161,19,203
3112502,49,377,48,474
3112503,21,163,26,210
3112504,24,281,23,328
3112505,3,0,6,9
3112506,31,190,30,251
3112507,20,224,27,271
3112508,51,339,10,400
3112509,27,173,17,217
3112510,31,169,24,224
3112511,42,267,4,313
3112512,35,230,18,283
3112513,49,329,37,415
3112601,19,209,13,241
3112602,33,427,43,503
3112603,22,254,25,301
3112604,29,331,17,377
3112605,42,415,16,473
3112606,21,247,15,283
3112607,24,232,6,262
3112608,44,359,28,431
3112609,15,239,40,294
3112610,33,355,21,409
3112611,22,393,15,430
3112612,39,285,6,330
3112613,41,316,22,379
3112614,30,392,39,461
3112615,91,1474,153,1718
3112616,0,0,0,0
3112701,56,399,27,482
3112702,41,281,9,331
3112703,58,324,43,425
3112704,38,457,27,522
3112705,22,249,10,281
3112706,40,406,27,473
3112707,26,179,16,221
3112708,24,268,19,311
3112709,27,262,16,305
3112710,28,316,14,358
3112801,29,395,74,498
3112802,22,451,93,566
3112803,25,488,56,569
3112804,13,265,39,317
3112805,26,344,72,442
3112806,29,322,34,385
3112807,38,289,13,340
3112808,48,375,21,444
3112809,8,315,43,366
3112810,3,9,0,12
3112811,18,119,6,143
3112812,22,379,23,424
3112813,29,253,14,296
3112814,22,217,17,256
3112815,21,327,46,394
3112816,21,95,16,132
3112817,18,151,15,184
3112818,36,523,52,611
3112819,34,409,31,474
3112901,69,355,15,439
3112902,23,260,15,298
3112903,19,219,15,253
3112904,28,254,16,298
3112905,25,207,15,247
3112906,54,365,13,432
3112907,18,254,6,278
3112908,47,278,28,353
3112909,16,221,18,255
3112910,30,110,9,149
3113001,14,249,9,272
3113002,26,246,22,294
3113003,30,241,5,276
3113004,47,445,30,522
3113005,28,223,18,269
3113006,16,242,18,276
3113007,20,323,19,362
3113008,29,276,29,334
3113009,37,248,11,296
3113010,53,295,9,357
3113011,31,234,16,281
3113012,27,168,15,210
3113013,35,382,24,441
3113014,46,300,9,355
3113015,43,338,22,403
3113016,37,373,12,422
3113101,40,388,14,442
3113102,28,234,11,273
3113103,43,325,12,380
3113104,36,233,13,282
3113105,17,301,34,352
3113106,28,275,27,330
3113107,34,280,9,323
3113108,8,157,18,183
3113109,12,211,21,244
3113110,40,326,34,400
3113111,22,196,24,242
3113112,29,264,40,333
3113113,33,365,49,447
3113114,37,365,41,443
3113115,26,264,30,320
3113116,12,170,6,188
3113117,31,241,29,301
3113118,46,347,34,427
3113119,20,196,3,219
3113120,41,363,12,416
3113121,32,261,15,308
3113122,47,307,52,406
3113201,43,295,15,353
3113202,27,204,13,244
3113203,14,170,6,190
3113204,49,338,12,399
3113205,31,226,24,281
3113206,26,217,13,256
3113207,61,317,28,406
3113208,54,505,17,576
3113209,25,278,11,314
3113210,17,217,29,263
3113211,44,291,12,347
3113212,19,235,22,276
3113213,26,221,13,260
3113214,23,251,18,292
3113215,54,257,0,311
3113216,26,205,15,246
3113217,24,206,12,242
3113218,24,351,23,398
3113219,35,268,10,313
3113220,33,272,6,311
3113221,27,230,12,269
3113222,19,203,55,277
3113223,32,211,9,252
3113224,46,280,26,352
3113225,50,353,20,423
3113226,53,358,22,433
3113227,39,376,33,448
3113228,41,288,17,346
3113229,31,351,14,396
3113230,34,280,23,337
3113231,25,265,36,326
3113301,36,307,27,370
3113302,12,182,3,197
3113303,33,269,8,310
3113304,38,415,23,476
3113305,36,257,12,305
3113306,19,232,16,267
3113307,18,300,44,362
3113308,22,338,26,386
3113309,17,360,57,434
3113310,29,389,26,444
3113311,32,391,31,454
3113312,21,286,12,319
3113313,44,308,9,361
3113401,30,253,18,301
3113402,36,232,31,299
3113403,12,185,22,219
3113404,31,289,12,332
3113405,43,250,3,296
3113406,37,248,12,297
3113407,39,253,16,308
3113408,53,345,33,431
3113409,38,412,18,468
3113410,61,410,24,495
3113411,30,309,12,351
3113412,24,235,20,279
3113413,50,273,18,341
3113414,22,226,12,260
3113415,39,283,18,340
3113416,20,170,11,201
3113417,27,244,18,289
3113418,35,276,13,324
3113419,36,359,27,422
3113420,54,366,24,444
3113421,60,322,13,395
3113422,26,148,9,183
3113501,22,198,12,232
3113502,25,244,21,290
3113503,27,289,32,348
3113504,18,271,15,304
3113505,13,251,11,275
3113506,21,235,30,286
3113507,48,303,19,370
3113508,17,303,23,343
3113509,22,248,5,275
3113510,34,353,21,408
3113511,24,354,18,396
3113512,30,254,19,303
3113513,21,214,18,253
3113514,32,324,30,386
3113515,41,493,34,568
3113516,17,222,12,251
3113517,27,357,14,398
3113518,36,413,19,468
3113519,24,211,13,248
3113520,25,350,75,450
3113521,42,334,15,391
3113522,14,304,25,343
3113523,49,414,40,503
3113524,19,146,17,182
3113525,12,310,22,344
3113601,18,171,4,193
3113602,21,190,52,263
3113603,35,327,16,378
3113604,23,197,68,288
3113605,19,204,13,236
3113606,28,373,16,417
3113607,45,379,28,452
3113608,37,442,34,513
3113609,24,348,16,388
3113610,17,207,6,230
3113611,25,291,9,325
3113612,17,273,30,320
3113613,27,365,28,420
3113614,21,232,44,297
3113615,0,0,0,0
3113701,14,238,15,267
3113702,38,460,54,552
3113703,21,202,42,265
3113704,14,160,14,188
3113705,35,228,57,320
3113706,46,242,42,330
3113707,36,377,22,435
3113708,21,221,14,256
3113709,47,414,15,476
3113710,12,213,0,225
3113711,23,342,12,377
3113712,32,333,35,400
3113713,33,379,30,442
3113714,20,407,26,453
3113715,23,305,19,347
3113716,12,260,25,297
3113717,35,299,16,350
3113718,45,347,41,433
3113719,21,471,31,523
3113720,32,348,7,387
3113721,38,376,36,450
3113722,22,307,9,338
3113723,30,371,38,439
3113724,31,412,30,473
3113725,9,279,16,304
3113801,28,269,14,311
3113802,31,251,0,282
3113803,36,324,7,367
3113804,22,195,15,232
3113805,31,254,19,304
3113806,14,127,21,162
3113807,17,191,8,216
3113808,15,137,13,165
3113809,15,182,3,200
3113810,41,297,18,356
3113811,20,121,9,150
3113812,32,288,25,345
3113813,44,544,29,617
3113814,23,177,10,210
3113901,31,325,15,371
3113902,43,400,83,526
3113903,29,341,66,436
3113904,24,252,18,294
3113905,19,276,13,308
3113906,40,315,25,380
3113907,41,357,18,416
3113908,57,546,59,662
3113909,12,169,26,207
3113910,51,453,40,544
3113911,31,286,25,342
3113912,36,437,30,503
3113913,35,288,14,337
3113914,40,347,28,415
3113915,32,479,34,545
3113916,17,185,15,217
3113917,32,302,18,352
3113918,9,78,0,87
3113919,28,292,15,335
3113920,25,269,14,308
3113921,8,270,15,293
3113922,0,12,3,15
3114001,34,341,25,400
3114002,12,205,23,240
3114003,42,293,16,351
3114004,0,9,9,18
3114005,32,154,17,203
3114006,49,392,37,478
3114007,50,357,17,424
3114008,47,386,31,464
3114009,27,245,22,294
3114010,0,0,0,0
3114101,23,253,17,293
3114102,34,199,12,245
3114103,22,214,8,244
3114104,29,141,3,173
3114105,16,160,12,188
3114106,10,169,6,185
3114107,7,157,10,174
3114108,23,236,16,275
3114109,21,341,16,378
3114110,39,371,20,430
3114111,67,454,16,537
3114112,15,144,11,170
3114113,25,430,16,471
3114114,32,308,3,343
3114115,11,185,13,209
3114116,62,478,25,565
3114117,22,229,22,273
3114118,47,248,22,317
3114119,25,171,8,204
3114120,0,0,0,0
3114121,17,110,15,142
3114122,23,228,145,396
3114123,34,368,16,418
3114124,19,230,13,262
3114125,11,116,9,136
3114126,29,263,12,304
3114127,17,156,0,173
3114128,34,209,18,261
3114129,29,339,16,384
3114130,0,3,0,3
3114131,19,295,45,359
3114201,43,356,44,443
3114202,28,116,12,156
3114203,40,406,69,515
3114204,62,433,57,552
3114205,42,159,6,207
3114206,40,295,38,373
3114207,22,210,27,259
3114208,33,292,38,363
3114209,21,307,54,382
3114210,21,202,33,256
3114211,56,789,68,913
3114212,15,182,23,220
3114213,15,161,12,188
3114214,37,359,22,418
3114215,29,311,18,358
3114216,38,452,27,517
3114217,0,21,3,24
3114218,21,360,13,394
3114219,0,32,6,38
3114220,57,417,42,516
3114221,21,226,27,274
3114222,0,0,0,0
3114223,28,204,32,264
3114224,34,222,22,278
3114225,37,304,67,408
3114226,21,185,61,267
3114227,15,105,12,132
3114301,0,0,0,0
3114302,0,0,0,0
3114303,40,300,30,370
3114304,21,279,43,343
3114305,25,196,39,260
3114306,13,154,15,182
3114307,32,277,35,344
3114308,26,233,27,286
3114309,38,286,36,360
3114310,28,181,16,225
3114311,25,215,13,253
3114312,16,187,23,226
3114313,0,3,0,3
3114314,27,230,29,286
3114315,51,297,35,383
3114316,21,270,32,323
3114317,44,374,40,458
3114318,30,246,43,319
3114319,28,303,22,353
3114401,31,284,36,351
3114402,43,258,34,335
3114403,41,216,35,292
3114404,21,233,27,281
3114405,40,319,62,421
3114406,19,221,24,264
3114407,31,333,33,397
3114408,21,212,31,264
3114409,24,238,24,286
3114410,41,194,23,258
3114411,13,139,18,170
3114412,34,165,21,220
3114413,27,404,25,456
3114414,7,113,17,137
3114415,25,252,45,322
3114416,23,179,40,242
3114417,19,117,7,143
3114418,25,234,21,280
3114501,35,289,73,397
3114502,40,441,94,575
3114503,10,163,177,350
3114504,27,355,69,451
3114505,33,542,192,767
3114506,46,621,131,798
3114507,17,145,40,202
3114508,24,242,65,331
3114509,29,270,87,386
3114510,8,210,80,298
3114511,22,310,44,376
3114512,29,248,21,298
3114513,56,505,70,631
3114514,43,442,117,602
3114515,8,174,50,232
3114516,20,229,44,293
3114517,6,130,38,174
3114518,31,382,109,522
3114519,23,414,169,606
3114520,15,209,42,266
3114521,24,186,52,262
3114601,70,329,36,435
3114602,37,324,21,382
3114603,64,498,121,683
3114604,27,247,51,325
3114605,43,291,32,366
3114606,45,347,39,431
3114607,34,293,23,350
3114608,42,235,46,323
3114609,17,207,16,240
3114610,35,333,18,386
3114611,23,206,3,232
3114612,29,167,6,202
3114613,25,291,21,337
3114614,37,282,24,343
3114615,67,435,35,537
3114616,43,380,34,457
3114617,44,330,21,395
3114701,48,428,71,547
3114702,24,247,56,327
3114703,24,229,56,309
3114704,21,125,15,161
3114705,27,138,11,176
3114706,23,180,20,223
3114707,47,279,21,347
3114708,24,208,26,258
3114709,27,190,25,242
3114710,17,168,23,208
3114711,28,140,31,199
3114712,34,221,23,278
3114713,53,255,28,336
3114714,55,399,46,500
3114715,32,205,13,250
3114716,38,250,42,330
3114717,58,565,57,680
3114718,51,531,50,632
3114719,36,224,27,287
3114720,17,161,30,208
3114721,36,300,33,369
3114722,9,110,6,125
3114801,18,104,16,138
3114802,37,319,42,398
3114803,9,75,6,90
3114804,46,231,44,321
3114805,34,266,34,334
3114806,33,230,21,284
3114807,22,196,15,233
3114808,20,141,17,178
3114809,27,259,21,307
3114810,30,270,38,338
3114811,9,119,24,152
3114812,20,205,33,258
3114813,11,243,15,269
3114814,32,149,28,209
3114815,43,337,50,430
3114816,33,126,12,171
3114817,43,219,32,294
3114818,38,140,7,185
3114819,40,258,18,316
3114820,33,172,18,223
3114821,19,108,12,139
3114822,51,410,39,500
3114823,25,260,24,309
3114901,57,351,29,437
3114902,40,316,18,374
3114903,40,244,6,290
3114904,23,199,7,229
3114905,9,104,6,119
3114906,15,313,36,364
3114907,46,392,33,471
3114908,13,255,33,301
3114909,0,0,0,0
3114910,24,182,27,233
3114911,22,195,10,227
3114912,5,70,9,84
3114913,30,264,30,324
3114914,48,154,49,251
3114915,44,260,32,336
3114916,6,152,12,170
3114917,24,218,15,257
3114918,47,386,30,463
3114919,49,359,36,444
3114920,24,261,33,318
3114921,27,248,20,295
3114922,19,212,35,266
3114923,37,253,23,313
3114924,52,281,85,418
3115001,0,0,0,0
3115101,15,184,40,239
3115102,35,339,29,403
3115103,18,241,40,299
3115104,12,220,38,270
3115105,54,310,60,424
3115106,44,235,43,322
3115107,10,143,19,172
3115108,35,189,12,236
3115109,66,253,39,358
3115110,23,150,13,186
3115111,35,322,83,440
3115112,21,217,43,281
3115113,36,118,15,169
3115114,10,186,41,237
3115115,21,269,69,359
3115201,18,194,35,247
3115202,32,259,99,390
3115203,30,198,21,249
3115204,13,189,90,292
3115205,20,210,112,342
3115206,22,169,37,228
3115207,42,296,68,406
3115208,26,123,33,182
3115209,16,171,33,220
3115210,28,160,24,212
3115211,48,305,27,380
3115212,21,195,15,231
3115213,37,298,20,355
3115214,31,313,21,365
3115301,32,309,31,372
3115302,37,349,21,407
3115303,33,289,18,340
3115304,24,262,21,307
3115305,36,347,15,398
3115306,52,421,25,498
3115307,0,0,0,0
3115308,33,187,25,245
3115309,40,255,25,320
3115310,45,319,27,391
3115311,16,185,15,216
3115312,32,334,33,399
3115313,27,189,28,244
3115314,24,252,24,300
3115315,31,200,70,301
3115316,55,377,52,484
3115317,26,145,17,188
3115318,23,203,6,232
3115319,35,273,12,320
3115401,16,164,52,232
3115402,34,435,112,581
3115403,29,319,75,423
3115404,15,213,55,283
3115405,9,196,15,220
3115406,26,126,37,189
3115407,39,187,35,261
3115408,25,188,43,256
3115409,21,360,41,422
3115410,44,682,170,896
3115411,38,238,59,335
3115412,39,274,87,400
3115413,30,189,48,267
3115414,25,168,45,238
3115415,38,277,58,373
3115501,25,325,64,414
3115502,15,107,20,142
3115503,30,251,24,305
3115504,21,321,46,388
3115505,33,209,21,263
3115506,28,152,29,209
3115507,37,242,28,307
3115508,25,219,32,276
3115509,33,247,21,301
3115510,0,0,0,0
3115511,51,350,68,469
3115512,28,263,33,324
3115601,13,167,20,200
3115602,34,298,26,358
3115603,24,174,14,212
3115604,34,351,40,425
3115605,21,172,9,202
3115606,17,133,22,172
3115607,25,229,28,282
3115608,34,280,28,342
3115609,36,250,23,309
3115610,25,205,28,258
3115611,25,303,38,366
3115612,0,0,0,0
3115613,19,162,21,202
3115614,50,313,64,427
3115615,19,128,12,159
3115616,19,176,13,208
3115617,44,277,26,347
3115618,44,194,25,263
3115619,44,346,3,393
3115620,24,192,13,229
3115621,51,334,44,429
3115622,36,382,31,449
3115623,12,112,94,218
3115701,51,418,114,583
3115702,34,275,103,412
3115703,11,195,13,219
3115704,21,260,32,313
3115705,32,288,72,392
3115706,24,188,47,259
3115707,24,185,40,249
3115708,33,227,41,301
3115709,27,162,15,204
3115710,0,0,0,0
3115711,25,303,63,391
3115712,39,296,105,440
3115801,12,96,6,114
3115802,28,155,21,204
3115803,20,111,13,144
3115804,27,194,27,248
3115805,45,279,46,370
3115806,18,123,22,163
3115807,48,278,38,364
3115808,22,231,36,289
3115809,18,132,0,150
3115810,34,209,20,263
3115811,22,101,18,141
3115812,21,117,17,155
3115813,32,154,35,221
3115814,24,135,21,180
3115815,21,139,17,177
3115816,15,125,21,161
3115901,44,253,25,322
3115902,15,198,14,227
3115903,10,86,4,100
3115904,25,148,15,188
3115905,14,115,7,136
3115906,25,198,29,252
3115907,41,199,17,257
3115908,21,125,15,161
3115909,15,198,30,243
3115910,9,115,22,146
3115911,14,153,21,188
3115912,31,202,53,286
3115913,37,251,44,332
3115914,19,231,49,299
3115915,42,348,42,432
3115916,33,261,41,335
3115917,34,267,31,332
3115918,18,198,26,242
3115919,22,184,19,225
3115920,24,172,8,204
3115921,15,181,27,223
3115922,48,217,29,294
3115923,21,76,9,106
3115924,17,166,9,192
3115925,37,252,29,318
3115926,28,188,15,231
3115927,23,126,22,171
3115928,52,229,30,311
3115929,28,134,20,182
3115930,55,316,43,414
3116001,34,266,31,331
3116002,32,211,24,267
3116003,39,192,24,255
3116004,31,243,16,290
3116005,46,227,36,309
3116006,45,312,36,393
3116007,36,267,21,324
3116008,27,196,14,237
3116009,51,237,28,316
3116010,19,155,17,191
3116011,60,333,27,420
3116012,4,4,0,8
3116013,0,0,0,0
3116014,38,143,22,203
3116015,9,117,22,148
3116016,0,0,0,0
3116017,33,206,21,260
3116018,46,260,25,331
3116019,33,263,23,319
3116020,45,353,27,425
3116021,37,214,10,261
3116022,51,332,45,428
3116023,27,128,31,186
3116024,25,140,19,184
3116101,31,174,27,232
3116102,19,115,8,142
3116103,34,220,59,313
3116104,6,10,6,22
3116105,14,113,19,146
3116106,0,0,0,0
3116107,17,120,18,155
3116108,0,0,0,0
3116109,26,213,26,265
3116110,21,177,27,225
3116111,41,320,39,400
3116112,33,293,19,345
3116113,14,219,25,258
3116114,17,230,26,273
3116115,0,0,3,3
3116116,40,318,39,397
3116117,15,131,27,173
3116118,21,179,20,220
3116119,14,173,29,216
3116120,31,267,20,318
3116121,27,198,44,269
3116122,35,265,33,333
3116123,26,203,28,257
3116124,22,248,19,289
3116125,18,118,27,163
3116126,43,311,20,374
3116127,21,143,25,189
3116128,33,160,15,208
3116129,20,183,12,215
3116130,36,225,29,290
3116131,3,82,12,97
3116132,15,136,3,154
3116133,33,230,12,275
3116134,35,211,26,272
3116135,21,226,25,272
3116136,3,86,9,98
3116137,0,0,0,0
3116138,0,0,0,0
3116139,0,0,0,0
3116140,21,138,28,187
3116141,24,132,29,185
3116201,3,0,3,6
3116301,159,731,4,894
3116302,71,591,18,680
3116401,11,100,45,156
3116402,29,135,33,197
3116403,22,190,38,250
3116404,33,210,33,276
3116405,30,204,42,276
3116406,37,342,36,415
3116407,19,211,17,247
3116408,12,70,3,85
3116409,34,207,37,278
3116410,47,226,30,303
3116411,24,216,27,267
3116412,23,139,31,193
3116413,46,242,30,318
3116414,43,278,18,339
3116415,22,213,14,249
3116416,32,230,18,280
3116417,35,206,35,276
3116418,3,0,0,3
3116419,14,139,23,176
3116420,15,94,15,124
3116501,13,173,3,189
3116502,23,156,39,218
3116503,10,207,46,263
3116504,32,501,65,598
3116505,26,274,38,338
3116506,18,266,24,308
3116507,42,446,102,590
3116508,38,383,88,509
3116509,21,116,34,171
3116510,30,180,25,235
3116511,12,203,70,285
3116512,21,282,66,369
3116601,20,259,16,295
3116602,37,243,16,296
3116603,49,319,38,406
3116604,38,242,138,418
3116605,42,232,42,316
3116606,48,327,37,412
3116607,19,187,41,247
3116608,31,258,56,345
3116609,48,303,37,388
3116610,53,286,37,376
3116611,37,289,25,351
3116612,36,186,23,245
3116613,45,293,23,361
3116614,34,274,26,334
3116615,44,247,46,337
3116616,45,243,40,328
3116617,46,251,14,311
3116618,21,191,6,218
3116619,16,130,9,155
3116620,29,138,19,186
3116621,58,391,34,483
3116622,30,197,28,255
3116623,36,265,13,314
3116624,33,288,12,333
3116625,35,306,46,387
3116701,30,164,19,213
3116702,27,121,12,160
3116703,58,218,39,315
3116704,50,282,41,373
3116705,59,342,68,469
3116706,21,184,31,236
3116707,27,201,34,262
3116708,39,217,27,283
3116709,27,195,18,240
3116710,18,166,10,194
3116711,41,220,51,312
3116712,26,179,27,232
3116713,37,212,23,272
3116714,22,86,34,142
3116715,20,137,30,187
3116716,56,339,37,432
3116801,0,0,0,0
3116802,0,0,0,0
3116803,18,173,12,203
3116804,0,6,0,6
3116805,43,200,61,304
3116806,28,237,29,294
3116807,37,291,24,352
3116808,31,261,10,302
3116809,38,234,20,292
3116810,21,179,11,211
3116811,60,357,29,446
3116812,52,322,76,450
3116813,38,212,40,290
3116814,12,113,14,139
3116815,12,148,3,163
3116901,18,158,32,208
3116902,23,147,13,183
3116903,34,148,24,206
3116904,29,210,17,256
3116905,48,236,30,314
3116906,46,269,40,355
3116907,22,153,13,188
3116908,6,79,3,88
3116909,22,86,93,201
3116910,52,314,24,390
3116911,37,272,40,349
3116912,0,0,0,0
3116913,35,205,11,251
3116914,26,200,24,250
3116915,27,87,11,125
3116916,33,176,21,230
3116917,12,111,11,134
3116918,19,128,23,170
3116919,43,231,15,289
3116920,22,163,23,208
3116921,13,99,22,134
3116922,29,128,13,170
3116923,56,382,39,477
3116924,28,162,20,210
3116925,37,150,19,206
3116926,4,105,12,121
3116927,15,106,21,142
3116928,21,136,19,176
3116929,21,104,3,128
3116930,40,282,32,354
3117001,76,408,46,530
3117002,44,270,30,344
3117003,40,312,30,382
3117004,37,176,36,249
3117005,38,259,18,315
3117006,37,210,7,254
3117007,5,137,14,156
3117008,24,146,18,188
3117009,24,135,12,171
3117010,48,275,30,353
3117011,43,317,69,429
3117012,19,192,36,247
3117013,15,130,21,166
3117014,39,293,33,365
3117015,52,311,42,405
3117016,63,311,95,469
3117017,50,327,24,401
3117018,24,165,19,208
3117019,43,282,42,367
3117020,43,296,51,390
3117021,42,338,76,456
3117022,39,303,45,387
3117023,32,366,52,450
3117024,47,280,24,351
3117101,22,290,32,344
3117102,16,243,30,289
3117103,29,187,21,237
3117104,38,243,39,320
3117105,38,221,32,291
3117106,25,162,19,206
3117107,30,183,27,240
3117108,42,253,49,344
3117109,29,213,26,268
3117110,31,242,18,291
3117111,16,169,16,201
3117112,30,246,24,300
3117113,9,158,15,182
3117114,0,0,0,0
3117201,35,250,16,301
3117202,29,263,32,324
3117203,37,181,21,239
3117204,18,220,53,291
3117205,26,325,30,381
3117206,59,465,34,558
3117207,26,247,39,312
3117208,9,124,9,142
3117209,46,305,43,394
3117210,27,167,23,217
3117211,38,244,36,318
3117212,31,154,15,200
3117213,38,268,44,350
3117214,31,156,13,200
3117215,35,253,14,302
3117216,30,186,15,231
3117217,21,122,18,161
3117218,43,443,32,518
3117301,25,152,19,196
3117302,15,193,15,223
3117303,32,246,32,310
3117304,20,115,24,159
3117305,20,110,18,148
3117306,12,220,36,268
3117307,28,160,35,223
3117308,28,268,58,354
3117309,24,142,23,189
3117310,29,198,43,270
3117311,24,260,28,312
3117312,15,165,32,212
3117313,13,132,12,157
3117314,20,258,31,309
3117315,49,369,45,463
3117316,27,187,9,223
3117317,28,269,20,317
3117318,28,202,36,266
3117319,30,152,30,212
3117401,19,162,29,210
3117402,18,125,21,164
3117403,35,233,33,301
3117404,30,265,49,344
3117405,21,174,7,202
3117406,28,228,15,271
3117407,19,132,4,155
3117408,4,115,18,137
3117409,30,252,33,315
3117410,17,151,22,190
3117411,30,183,15,228
3117412,57,322,28,407
3117413,35,249,34,318
3117501,29,215,15,259
3117502,26,128,12,166
3117503,38,244,38,320
3117504,46,360,43,449
3117505,18,111,20,149
3117506,35,218,22,275
3117507,28,223,18,269
3117508,37,194,31,262
3117509,29,190,25,244
3117510,3,69,3,75
3117511,22,162,7,191
3117512,15,271,36,322
3117601,15,131,17,163
3117602,15,218,34,267
3117603,44,350,54,448
3117604,23,247,37,307
3117605,24,229,28,281
3117606,15,173,37,225
3117607,27,211,28,266
3117608,22,240,23,285
3117609,19,243,20,282
3117610,42,190,27,259
3117611,9,265,22,296
3117612,23,263,63,349
3117613,21,177,22,220
3117614,18,222,62,302
3117615,28,185,53,266
3117616,29,249,68,346
3117617,24,319,24,367
3117618,40,269,51,360
3117701,18,173,19,210
3117702,18,124,14,156
3117703,21,170,18,209
3117704,25,195,15,235
3117705,18,162,27,207
3117706,32,255,28,315
3117707,23,125,16,164
3117708,23,262,67,352
3117709,28,184,12,224
3117710,22,192,25,239
3117711,20,152,11,183
3117712,43,307,49,399
3117713,22,224,16,262
3117714,16,88,9,113
3117715,36,244,33,313
3117716,27,254,35,316
3117717,19,125,14,158
3117718,47,367,67,481
3117719,33,227,21,281
3117801,39,259,21,319
3117802,39,252,35,326
3117803,51,211,25,287
3117804,28,125,22,175
3117805,39,143,45,227
3117806,82,278,46,406
3117807,28,202,36,266
3117808,46,196,24,266
3117809,24,153,21,198
3117810,33,198,10,241
3117811,12,195,17,224
3117812,31,235,15,281
3117901,45,228,28,301
3117902,32,192,18,242
3117903,27,140,26,193
3117904,47,284,21,352
3117905,52,426,54,532
3117906,30,172,19,221
3117907,16,170,16,202
3117908,49,280,24,353
3117909,41,248,29,318
3117910,37,171,29,237
3117911,29,139,20,188
3117912,18,150,20,188
3117913,40,162,25,227
3117914,35,203,17,255
3117915,31,153,26,210
3117916,32,238,29,299
3117917,38,231,13,282
3117918,50,253,46,349
3117919,36,233,27,296
3117920,31,213,25,269
3117921,23,116,3,142
3117922,38,243,38,319
3117923,18,181,30,229
3117924,39,215,10,264
3118001,19,131,3,153
3118002,17,136,12,165
3118003,55,314,35,404
3118004,28,147,21,196
3118005,30,263,46,339
3118006,20,194,18,232
3118007,23,210,53,286
3118008,25,169,41,235
3118009,33,258,33,324
3118010,15,124,19,158
3118011,19,125,6,150
3118012,26,221,38,285
3118013,12,138,18,168
3118014,15,218,9,242
3118015,15,159,21,195
3118016,16,151,12,179
3118017,33,150,8,191
3118018,18,234,24,276
3118019,32,257,15,304
3118020,28,253,12,293
3118021,45,204,52,301
3118022,26,195,31,252
3118023,15,102,7,124
3118024,17,205,41,263
3118101,14,164,20,198
3118102,33,278,30,341
3118103,22,141,11,174
3118104,34,278,37,349
3118105,8,173,4,185
3118106,10,90,13,113
3118107,24,181,13,218
3118108,25,103,9,137
3118109,61,231,60,352
3118110,8,139,12,159
3118111,27,172,25,224
3118201,12,147,13,172
3118202,32,165,11,208
3118203,22,160,18,200
3118204,29,162,25,216
3118205,18,178,31,227
3118206,18,145,32,195
3118207,32,182,14,228
3118208,27,250,15,292
3118209,24,141,7,172
3118210,20,146,10,176
3118211,20,190,15,225
3118212,37,322,36,395
3118213,26,296,16,338
3118214,28,359,23,410
3118215,16,222,30,268
3118216,22,158,10,190
3118217,21,150,18,189
3118301,11,127,43,181
3118302,13,158,26,197
3118303,30,228,43,301
3118304,19,188,25,232
3118305,16,175,11,202
3118306,27,214,28,269
3118307,29,178,23,230
3118308,34,218,14,266
3118309,32,287,67,386
3118310,17,167,6,190
3118311,47,352,43,442
3118312,21,155,29,205
3118313,21,123,9,153
3118314,26,204,25,255
3118315,33,280,34,347
3118316,51,321,58,430
3118317,18,155,10,183
3118318,46,331,46,423
3118319,18,157,42,217
3118320,28,196,26,250
3118321,20,312,26,358
3118322,40,327,33,400
3118323,27,268,50,345
3118324,32,235,18,285
3118325,15,162,67,244
3118326,38,271,46,355
3118327,20,214,36,270
3118328,15,138,36,189
3118329,28,140,33,201
3118330,24,173,24,221
3118331,28,152,18,198
3118332,33,218,44,295
3118333,26,216,77,319
3118334,30,169,18,217
3118335,32,150,13,195
3118336,46,368,43,457
3118337,36,261,35,332
3118338,28,168,17,213
3118339,17,150,22,189
3118340,45,292,47,384
3118341,19,190,9,218
3118342,25,215,57,297
3118343,24,188,12,224
3118344,12,248,35,295
3118345,42,414,36,492
3118401,37,254,12,303
3118402,33,188,24,245
3118403,34,218,25,277
3118404,18,98,9,125
3118405,47,222,20,289
3118406,13,141,9,163
3118407,37,314,27,378
3118408,45,328,38,411
3118409,27,199,4,230
3118410,23,158,15,196
3118411,35,234,25,294
3118412,49,311,32,392
3118413,34,230,19,283
3118501,54,295,20,369
3118502,34,161,24,219
3118503,37,211,28,276
3118504,41,152,6,199
3118505,33,218,7,258
3118506,21,139,12,172
3118507,20,124,16,160
3118508,38,266,27,331
3118509,39,229,15,283
3118510,27,137,18,182
3118511,24,124,11,159
3118512,34,237,19,290
3118513,21,138,11,170
3118514,20,107,8,135
3118601,43,285,44,372
3118602,30,265,39,334
3118603,33,239,26,298
3118604,25,209,24,258
3118605,28,300,22,350
3118606,34,140,16,190
3118607,39,283,30,352
3118608,35,174,17,226
3118609,43,239,15,297
3118610,23,155,38,216
3118611,39,248,13,300
3118612,43,275,33,351
3118701,34,211,34,279
3118702,38,181,9,228
3118703,31,169,8,208
3118704,29,172,28,229
3118705,23,151,12,186
3118706,23,168,32,223
3118707,55,356,33,444
3118708,16,156,17,189
3118709,24,170,30,224
3118710,63,297,27,387
3118711,12,181,9,202
3118712,26,193,21,240
3118713,41,170,5,216
3118714,19,150,12,181
3118715,39,187,9,235
3118716,8,143,19,170
3118717,25,132,6,163
3118718,43,287,29,359
3118801,48,202,5,255
3118802,36,290,18,344
3118803,41,235,9,285
3118804,18,97,13,128
3118805,40,196,24,260
3118806,49,264,36,349
3118807,42,283,33,358
3118808,37,314,13,364
3118809,59,303,35,397
3118810,24,214,30,268
3118811,57,297,46,400
3118812,64,306,14,384
3118813,40,152,12,204
3118814,69,314,40,423
3118901,27,166,13,206
3118902,38,230,11,279
3118903,43,266,64,373
3118904,31,198,21,250
3118905,37,226,24,287
3118906,36,222,21,279
3118907,42,377,24,443
3118908,33,286,11,330
3118909,39,278,33,350
3118910,61,417,35,513
3118911,20,207,6,233
3118912,42,222,7,271
3118913,56,390,20,466
3118914,70,481,42,593
3118915,27,182,12,221
3118916,0,6,0,6
3118917,36,265,43,344
3118918,45,502,36,583
3118919,20,152,12,184
3118920,29,188,67,284
3118921,47,315,36,398
3118922,31,168,24,223
3118923,41,278,15,334
3118924,13,153,12,178
3118925,11,138,15,164
3118926,18,122,15,155
3118927,35,185,13,233
3118928,26,153,12,191
3118929,37,307,27,371
3118930,28,201,20,249
3118931,40,305,32,377
3118932,58,253,41,352
3118933,27,153,6,186
3118934,38,185,19,242
3118935,37,223,30,290
3118936,24,132,15,171
3118937,36,223,21,280
3118938,40,225,45,310
3118939,14,175,40,229
3119001,12,133,18,163
3119002,18,159,27,204
3119003,17,150,15,182
3119004,20,200,9,229
3119005,11,235,31,277
3119006,16,213,35,264
3119007,15,199,24,238
3119008,34,543,24,601
3119009,13,211,18,242
3119010,16,164,49,229
3119011,22,197,15,234
3119012,19,251,21,291
3119013,15,185,12,212
3119014,7,206,28,241
3119015,9,153,18,180
3119016,15,188,38,241
3119017,12,215,23,250
3119018,12,126,53,191
3119019,18,181,18,217
3119020,13,149,32,194
3119021,13,170,23,206
3119022,33,223,32,288
3119023,9,182,25,216
3119101,0,80,15,95
3119102,13,243,15,271
3119103,50,347,76,473
3119104,67,367,108,542
3119105,19,281,119,419
3119106,23,129,4,156
3119107,15,219,24,258
3119108,14,154,11,179
3119109,19,159,40,218
3119110,17,137,12,166
3119111,23,243,32,298
3119112,9,136,24,169
3119113,28,282,39,349
3119114,20,140,21,181
3119115,31,312,34,377
3119116,26,315,42,383
3119117,31,264,30,325
3119118,27,326,71,424
3119119,13,177,13,203
3119120,8,116,12,136
3119121,17,125,20,162
3119122,11,130,0,141
3119123,24,268,17,309
3119124,3,126,9,138
3119125,40,268,68,376
3119126,15,69,18,102
3119201,21,480,34,535
3119202,31,442,18,491
3119203,24,363,66,453
3119204,6,194,24,224
3119205,9,254,38,301
3119206,9,203,24,236
3119207,42,350,24,416
3119208,9,286,22,317
3119209,36,300,28,364
3119210,23,249,29,301
3119211,27,217,35,279
3119212,19,144,36,199
3119213,20,176,52,248
3119214,8,335,50,393
3119215,6,122,15,143
3119216,17,184,18,219
3119217,15,231,76,322
3119218,26,257,65,348
3119219,18,199,37,254
3119220,15,191,77,283
3119221,15,152,22,189
3119222,11,217,20,248
3119223,16,232,33,281
3119224,13,251,24,288
3119225,25,206,21,252
3119226,26,298,26,350
3119227,36,365,72,473
3119228,21,170,17,208
3119229,25,391,28,444
3119230,15,153,9,177
3119231,42,332,44,418
3119232,4,152,23,179
3119301,49,301,47,397
3119302,0,9,4,13
3119303,23,156,24,203
3119304,27,168,20,215
3119305,20,160,9,189
3119306,37,260,35,332
3119307,33,262,25,320
3119308,22,209,18,249
3119309,21,280,34,335
3119310,0,3,0,3
3119311,20,168,5,193
3119312,48,276,43,367
3119313,40,223,32,295
3119314,28,269,38,335
3119315,9,86,7,102
3119316,19,187,19,225
3119317,6,57,6,69
3119318,72,370,48,490
3119319,4,104,18,126
3119401,14,181,7,202
3119402,26,142,3,171
3119403,11,163,27,201
3119404,28,338,39,405
3119405,38,268,18,324
3119406,26,161,32,219
3119407,29,183,15,227
3119408,32,203,27,262
3119409,22,148,0,170
3119410,31,178,3,212
3119411,30,149,3,182
3119412,26,200,17,243
3119413,13,136,6,155
3119414,25,146,18,189
3119415,24,254,9,287
3119416,17,160,9,186
3119417,19,137,13,169
3119418,6,90,11,107
3119419,32,213,19,264
3119420,18,145,18,181
3119421,18,181,23,222
3119422,15,147,9,171
3119423,13,92,18,123
3119424,9,185,29,223
3119425,20,196,20,236
3119426,20,132,9,161
3119427,18,138,14,170
3119428,29,146,19,194
3119429,18,159,3,180
3119430,0,0,0,0
3119431,29,175,10,214
3119432,18,313,41,372
3119501,33,354,24,411
3119502,26,385,27,438
3119503,10,147,18,175
3119504,28,278,16,322
3119505,27,246,25,298
3119506,21,207,20,248
3119507,12,129,10,151
3119508,22,186,19,227
3119509,12,157,33,202
3119510,18,161,18,197
3119511,23,201,33,257
3119512,31,249,24,304
3119513,22,153,34,209
3119514,16,266,28,310
3119515,29,236,32,297
3119516,3,4,0,7
3119517,0,0,0,0
3119518,28,146,36,210
3119519,14,113,6,133
3119520,14,41,0,55
3119601,39,375,17,431
3119602,16,188,15,219
3119603,45,389,21,455
3119604,15,258,57,330
3119605,32,337,41,410
3119606,29,335,35,399
3119607,26,286,29,341
3119608,21,383,39,443
3119609,12,245,29,286
3119610,18,246,62,326
3119611,34,369,32,435
3119612,17,181,24,222
3119613,19,210,11,240
3119614,26,428,23,477
3119615,35,266,36,337
3119616,21,259,23,303
3119617,25,293,25,343
3119618,20,255,24,299
3119619,23,212,39,274
3119620,0,0,0,0
3119621,53,509,39,601
3119622,8,150,15,173
3119701,0,51,0,51
3119801,0,0,0,0
3119802,48,455,41,544
3119803,29,274,35,338
3119804,24,262,13,299
3119805,22,280,38,340
3119806,19,196,12,227
3119807,0,9,0,9
3119808,12,213,15,240
3119809,34,238,18,290
3119810,24,179,22,225
3119811,18,228,12,258
3119812,15,152,9,176
3119813,54,287,24,365
3119814,24,242,13,279
3119815,23,369,21,413
3119816,20,265,15,300
3119817,35,260,33,328
3119818,29,180,30,239
3119819,20,264,29,313
3119820,29,278,34,341
3119821,33,343,41,417
3119822,45,372,17,434
3119823,27,269,28,324
3119824,26,200,25,251
3119825,36,274,21,331
3119826,24,321,34,379
3119827,16,259,28,303
3119828,35,229,24,288
3119901,0,3,0,3
3119902,35,289,33,357
3119903,33,304,40,377
3119904,32,261,47,340
3119905,22,152,42,216
3119906,0,3,0,3
3119907,28,265,24,317
3119908,15,225,106,346
3119909,31,301,119,451
3119910,0,12,7,19
3119911,34,317,150,501
3119912,35,354,61,450
3119913,27,304,46,377
3119914,29,242,50,321
3119915,22,405,87,514
3119916,22,279,4,305
3119917,23,273,27,323
3120001,32,267,19,318
3120002,28,251,16,295
3120003,35,264,42,341
3120004,36,199,41,276
3120005,20,136,22,178
3120006,20,176,25,221
3120007,4,211,14,229
3120008,3,120,8,131
3120009,37,230,38,305
3120010,33,434,27,494
3120011,28,334,25,387
3120012,25,269,45,339
3120013,26,357,46,429
3120014,39,294,20,353
3120015,18,180,11,209
3120016,11,149,15,175
3120017,42,357,35,434
3120018,22,272,53,347
3120019,12,207,17,236
3120020,24,206,18,248
3120021,24,209,8,241
3120022,35,337,44,416
3120023,35,403,31,469
3120024,22,206,15,243
3120025,27,232,38,297
3120026,27,259,10,296
3120101,27,238,15,280
3120102,35,377,41,453
3120103,28,323,50,401
3120104,39,314,21,374
3120105,26,305,34,365
3120106,31,284,48,363
3120107,21,188,0,209
3120108,15,173,13,201
3120109,14,219,30,263
3120110,25,206,32,263
3120201,0,0,0,0
3120301,10,221,30,261
3120302,19,187,21,227
3120303,30,308,12,350
3120304,29,261,22,312
3120305,37,320,16,373
3120306,29,350,21,400
3120307,30,242,44,316
3120308,16,147,28,191
3120309,34,253,42,329
3120310,45,571,55,671
3120311,15,235,19,269
3120312,6,146,29,181
3120313,9,183,15,207
3120401,53,310,34,397
3120402,19,163,28,210
3120403,43,460,59,562
3120404,0,0,0,0
3120405,33,233,71,337
3120406,54,362,84,500
3120407,35,248,39,322
3120408,7,174,40,221
3120409,47,335,51,433
3120410,38,264,26,328
3120411,30,167,37,234
3120412,38,285,27,350
3120413,28,223,33,284
3120501,39,259,36,334
3120502,40,270,38,348
3120503,53,312,48,413
3120504,49,367,40,456
3120505,22,186,38,246
3120506,42,225,44,311
3120507,15,174,28,217
3120508,27,236,75,338
3120509,38,287,44,369
3120510,27,242,32,301
3120511,25,153,38,216
3120512,9,184,37,230
3120513,30,212,42,284
3120514,33,298,78,409
3120515,24,214,39,277
3120516,0,6,0,6
3120517,35,299,58,392
3120518,34,225,46,305
3120519,21,197,22,240
3120601,33,215,35,283
3120602,36,198,38,272
3120603,31,261,41,333
3120604,53,315,37,405
3120605,10,139,18,167
3120701,32,209,13,254
3120702,36,211,16,263
3120703,17,114,13,144
3120704,48,301,35,384
3120705,34,190,39,263
3120706,63,430,72,565
3120707,61,520,105,686
3120708,41,288,25,354
3120709,52,313,36,401
3120710,55,334,38,427
3120801,22,242,36,300
3120802,29,126,31,186
3120803,31,127,18,176
3120804,54,369,33,456
3120805,35,225,24,284
3120806,21,234,37,292
3120807,48,350,36,434
3120808,24,266,15,305
3120809,44,359,11,414
3120810,16,202,23,241
3120811,23,249,32,304
3120812,33,242,23,298
3120813,18,146,6,170
3120814,39,241,29,309
3120815,11,65,0,76
3120816,34,303,52,389
3120817,24,182,26,232
3120818,50,335,37,422
3120819,23,151,15,189
3120820,55,330,21,406
3120821,26,183,3,212
3120822,39,329,37,405
3120823,32,185,9,226
3120824,22,214,24,260
3120825,44,303,27,374
3120901,42,327,18,387
3120902,55,429,22,506
3120903,39,373,21,433
3120904,41,247,17,305
3120905,15,209,25,249
3120906,11,158,21,190
3120907,4,74,8,86
3120908,19,180,3,202
3120909,24,205,14,243
3120910,27,233,19,279
3120911,18,171,38,227
3120912,0,3,381,384
3120913,0,0,49,49
3121001,42,263,38,343
3121002,29,212,27,268
3121003,23,236,31,290
3121004,34,285,24,343
3121005,16,210,15,241
3121006,31,243,39,313
3121007,27,243,42,312
3121008,36,365,44,445
3121009,66,641,47,754
3121010,29,134,15,178
3121011,0,0,0,0
3121012,29,203,18,250
3121013,18,105,70,193
3121014,35,288,41,364
3121015,19,99,18,136
3121016,32,272,16,320
3121017,39,359,38,436
3121018,51,365,40,456
3121019,89,766,112,967
3121101,24,184,7,215
3121102,22,175,4,201
3121103,43,212,34,289
3121104,22,206,31,259
3121105,36,330,47,413
3121106,45,323,35,403
3121107,46,307,32,385
3121108,8,157,16,181
3121109,44,358,54,456
3121110,45,399,81,525
3121111,32,242,27,301
3121112,33,170,26,229
3121113,6,27,0,33
3121201,0,0,0,0
3121202,49,273,43,365
3121203,37,237,65,339
3121204,35,194,30,259
3121205,36,151,25,212
3121206,24,127,9,160
3121207,18,120,32,170
3121208,43,208,44,295
3121209,44,305,68,417
3121210,26,150,28,204
3121301,27,275,48,350
3121302,37,233,40,310
3121303,24,223,15,262
3121304,53,291,36,380
3121305,41,189,15,245
3121306,61,411,29,501
3121307,58,493,45,596
3121308,31,238,26,295
3121309,57,399,41,497
3121310,51,327,26,404
3121311,37,337,24,398
3121312,45,323,41,409
3121313,57,366,45,468
3121314,31,341,17,389
3121315,35,234,40,309
3121316,30,320,41,391
3121317,31,604,77,712
3121401,34,201,90,325
3121402,37,295,52,384
3121403,52,269,35,356
3121404,24,133,32,189
3121405,48,364,37,449
3121406,47,311,35,393
3121407,21,213,37,271
3121408,31,269,27,327
3121409,32,262,48,342
3121410,31,212,33,276
3121411,44,357,26,427
3121412,34,266,42,342
3121413,26,185,22,233
3121501,12,118,17,147
3121502,33,286,41,360
3121503,13,86,13,112
3121504,30,411,30,471
3121505,31,288,60,379
3121506,27,181,76,284
3121507,7,85,105,197
3121508,31,300,30,361
3121509,23,308,22,353
3121510,29,193,33,255
3121511,39,228,43,310
3121512,58,309,29,396
3121513,27,244,6,277
3121514,17,240,13,270
3121515,28,319,24,371
3121516,21,144,15,180
3121517,36,238,20,294
3121601,28,308,45,381
3121602,30,297,59,386
3121603,22,354,56,432
3121604,0,4,0,4
3121605,17,135,29,181
3121606,0,0,0,0
3121607,30,173,43,246
3121608,0,0,0,0
3121609,15,68,12,95
3121610,19,162,41,222
3121611,15,152,37,204
3121612,20,81,6,107
3121613,26,230,29,285
3121614,23,155,23,201
3121615,38,311,28,377
3121616,50,296,40,386
3121617,52,378,55,485
3121618,34,246,14,294
3121619,17,221,31,269
3121620,24,143,9,176
3121621,37,184,23,244
3121701,33,209,21,263
3121702,12,80,9,101
3121703,9,122,26,157
3121704,36,225,38,299
3121705,39,316,86,441
3121706,23,250,55,328
3121707,34,320,68,422
3121708,26,317,42,385
3121709,43,223,47,313
3121710,27,231,35,293
3121801,26,282,32,340
3121802,20,160,42,222
3121803,27,142,18,187
3121804,24,240,13,277
3121805,21,169,19,209
3121806,22,181,11,214
3121807,47,232,20,299
3121808,30,159,23,212
3121809,26,119,13,158
3121810,18,132,6,156
3121811,35,165,33,233
3121901,15,96,21,132
3121902,0,0,0,0
3121903,27,277,99,403
3121904,26,175,43,244
3121905,19,138,16,173
3121906,33,151,24,208
3121907,3,29,6,38
3121908,38,216,30,284
3121909,7,124,14,145
3121910,31,261,23,315
3121911,23,143,15,181
3121912,26,147,32,205
3121913,18,142,21,181
3121914,31,149,17,197
3121915,0,0,0,0
3121916,46,267,22,335
3121917,22,164,15,201
3122001,27,165,15,207
3122002,28,198,26,252
3122003,14,140,21,175
3122004,32,184,19,235
3122005,14,204,15,233
3122006,34,263,40,337
3122007,47,299,40,386
3122008,36,233,46,315
3122101,3,6,3,12
3122201,34,273,21,328
3122202,19,173,9,201
3122203,20,213,9,242
3122204,18,145,51,214
3122205,41,294,24,359
3122206,27,208,28,263
3122207,26,186,17,229
3122208,30,214,26,270
3122209,47,282,23,352
3122210,34,248,24,306
3122211,21,204,22,247
3122212,31,269,21,321
3122213,46,356,64,466
3122214,37,235,19,291
3122215,26,149,122,297
3122216,36,245,165,446
3122217,15,200,40,255
3122218,41,282,76,399
3122219,21,164,18,203
3122220,54,332,47,433
3122221,27,164,26,217
3122222,28,216,25,269
3122301,27,211,16,254
3122302,13,184,9,206
3122303,35,399,44,478
3122304,22,247,28,297
3122305,35,281,27,343
3122306,43,363,73,479
3122307,51,391,31,473
3122308,37,314,54,405
3122309,18,142,21,181
3122310,31,242,21,294
3122311,34,299,26,359
3122312,26,177,26,229
3122313,26,186,17,229
3122314,17,227,20,264
3122315,58,471,83,612
3122316,28,197,22,247
3122317,26,294,19,339
3122318,25,148,22,195
3122319,22,261,30,313
3122320,48,289,118,455
3122321,34,208,27,269
3122322,34,234,30,298
3122323,27,192,25,244
3122324,47,312,39,398
3122325,25,169,8,202
3122326,31,208,17,256
3122327,14,157,20,191
3122328,7,162,22,191
3122329,34,279,37,350
3122330,20,200,38,258
3122331,20,221,36,277
3122332,24,138,34,196
3122333,23,174,24,221
3122334,33,207,27,267
3122335,18,161,15,194
3122336,24,240,40,304
3122337,43,454,43,540
3122338,44,265,48,357
3122339,19,183,27,229
3122340,36,290,40,366
3122341,45,313,29,387
3122342,44,286,29,359
3122401,35,312,34,381
3122402,24,167,9,200
3122403,34,283,22,339
3122404,33,236,29,298
3122405,31,232,48,311
3122406,30,218,30,278
3122407,42,314,21,377
3122408,40,189,17,246
3122409,20,131,19,170
3122410,38,348,114,500
3122411,35,213,91,339
3122412,55,296,47,398
3122413,40,287,48,375
3122414,28,216,44,288
3122415,22,198,23,243
3122416,26,207,18,251
3122417,42,335,107,484
3122418,31,163,55,249
3122419,21,137,28,186
3122420,44,336,36,416
3122501,23,178,21,222
3122502,22,137,18,177
3122503,27,185,15,227
3122504,12,207,15,234
3122505,34,179,22,235
3122506,26,150,165,341
3122507,0,0,6,6
3122508,30,269,12,311
3122509,41,288,18,347
3122510,4,128,14,146
3122511,43,233,54,330
3122512,20,195,42,257
3122513,38,376,45,459
3122514,34,256,69,359
3122515,30,294,67,391
3122516,42,350,84,476
3122517,28,221,25,274
3122518,74,641,103,818
3122519,38,253,36,327
3122520,28,309,40,377
3122521,25,182,41,248
3122522,46,345,36,427
3122523,0,39,3,42
3122601,53,350,33,436
3122602,32,311,36,379
3122603,23,275,15,313
3122604,39,277,31,347
3122605,30,284,13,327
3122606,34,368,23,425
3122607,34,254,11,299
3122608,57,377,34,468
3122609,39,324,46,409
3122610,15,131,12,158
3122611,34,211,30,275
3122612,35,228,29,292
3122613,42,429,26,497
3122614,26,191,23,240
3122615,32,368,24,424
3122616,44,228,9,281
3122617,0,0,0,0
3122618,52,300,25,377
3122619,49,283,20,352
3122620,24,214,28,266
3122621,21,186,16,223
3122622,28,352,26,406
3122623,24,231,21,276
3122624,44,258,25,327
3122625,39,269,23,331
3122626,60,619,70,749
3122627,48,540,102,690
3122628,18,207,27,252
3122629,28,219,14,261
3122630,25,210,29,264
3122631,34,208,8,250
3122632,35,268,15,318
3122633,41,332,20,393
3122701,34,310,65,409
3122702,37,337,60,434
3122703,31,380,43,454
3122704,30,262,35,327
3122705,21,245,81,347
3122706,20,198,13,231
3122707,21,294,54,369
3122708,40,478,105,623
3122709,37,505,59,601
3122710,21,202,38,261
3122711,41,504,134,679
3122712,20,435,99,554
3122713,38,451,77,566
3122714,34,413,67,514
3122715,35,374,62,471
3122716,51,300,47,398
3122717,23,403,104,530
3122718,15,268,25,308
3122719,49,383,47,479
3122720,37,337,35,409
3122721,30,336,95,461
3122801,12,162,24,198
3122802,26,169,15,210
3122803,21,171,36,228
3122804,16,277,39,332
3122805,21,176,28,225
3122806,33,283,37,353
3122807,33,256,29,318
3122808,16,278,64,358
3122809,21,254,31,306
3122810,38,316,27,381
3122811,46,269,35,350
3122812,42,350,39,431
3122813,43,319,42,404
3122814,31,255,33,319
3122815,46,299,28,373
3122816,0,0,0,0
3122817,39,324,48,411
3122818,31,178,29,238
3122819,34,355,42,431
3122820,47,338,63,448
3122821,24,140,10,174
3122822,40,274,19,333
3122823,54,354,37,445
3122824,33,228,25,286
3122825,35,339,67,441
3122826,38,277,50,365
3122827,26,379,64,469
3122828,24,313,41,378
3122829,35,301,37,373
3122830,50,324,17,391
3122901,46,279,25,350
3122902,18,120,12,150
3122903,55,289,25,369
3122904,17,265,32,314
3122905,25,273,45,343
3122906,28,249,47,324
3122907,32,268,102,402
3122908,29,329,127,485
3122909,31,285,52,368
3122910,34,282,49,365
3122911,26,242,50,318
3122912,41,408,117,566
3122913,42,231,55,328
3122914,33,373,57,463
3122915,0,0,0,0
3122916,40,287,26,353
3123001,40,287,81,408
3123002,32,194,20,246
3123003,50,273,26,349
3123004,37,274,56,367
3123005,36,325,77,438
3123006,51,264,80,395
3123007,46,360,50,456
3123008,40,275,83,398
3123009,34,373,29,436
3123010,36,274,100,410
3123011,62,380,53,495
3123012,14,293,26,333
3123101,25,169,29,223
3123102,32,209,27,268
3123103,25,259,29,313
3123104,41,398,44,483
3123105,31,283,53,367
3123106,42,286,43,371
3123107,15,156,31,202
3123108,35,203,23,261
3123109,17,255,55,327
3123110,42,408,44,494
3123111,30,167,11,208
3123112,20,263,35,318
3123113,0,5,0,5
3123114,30,264,27,321
3123115,94,691,73,858
3123116,41,331,33,405
3123117,24,129,16,169
3123118,25,221,31,277
3123119,54,306,43,403
3123120,53,430,42,525
3123121,47,285,26,358
3123122,28,260,24,312
3123123,36,360,35,431
3123124,41,329,38,408
3123125,23,205,35,263
3123126,43,210,25,278
3123201,35,212,21,268
3123202,39,257,28,324
3123203,44,223,31,298
3123204,46,186,17,249
3123205,45,185,16,246
3123206,44,372,23,439
3123207,30,282,24,336
3123208,25,195,6,226
3123209,36,246,9,291
3123210,31,352,37,420
3123211,39,197,160,396
3123212,16,155,6,177
3123213,38,259,28,325
3123214,29,338,19,386
3123215,21,175,21,217
3123216,45,221,24,290
3123217,29,234,16,279
3123218,13,120,19,152
3123219,32,190,18,240
3123220,45,327,41,413
3123221,0,19,0,19
3123222,38,238,34,310
3123223,0,11,0,11
3123224,26,200,18,244
3123225,28,259,41,328
3123226,20,205,25,250
3123301,41,225,15,281
3123302,34,186,13,233
3123303,45,276,9,330
3123304,34,241,12,287
3123305,18,218,12,248
3123306,30,193,18,241
3123307,39,285,3,327
3123308,37,373,18,428
3123309,64,392,41,497
3123310,60,400,32,492
3123311,21,207,30,258
3123312,23,171,18,212
3123313,23,193,19,235
3123314,20,148,12,180
3123315,26,254,13,293
3123316,37,273,35,345
3123317,30,216,33,279
3123318,43,222,17,282
3123319,41,346,46,433
3123320,16,196,6,218
3123321,21,232,25,278
3123322,47,307,6,360
3123323,46,206,28,280
3123324,40,296,24,360
3123325,32,234,31,297
3123326,0,0,0,0
3123327,0,0,0,0
3123328,22,198,25,245
3123329,34,344,16,394
3123330,43,317,36,396
3123331,21,136,12,169
3123332,54,370,30,454
3123333,0,0,0,0
3123401,19,194,25,238
3123402,16,164,13,193
3123403,18,156,17,191
3123404,30,348,64,442
3123405,25,283,31,339
3123406,52,379,56,487
3123407,15,220,38,273
3123408,42,438,41,521
3123409,52,339,28,419
3123410,0,0,0,0
3123411,26,189,19,234
3123412,31,196,18,245
3123413,59,350,83,492
3123414,52,433,36,521
3123415,71,515,104,690
3123416,24,357,60,441
3123417,34,373,44,451
3123418,27,335,42,404
3123419,25,314,26,365
3123420,37,292,15,344
3123421,13,198,18,229
3123422,52,265,27,344
3123423,63,379,19,461
3123424,18,274,23,315
3123425,44,321,21,386
3123426,60,378,27,465
3123427,47,379,39,465
3123428,55,370,24,449
3123429,33,275,16,324
3123430,29,236,25,290
3123431,18,169,38,225
3123432,18,332,28,378
3123501,28,305,32,365
3123502,24,193,15,232
3123503,0,0,0,0
3123504,8,258,48,314
3123505,10,156,3,169
3123506,20,221,15,256
3123507,37,382,29,448
3123508,35,329,19,383
3123509,28,255,26,309
3123510,0,3,0,3
3123511,0,0,0,0
3123512,38,293,30,361
3123513,34,216,16,266
3123514,17,192,22,231
3123515,58,430,27,515
3123516,14,246,26,286
3123517,23,297,27,347
3123518,31,287,15,333
3123519,21,230,27,278
3123520,47,312,38,397
3123521,43,170,54,267
3123522,18,307,64,389
3123523,50,377,66,493
3123524,32,207,33,272
3123525,41,167,3,211
3123526,38,434,39,511
3123601,0,0,0,0
3123602,40,413,87,540
3123603,0,10,0,10
3123604,28,390,58,476
3123605,20,176,38,234
3123606,31,212,18,261
3123607,37,319,28,384
3123608,22,290,39,351
3123609,36,239,12,287
3123610,28,251,57,336
3123611,41,355,65,461
3123612,43,319,57,419
3123613,57,336,38,431
3123614,55,450,23,528
3123615,25,146,15,186
3123616,38,442,29,509
3123701,47,240,35,322
3123702,87,648,93,828
3123703,18,151,15,184
3123704,0,0,0,0
3123705,0,0,0,0
3123706,25,188,3,216
3123707,23,228,46,297
3123708,47,349,80,476
3123709,32,204,27,263
3123710,27,251,41,319
3123711,45,343,30,418
3123712,37,294,34,365
3123713,53,346,56,455
3123714,40,257,51,348
3123715,30,275,60,365
3123716,22,267,12,301
3123717,42,299,39,380
3123718,47,249,24,320
3123719,25,333,41,399
3123720,33,257,24,314
3123721,45,268,14,327
3123722,50,289,34,373
3123723,33,210,9,252
3123724,22,253,26,301
3123725,34,247,47,328
3123801,23,185,9,217
3123802,43,350,33,426
3123803,44,299,62,405
3123804,35,284,34,353
3123805,18,234,34,286
3123806,34,266,20,320
3123807,21,154,13,188
3123808,33,225,27,285
3123809,39,229,43,311
3123810,39,334,41,414
3123811,13,184,22,219
3123812,30,242,27,299
3123813,41,303,43,387
3123814,45,367,46,458
3123815,24,189,27,240
3123816,25,214,48,287
3123817,14,272,38,324
3123818,30,248,39,317
3123819,49,412,68,529
3123820,22,344,42,408
3123821,6,84,150,240
3123822,19,199,15,233
3123823,37,278,27,342
3123824,60,583,124,767
3123825,30,278,98,406
3123826,41,330,27,398
3123827,20,203,21,244
3123828,43,303,29,375
3123829,45,299,25,369
3123830,20,252,51,323
3123831,49,345,63,457
3123832,31,262,56,349
3123833,41,358,72,471
3123834,37,324,99,460
3123835,50,317,170,537
3123836,34,250,21,305
3123837,18,174,21,213
3123838,33,277,28,338
3123839,31,258,33,322
3123840,38,215,45,298
3123841,0,14,3,17
3123901,43,294,28,365
3123902,41,258,34,333
3123903,27,247,24,298
3123904,59,367,47,473
3123905,31,209,16,256
3123906,47,282,8,337
3123907,49,347,49,445
3123908,46,278,25,349
3123909,35,352,41,428
3123910,25,238,19,282
3123911,46,437,24,507
3123912,36,353,57,446
3123913,49,398,85,532
3123914,77,500,45,622
3123915,38,282,20,340
3123916,30,227,33,290
3123917,31,257,28,316
3123918,36,237,33,306
3123919,36,359,51,446
3124001,41,201,24,266
3124002,18,193,9,220
3124003,0,0,0,0
3124004,28,232,27,287
3124005,34,273,41,348
3124006,31,224,42,297
3124007,32,175,23,230
3124008,36,257,19,312
3124009,26,179,34,239
3124010,39,314,23,376
3124011,34,289,30,353
3124012,40,340,28,408
3124013,87,491,87,665
3124014,61,406,151,618
3124015,22,275,33,330
3124016,34,178,7,219
3124017,41,280,34,355
3124018,34,202,31,267
3124019,61,633,124,818
3124020,29,192,16,237
3124021,36,340,30,406
3124022,43,257,26,326
3124023,15,146,16,177
3124101,33,153,28,214
3124102,0,0,0,0
3124103,39,235,18,292
3124104,23,139,104,266
3124105,40,254,24,318
3124106,33,269,23,325
3124107,25,179,21,225
3124108,25,179,27,231
3124109,34,275,19,328
3124110,34,222,25,281
3124111,20,271,24,315
3124112,37,242,16,295
3124113,18,147,17,182
3124201,21,233,33,287
3124202,33,224,15,272
3124203,35,199,31,265
3124204,18,174,25,217
3124205,31,246,9,286
3124206,36,310,18,364
3124207,34,298,26,358
3124208,17,195,15,227
3124209,26,162,14,202
3124210,31,150,6,187
3124211,55,317,17,389
3124212,14,108,10,132
3124213,30,218,18,266
3124214,59,312,25,396
3124215,41,270,10,321
3124216,37,279,18,334
3124217,50,275,18,343
3124218,43,203,22,268
3124219,4,78,9,91
3124220,36,251,18,305
3124221,32,192,18,242
3124222,34,279,27,340
3124223,18,143,3,164
3124224,28,184,3,215
3124225,31,203,23,257
3124226,12,144,12,168
3124227,24,256,12,292
3124228,20,205,12,237
3124229,46,378,18,442
3124230,36,289,15,340
3124231,10,156,14,180
3124232,26,146,12,184
3124233,63,372,42,477
3124234,54,252,3,309
3124235,39,251,14,304
3124236,42,294,15,351
3124237,19,181,15,215
3124238,34,206,10,250
3124301,36,251,9,296
3124302,31,223,20,274
3124303,60,373,21,454
3124304,0,27,9,36
3124305,12,243,29,284
3124306,57,360,35,452
3124307,58,367,27,452
3124308,30,200,21,251
3124309,39,288,16,343
3124310,43,249,19,311
3124311,35,306,3,344
3124312,43,244,28,315
3124313,38,221,36,295
3124314,21,172,23,216
3124315,53,271,22,346
3124316,33,218,26,277
3124317,24,142,13,179
3124318,47,217,18,282
3124401,8,97,6,111
3124402,27,125,16,168
3124403,26,203,11,240
3124404,20,96,13,129
3124405,32,304,36,372
3124406,39,274,27,340
3124407,44,245,11,300
3124408,45,295,16,356
3124409,23,211,8,242
3124410,0,0,0,0
3124411,0,0,0,0
3124412,29,198,18,245
3124413,38,311,12,361
3124414,42,342,22,406
3124415,17,139,4,160
3124416,24,328,18,370
3124417,24,205,24,253
3124418,21,177,15,213
3124419,33,220,18,271
3124420,36,355,59,450
3124421,32,290,24,346
3124422,25,165,15,205
3124423,43,381,56,480
3124424,46,293,6,345
3124425,39,346,10,395
3124426,23,192,9,224
3124427,30,219,22,271
3124428,41,221,18,280
3124429,37,480,29,546
3124430,73,533,18,624
3124431,43,303,33,379
3124432,37,297,22,356
3124433,41,293,23,357
3124434,35,223,7,265
3124435,63,346,36,445
3124436,34,206,18,258
3124437,11,152,12,175
3124438,40,311,6,357
3124439,30,210,36,276
3124440,21,207,0,228
3124441,33,182,12,227
3124442,34,177,31,242
3124443,36,365,14,415
3124444,22,198,12,232
3124445,24,290,15,329
3124501,62,750,26,838
3124502,15,106,18,139
3124503,46,369,38,453
3124504,22,276,31,329
3124505,34,336,15,385
3124506,37,276,28,341
3124507,26,188,15,229
3124508,49,566,39,654
3124509,65,383,36,484
3124510,57,435,39,531
3124511,24,224,24,272
3124512,40,353,32,425
3124601,3,21,0,24
3124602,23,252,31,306
3124603,66,484,16,566
3124604,30,208,16,254
3124605,31,214,19,264
3124606,3,11,0,14
3124607,54,544,37,635
3124608,24,176,19,219
3124609,42,274,30,346
3124610,32,309,27,368
3124611,47,386,28,461
3124612,29,146,10,185
3124613,32,256,35,323
3124614,31,177,38,246
3124615,0,93,23,116
3124616,23,227,30,280
3124617,50,462,46,558
3124618,34,193,18,245
3124619,24,205,31,260
3124620,28,207,27,262
3124621,34,288,29,351
3124622,24,171,6,201
3124623,53,469,50,572
3124624,57,481,30,568
3124625,21,227,35,283
3124626,37,287,20,344
3124627,29,310,39,378
3124628,55,374,18,447
3124629,20,299,39,358
3124630,0,0,0,0
3124631,4,4,0,8
3124701,36,294,35,365
3124702,34,211,4,249
3124703,25,233,23,281
3124704,36,357,31,424
3124705,51,375,24,450
3124706,36,224,12,272
3124707,48,337,31,416
3124708,46,311,29,386
3124709,19,155,27,201
3124710,30,217,15,262
3124711,51,287,26,364
3124712,20,161,4,185
3124713,12,195,10,217
3124714,21,154,18,193
3124715,25,231,19,275
3124716,22,175,6,203
3124717,13,188,46,247
3124718,62,379,48,489
3124719,0,0,0,0
3124720,22,153,26,201
3124721,30,301,35,366
3124722,19,216,14,249
3124723,15,229,34,278
3124724,10,144,15,169
3124801,25,143,10,178
3124802,12,133,21,166
3124803,25,238,17,280
3124804,57,467,121,645
3124805,0,8,0,8
3124806,47,315,16,378
3124807,40,342,31,413
3124808,46,385,28,459
3124809,25,243,25,293
3124810,35,182,27,244
3124811,52,298,13,363
3124812,13,139,24,176
3124813,27,212,4,243
3124814,32,275,18,325
3124815,24,200,35,259
3124816,61,496,33,590
3124817,51,409,39,499
3124818,48,318,45,411
3124819,35,324,24,383
3124820,25,195,24,244
3124821,59,354,52,465
3124822,35,272,21,328
3124823,34,239,18,291
3124824,51,346,28,425
3124825,48,291,28,367
3124826,20,197,0,217
3124827,0,0,0,0
3124828,29,329,32,390
3124829,61,361,39,461
3124830,26,180,17,223
3124831,46,319,22,387
3124832,51,427,65,543
3124833,33,315,25,373
3124834,27,227,14,268
3124835,27,236,27,290
3124836,14,195,54,263
3124837,47,249,66,362
3124838,26,202,37,265
3124839,46,330,61,437
3124840,29,338,58,425
3124841,32,158,10,200
3124842,34,234,18,286
3124843,32,294,18,344
3124844,15,226,12,253
3124845,0,0,0,0
3124846,27,235,19,281
3124847,13,174,36,223
3124901,19,182,29,230
3124902,12,211,18,241
3124903,22,232,24,278
3124904,18,190,27,235
3124905,27,220,26,273
3124906,22,200,18,240
3124907,27,269,37,333
3124908,15,231,12,258
3124909,32,346,34,412
3124910,46,491,38,575
3124911,63,544,72,679
3124912,39,490,25,554
3124913,21,285,14,320
3124914,42,381,28,451
3124915,19,268,15,302
3124916,62,371,32,465
3124917,34,244,25,303
3124918,37,204,12,253
3124919,19,158,9,186
3124920,28,349,7,384
3124921,33,293,21,347
3124922,35,299,22,356
3124923,34,429,24,487
3124924,30,289,14,333
3124925,27,351,20,398
3124926,58,674,26,758
3124927,37,438,18,493
3124928,57,746,49,852
3124929,16,184,16,216
3124930,23,356,20,399
3124931,36,404,24,464
3125001,34,249,59,342
3125002,38,248,32,318
3125003,26,242,60,328
3125004,46,341,47,434
3125005,31,213,30,274
3125006,64,374,29,467
3125007,22,325,30,377
3125008,43,244,27,314
3125009,30,228,142,400
3125010,45,247,3,295
3125011,35,317,21,373
3125012,50,327,24,401
3125013,30,110,6,146
3125014,49,356,10,415
3125015,32,307,44,383
3125016,30,200,12,242
3125017,41,389,27,457
3125101,98,1446,159,1703
3125102,39,399,40,478
3125103,61,751,15,827
3125104,17,272,47,336
3125105,41,532,28,601
3125106,15,194,17,226
3125107,28,353,22,403
3125108,25,260,37,322
3125109,38,278,25,341
3125110,26,306,51,383
3125111,30,310,48,388
3125112,25,218,24,267
3125201,29,272,15,316
3125202,27,279,51,357
3125203,45,290,18,353
3125204,30,247,31,308
3125205,29,167,10,206
3125206,23,203,9,235
3125207,38,405,29,472
3125208,48,485,18,551
3125209,60,516,65,641
3125210,37,335,24,396
3125211,34,303,12,349
3125212,0,18,3,21
3125213,44,340,12,396
3125214,56,370,21,447
3125215,33,250,6,289
3125216,36,314,12,362
3125217,10,159,10,179
3125218,17,259,27,303
3125219,21,169,9,199
3125220,33,311,27,371
3125221,0,0,0,0
3125222,26,259,15,300
3125223,14,171,6,191
3125224,35,281,9,325
3125225,43,242,15,300
3125226,37,199,24,260
3125227,40,242,6,288
3125228,36,292,15,343
3125229,22,173,9,204
3125230,48,381,73,502
3125231,19,135,71,225
3125232,51,378,37,466
3125233,34,236,17,287
3125234,24,285,40,349
3125235,33,383,30,446
3125236,43,469,14,526
3125237,23,251,27,301
3125238,43,334,25,402
3125239,37,319,14,370
3125301,6,128,6,140
3125302,13,191,28,232
3125303,29,313,53,395
3125304,25,289,33,347
3125305,21,183,23,227
3125306,30,303,15,348
3125307,22,300,13,335
3125308,20,266,58,344
3125309,0,0,0,0
3125310,33,300,48,381
3125311,27,318,40,385
3125312,23,323,43,389
3125313,52,595,66,713
3125314,28,153,15,196
3125315,0,9,0,9
3125316,18,257,43,318
3125317,38,546,76,660
3125318,48,304,45,397
3125319,20,235,22,277
3125320,24,299,35,358
3125321,24,183,29,236
3125322,46,391,16,453
3125323,12,53,26,91
3125401,0,0,3,3
3125402,43,305,20,368
3125403,57,357,23,437
3125404,24,166,17,207
3125405,44,359,29,432
3125406,12,147,4,163
3125407,36,203,30,269
3125408,22,143,24,189
3125409,56,280,43,379
3125410,24,190,15,229
3125501,19,132,3,154
3125502,31,127,12,170
3125503,12,185,12,209
3125504,45,334,18,397
3125505,21,118,10,149
3125506,26,370,26,422
3125507,35,243,18,296
3125508,32,254,12,298
3125509,27,214,5,246
3125510,12,157,3,172
3125511,27,287,21,335
3125512,43,256,4,303
3125513,30,280,23,333
3125514,20,248,6,274
3125515,40,315,12,367
3125516,30,339,21,390
3125517,49,299,15,363
3125518,48,463,24,535
3125519,27,291,7,325
3125520,45,228,15,288
3125521,3,14,9,26
3125522,37,440,45,522
3125523,16,188,11,215
3125524,25,313,22,360
3125525,56,591,14,661
3125526,3,26,3,32
3125527,19,140,10,169
3125528,20,170,21,211
3125529,18,198,19,235
3125530,28,368,23,419
3125531,11,140,12,163
3125532,55,632,87,774
3125533,59,504,45,608
3125534,85,408,43,536
3125535,37,298,9,344
3125536,18,195,9,222
3125601,27,229,11,267
3125602,16,222,12,250
3125603,0,0,0,0
3125604,22,267,29,318
3125605,9,223,5,237
3125606,0,0,0,0
3125607,0,0,0,0
3125608,21,147,15,183
3125609,33,281,18,332
3125610,24,313,11,348
3125611,50,461,28,539
3125612,41,368,30,439
3125613,39,346,28,413
3125614,57,545,53,655
3125615,49,304,7,360
3125616,49,349,18,416
3125617,25,199,24,248
3125618,20,213,22,255
3125619,26,246,27,299
3125620,41,285,8,334
3125621,25,312,21,358
3125622,32,295,6,333
3125623,28,318,18,364
3125624,36,297,9,342
3125625,28,269,7,304
3125626,28,241,21,290
3125627,66,610,47,723
3125628,30,319,28,377
3125629,31,290,21,342
3125630,28,281,30,339
3125631,33,237,18,288
3125632,26,176,15,217
3125633,24,253,19,296
3125634,55,315,30,400
3125701,23,230,0,253
3125702,23,247,39,309
3125703,21,193,25,239
3125704,46,515,66,627
3125705,82,874,73,1029
3125801,52,279,20,351
3125802,25,262,24,311
3125803,18,214,21,253
3125804,31,318,30,379
3125805,20,202,19,241
3125806,12,120,11,143
3125807,15,166,52,233
3125808,22,189,17,228
3125809,30,286,21,337
3125810,56,325,28,409
3125811,21,186,24,231
3125812,50,581,45,676
3125813,55,558,20,633
3125814,37,250,27,314
3125815,22,143,12,177
3125816,25,264,22,311
3125817,23,186,15,224
3125818,18,172,0,190
3125819,13,224,15,252
3125820,112,943,77,1132
3125821,55,660,28,743
3125822,48,260,21,329
3125823,20,185,12,217
3125824,30,372,49,451
3125825,29,162,15,206
3125826,35,211,21,267
3125827,24,169,11,204
3125828,40,372,26,438
3125829,12,229,12,253
3125830,18,176,13,207
3125831,24,267,57,348
3125832,30,268,7,305
3125833,30,291,20,341
3125834,37,331,32,400
3125835,47,436,35,518
3125836,44,406,15,465
3125837,40,503,34,577
3125838,20,234,23,277
3125839,25,265,15,305
3125840,57,434,20,511
3125841,84,766,40,890
3125842,28,295,14,337
3125843,28,294,34,356
3125844,15,166,30,211
3125845,19,146,12,177
3125846,40,376,46,462
3125847,26,183,22,231
3125901,45,318,41,404
3125902,12,179,27,218
3125903,35,322,40,397
3125904,21,235,21,277
3125905,44,326,31,401
3125906,32,330,26,388
3125907,30,221,15,266
3125908,31,285,25,341
3125909,32,333,35,400
3125910,35,284,21,340
3126001,30,272,24,326
3126002,39,456,147,642
3126003,32,316,63,411
3126004,22,202,39,263
3126005,17,212,15,244
3126006,32,275,135,442
3126007,40,276,25,341
3126008,28,346,30,404
3126009,15,219,21,255
3126010,37,282,91,410
3126011,21,287,47,355
3126012,20,227,15,262
3126013,34,281,15,330
3126014,41,221,15,277
3126101,16,221,12,249
3126102,37,325,28,390
3126103,41,345,16,402
3126104,35,265,13,313
3126105,39,356,72,467
3126106,35,320,54,409
3126107,29,227,37,293
3126108,35,190,22,247
3126109,29,171,15,215
3126110,26,317,26,369
3126111,38,379,27,444
3126112,53,466,85,604
3126113,22,336,50,408
3126114,39,387,33,459
3126115,70,383,34,487
3126116,26,276,15,317
3126117,26,242,58,326
3126118,23,272,35,330
3126119,22,236,22,280
3126120,44,307,143,494
3126121,19,302,28,349
3126122,31,232,3,266
3126123,17,241,12,270
3126124,45,363,24,432
3126125,18,230,25,273
3126126,28,256,21,305
3126127,43,387,23,453
3126128,15,180,15,210
3126129,11,212,28,251
3126130,27,236,0,263
3126131,18,187,32,237
3126132,12,115,12,139
3126133,29,264,23,316
3126134,33,216,8,257
3126135,32,301,28,361
3126136,48,354,52,454
3126137,25,215,15,255
3126138,38,263,18,319
3126139,15,335,51,401
3126140,22,260,19,301
3126141,31,219,26,276
3126142,38,233,24,295
3126143,31,205,15,251
3126144,21,188,15,224
3126145,40,225,24,289
3126146,38,309,26,373
3126147,43,282,19,344
3126148,41,310,17,368
3126149,26,331,38,395
3126150,33,174,21,228
3126151,32,298,50,380
3126201,39,333,18,390
3126202,34,309,19,362
3126203,36,259,23,318
3126204,44,566,14,624
3126205,6,176,8,190
3126206,29,240,9,278
3126207,48,373,18,439
3126208,23,855,47,925
3126209,24,386,125,535
3126210,42,344,30,416
3126211,14,227,48,289
3126212,32,188,21,241
3126213,41,297,55,393
3126214,73,462,52,587
3126215,39,390,58,487
3126216,54,365,42,461
3126217,55,371,31,457
3126218,13,188,30,231
3126219,34,362,36,432
3126220,19,166,19,204
3126221,31,303,35,369
3126222,54,523,33,610
3126223,42,357,30,429
3126224,16,88,6,110
3126225,26,298,42,366
3126226,21,243,66,330
3126227,33,533,88,654
3126228,29,369,21,419
3126301,26,226,24,276
3126302,22,172,13,207
3126303,27,162,12,201
3126304,47,314,18,379
3126305,27,212,15,254
3126306,41,250,22,313
3126307,44,242,18,304
3126308,50,303,25,378
3126309,32,232,21,285
3126310,26,130,9,165
3126311,44,275,23,342
3126312,22,277,15,314
3126313,45,344,25,414
3126314,26,236,15,277
3126315,29,257,23,309
3126316,35,298,58,391
3126317,23,198,33,254
3126318,27,255,137,419
3126319,26,236,25,287
3126320,40,297,34,371
3126321,27,191,12,230
3126322,51,279,179,509
3126323,52,551,72,675
3126324,0,5,0,5
3126325,37,200,12,249
3126326,22,156,21,199
3126327,37,385,37,459
3126328,35,299,22,356
3126329,46,331,35,412
3126330,31,216,18,265
3126401,11,294,3,308
3126402,36,396,28,460
3126403,0,3,0,3
3126404,28,393,36,457
3126405,38,371,40,449
3126406,38,276,24,338
3126407,36,287,36,359
3126408,34,315,25,374
3126409,64,538,46,648
3126410,29,254,34,317
3126411,33,247,32,312
3126412,56,399,43,498
3126413,67,259,63,389
3126414,0,3,0,3
3126501,34,274,24,332
3126502,37,385,3,425
3126503,56,474,24,554
3126504,26,291,32,349
3126505,42,299,8,349
3126506,31,252,18,301
3126507,42,281,9,332
3126508,27,211,21,259
3126509,27,297,52,376
3126510,24,284,30,338
3126511,48,482,30,560
3126512,39,509,38,586
3126513,24,238,21,283
3126514,49,364,25,438
3126515,30,268,32,330
3126516,15,188,23,226
3126517,27,197,23,247
3126518,51,391,16,458
3126601,28,178,37,243
3126602,27,209,62,298
3126603,15,205,38,258
3126604,0,0,0,0
3126605,31,282,27,340
3126606,42,315,45,402
3126607,12,144,16,172
3126608,29,331,14,374
3126609,52,366,52,470
3126610,26,160,24,210
3126611,21,194,10,225
3126612,55,303,35,393
3126613,23,365,70,458
3126614,29,284,59,372
3126615,54,359,55,468
3126616,30,293,55,378
3126617,61,670,82,813
3126618,62,650,132,844
3126619,41,319,57,417
3126620,40,363,48,451
3126621,21,197,24,242
3126622,34,396,60,490
3126623,17,346,49,412
3126624,16,228,65,309
3126625,41,374,72,487
3126626,20,150,23,193
3126627,34,348,162,544
3126628,32,238,30,300
3126629,41,411,99,551
3126630,26,281,51,358
3126631,48,291,112,451
3126632,28,211,50,289
3126633,25,238,28,291
3126634,48,512,124,684
3126635,50,389,46,485
3126636,48,280,57,385
3126637,89,1207,217,1513
3126638,53,623,91,767
3126639,32,443,51,526
3126640,35,246,49,330
3126641,15,166,113,294
3126642,32,295,39,366
3126643,43,311,29,383
3126644,24,206,22,252
3126645,29,226,16,271
3126646,18,112,16,146
3126647,24,194,25,243
3126648,0,3,0,3
3126649,54,356,54,464
3126650,49,278,70,397
3126651,44,293,60,397
3126652,18,339,38,395
3126653,29,281,61,371
3126654,19,254,48,321
3126655,18,231,68,317
3126656,35,323,68,426
3126657,32,215,21,268
3126658,34,278,52,364
3126659,53,381,92,526
3126660,49,351,35,435
3126661,19,234,44,297
3126662,36,291,29,356
3126663,36,152,22,210
3126701,62,447,53,562
3126702,39,277,28,344
3126703,30,212,16,258
3126704,37,284,10,331
3126705,29,230,13,272
3126706,39,312,29,380
3126707,15,230,18,263
3126708,43,342,22,407
3126709,47,300,26,373
3126710,27,294,28,349
3126711,17,146,9,172
3126712,20,198,9,227
3126713,43,295,30,368
3126714,19,142,13,174
3126715,28,281,33,342
3126716,40,283,32,355
3126717,42,288,23,353
3126718,50,324,20,394
3126719,19,195,3,217
3126720,22,197,19,238
3126801,38,177,28,243
3126802,9,154,9,172
3126803,32,228,17,277
3126804,41,361,43,445
3126805,40,276,18,334
3126806,19,193,15,227
3126807,7,143,24,174
3126808,53,386,47,486
3126809,36,321,40,397
3126810,0,4,0,4
3126811,34,217,24,275
3126812,42,339,30,411
3126901,13,223,80,316
3126902,21,204,66,291
3126903,22,186,61,269
3126904,33,385,83,501
3126905,15,288,94,397
3126906,29,196,72,297
3126907,34,224,39,297
3126908,45,385,65,495
3126909,38,242,112,392
3127001,20,173,12,205
3127002,33,386,23,442
3127003,28,229,104,361
3127004,23,389,19,431
3127005,28,409,99,536
3127006,41,358,106,505
3127007,28,303,73,404
3127008,28,244,33,305
3127009,14,134,15,163
3127010,28,198,27,253
3127011,43,282,15,340
3127012,24,279,87,390
3127013,22,318,77,417
3127014,7,194,41,242
3127015,31,274,79,384
3127016,32,444,162,638
3127017,21,347,100,468
3127018,25,273,185,483
3127019,20,250,106,376
3127020,21,196,27,244
3127021,20,351,58,429
3127022,49,522,111,682
3127023,30,454,67,551
3127024,13,199,68,280
3127025,32,309,50,391
3127026,21,265,45,331
3127027,37,293,56,386
3127028,31,405,92,528
3127029,24,364,64,452
3127030,27,348,54,429
3127031,34,444,84,562
3127032,29,273,32,334
3127033,29,207,8,244
3127034,20,237,10,267
3127035,58,332,51,441
3127036,54,408,36,498
3127037,26,251,47,324
3127038,15,216,45,276
3127039,18,164,104,286
3127040,36,349,151,536
3127041,15,206,58,279
3127042,19,347,60,426
3127043,23,331,103,457
3127044,49,384,104,537
3127045,18,239,54,311
3127046,12,261,37,310
3127101,29,247,41,317
3127102,0,18,3,21
3127103,32,305,19,356
3127104,37,366,16,419
3127105,25,372,22,419
3127106,0,3,0,3
3127107,23,253,29,305
3127108,0,4,4,8
3127109,0,0,0,0
3127110,15,197,39,251
3127111,49,317,35,401
3127112,28,280,17,325
3127113,53,319,59,431
3127114,0,0,0,0
3127115,27,182,33,242
3127201,0,0,0,0
3127202,20,233,21,274
3127203,31,346,145,522
3127204,47,276,21,344
3127205,53,316,30,399
3127206,48,339,32,419
3127207,29,197,33,259
3127208,31,194,24,249
3127209,39,345,32,416
3127210,21,171,24,216
3127211,19,213,24,256
3127212,32,269,16,317
3127213,54,252,14,320
3127214,34,289,22,345
3127215,69,356,48,473
3127216,23,377,45,445
3127217,0,4,0,4
3127301,29,184,24,237
3127302,19,173,27,219
3127303,45,463,29,537
3127304,22,167,6,195
3127305,24,279,7,310
3127306,36,366,15,417
3127307,29,349,13,391
3127308,35,333,4,372
3127309,12,224,19,255
3127310,32,260,12,304
3127311,30,267,7,304
3127312,24,187,28,239
3127313,38,320,26,384
3127314,39,425,29,493
3127315,43,285,21,349
3127316,36,279,9,324
3127317,23,257,15,295
3127318,60,314,84,458
3127319,22,191,20,233
3127320,8,48,0,56
3127321,49,325,19,393
3127322,18,148,6,172
3127323,42,360,33,435
3127324,32,217,9,258
3127325,29,265,9,303
3127326,34,217,8,259
3127327,36,206,3,245
3127328,41,383,40,464
3127329,26,236,14,276
3127330,14,201,4,219
3127331,31,295,30,356
3127332,30,177,0,207
3127333,21,236,5,262
3127334,23,243,8,274
3127335,37,216,13,266
3127336,25,220,10,255
3127337,41,364,17,422
3127338,24,166,9,199
3127339,42,361,16,419
3127340,42,336,19,397
3127341,36,340,15,391
3127342,24,222,30,276
3127343,47,204,15,266
3127344,37,270,13,320
3127345,31,283,12,326
3127346,31,311,20,362
3127347,36,228,126,390
3127348,60,349,9,418
3127349,54,358,24,436
3127350,24,301,18,343
3127351,38,275,12,325
3127352,21,218,13,252
3127353,58,808,49,915
3127354,21,190,13,224
3127355,43,301,17,361
3127356,39,285,8,332
3127357,23,234,17,274
3127358,12,183,6,201
3127359,11,165,9,185
3127360,21,177,9,207
3127401,40,371,41,452
3127402,0,0,3,3
3127403,29,158,16,203
3127404,33,218,37,288
3127405,20,163,15,198
3127406,50,277,32,359
3127407,46,264,41,351
3127408,52,350,57,459
3127409,38,204,53,295
3127410,24,254,47,325
3127411,29,173,32,234
3127412,20,194,51,265
3127413,28,137,28,193
3127414,34,211,42,287
3127415,37,272,72,381
3127416,41,273,63,377
3127417,32,184,35,251
3127418,27,189,28,244
3127419,36,219,62,317
3127420,52,330,60,442
3127421,44,232,39,315
3127422,33,206,26,265
3127423,45,274,43,362
3127424,30,140,32,202
3127425,30,260,35,325
3127426,31,171,35,237
3127427,27,232,28,287
3127428,41,246,57,344
3127429,47,312,40,399
3127430,28,299,63,390
3127431,18,150,25,193
3127432,37,263,35,335
3127433,23,162,12,197
3127434,49,321,58,428
3127435,34,188,33,255
3127436,63,362,57,482
3127437,26,153,27,206
3127438,57,342,51,450
3127439,6,89,16,111
3127501,42,411,30,483
3127502,25,277,14,316
3127503,36,162,158,356
3127504,41,275,16,332
3127505,44,349,46,439
3127506,57,329,26,412
3127507,20,121,15,156
3127508,16,308,41,365
3127509,24,165,18,207
3127510,29,286,27,342
3127511,6,67,22,95
3127512,37,354,22,413
3127513,27,191,6,224
3127514,26,191,37,254
3127515,25,244,34,303
3127516,51,467,42,560
3127517,34,251,15,300
3127601,29,204,52,285
3127602,9,65,12,86
3127603,0,0,0,0
3127604,24,177,17,218
3127605,0,24,0,24
3127606,21,162,23,206
3127607,0,86,258,344
3127608,0,0,878,878
3127609,38,266,49,353
3127610,48,221,97,366
3127611,46,257,72,375
3127612,0,24,3,27
3127613,0,0,1075,1075
3127701,45,241,16,302
3127702,25,185,19,229
3127703,23,167,9,199
3127704,48,340,32,420
3127705,40,280,27,347
3127706,54,314,33,401
3127707,87,470,43,600
3127708,44,263,26,333
3127709,28,145,10,183
3127710,41,224,21,286
3127711,34,136,9,179
3127712,27,136,20,183
3127713,33,207,18,258
3127714,34,205,18,257
3127715,28,174,24,226
3127716,32,292,28,352
3127717,33,241,32,306
3127718,28,285,16,329
3127719,41,280,32,353
3127720,35,249,36,320
3127721,40,252,23,315
3127722,30,245,27,302
3127723,29,188,8,225
3127724,33,189,19,241
3127725,45,224,21,290
3127726,38,244,13,295
3127727,53,303,43,399
3127728,46,264,13,323
3127729,6,32,9,47
3127730,29,166,21,216
3127801,36,192,53,281
3127802,18,148,8,174
3127803,49,299,36,384
3127804,31,149,20,200
3127805,16,144,12,172
3127806,35,219,23,277
3127807,43,329,51,423
3127808,46,318,25,389
3127809,28,189,30,247
3127810,26,131,20,177
3127811,29,157,12,198
3127812,30,230,13,273
3127813,17,184,26,227
3127814,23,117,15,155
3127815,53,276,24,353
3127901,0,0,4,4
3128001,50,278,23,351
3128002,57,223,32,312
3128003,51,256,31,338
3128004,52,341,49,442
3128005,45,202,18,265
3128006,36,174,21,231
3128007,25,230,12,267
3128008,56,481,42,579
3128009,22,169,3,194
3128010,21,145,9,175
3128011,22,109,15,146
3128012,17,138,25,180
3128013,31,195,17,243
3128014,23,212,28,263
3128015,34,174,29,237
3128016,24,190,33,247
3128017,21,144,22,187
3128018,36,238,35,309
3128019,44,325,51,420
3128020,40,243,37,320
3128021,34,174,11,219
3128022,31,176,13,220
3128023,24,176,10,210
3128024,33,241,90,364
3128025,24,152,19,195
3128026,24,121,48,193
3128027,29,183,17,229
3128028,41,220,27,288
3128029,33,192,3,228
3128030,48,210,23,281
3128031,11,120,19,150
3128032,31,194,28,253
3128033,27,154,12,193
3128034,39,290,32,361
3128035,44,256,57,357
3128036,52,298,24,374
3128037,20,179,9,208
3128038,23,154,18,195
3128039,25,161,27,213
3128040,27,149,41,217
3128041,23,172,24,219
3128042,27,245,27,299
3128043,15,127,18,160
3128044,23,194,30,247
3128045,36,242,30,308
3128046,22,201,27,250
3128047,45,249,33,327
3128048,28,228,25,281
3128049,31,212,52,295
3128050,31,169,17,217
3128051,40,170,24,234
3128101,36,159,13,208
3128102,25,156,49,230
3128103,19,111,29,159
3128104,60,383,30,473
3128105,31,234,12,277
3128106,31,230,9,270
3128107,24,199,12,235
3128108,42,201,30,273
3128109,35,186,29,250
3128110,24,151,20,195
3128111,35,247,22,304
3128112,21,128,12,161
3128113,48,322,37,407
3128114,46,280,40,366
3128115,17,129,15,161
3128116,26,248,25,299
3128117,57,373,43,473
3128118,43,328,34,405
3128119,39,241,13,293
3128120,12,129,12,153
3128121,41,307,28,376
3128122,38,298,19,355
3128123,13,115,18,146
3128124,51,214,19,284
3128125,51,393,10,454
3128126,30,222,19,271
3128127,19,119,12,150
3128128,47,272,34,353
3128129,24,111,3,138
3128130,35,244,25,304
3128131,28,101,20,149
3128132,37,229,12,278
3128133,49,330,39,418
3128201,33,155,17,205
3128202,20,123,10,153
3128203,35,272,15,322
3128204,32,245,24,301
3128205,25,138,21,184
3128206,24,164,22,210
3128207,14,296,49,359
3128208,40,259,21,320
3128209,11,132,22,165
3128210,29,149,7,185
3128211,51,223,9,283
3128212,21,138,7,166
3128213,32,216,59,307
3128214,36,289,87,412
3128215,31,164,21,216
3128216,18,162,36,216
3128217,41,278,23,342
3128218,35,221,502,758
3128219,36,235,22,293
3128220,27,208,25,260
3128221,16,161,15,192
3128222,46,358,51,455
3128223,53,360,36,449
3128224,67,442,59,568
3128225,6,26,3,35
3128226,52,318,21,391
3128227,29,203,5,237
3128228,36,162,3,201
3128229,68,458,31,557
3128230,9,223,40,272
3128231,43,321,15,379
3128301,26,333,35,394
3128302,46,264,33,343
3128303,49,264,25,338
3128304,0,0,0,0
3128305,30,197,3,230
3128306,0,0,0,0
3128307,25,164,15,204
3128308,51,475,46,572
3128309,41,363,22,426
3128310,36,210,18,264
3128311,29,233,12,274
3128312,24,193,3,220
3128313,40,218,4,262
3128314,43,285,33,361
3128315,15,163,7,185
3128316,86,363,36,485
3128317,43,313,23,379
3128318,15,151,21,187
3128319,32,220,21,273
3128320,15,172,13,200
3128321,28,330,21,379
3128322,18,247,18,283
3128323,26,221,19,266
3128324,36,548,51,635
3128401,30,256,33,319
3128402,22,157,22,201
3128403,40,159,31,230
3128404,24,193,33,250
3128405,17,192,23,232
3128406,54,330,56,440
3128407,27,186,15,228
3128408,57,349,36,442
3128409,23,150,22,195
3128410,53,295,41,389
3128411,32,334,28,394
3128412,23,201,33,257
3128413,48,311,27,386
3128414,40,290,28,358
3128415,49,395,20,464
3128416,29,211,37,277
3128417,30,269,24,323
3128418,23,157,27,207
3128419,24,176,12,212
3128420,47,313,35,395
3128501,50,269,15,334
3128502,27,188,6,221
3128503,21,207,21,249
3128504,36,352,36,424
3128505,54,292,28,374
3128506,63,340,39,442
3128507,32,161,7,200
3128508,47,292,16,355
3128509,37,293,22,352
3128510,69,374,30,473
3128511,40,302,27,369
3128512,40,176,28,244
3128513,22,268,19,309
3128514,29,155,12,196
3128601,21,268,26,315
3128602,39,289,31,359
3128603,28,154,6,188
3128604,38,230,9,277
3128605,37,185,22,244
3128606,27,266,25,318
3128607,30,232,13,275
3128608,44,362,54,460
3128609,0,0,0,0
3128610,20,158,24,202
3128611,26,281,72,379
3128612,49,222,22,293
3128613,32,292,37,361
3128614,0,3,0,3
3128615,0,9,6,15
3128616,38,230,45,313
3128617,57,288,25,370
3128618,39,217,24,280
3128619,36,190,14,240
3128620,24,125,12,161
3128621,38,259,22,319
3128701,30,234,52,316
3128702,59,396,69,524
3128703,45,251,23,319
3128704,34,293,43,370
3128705,37,186,27,250
3128706,46,252,24,322
3128707,21,212,13,246
3128708,22,186,16,224
3128709,23,172,9,204
3128710,31,159,3,193
3128711,28,247,12,287
3128712,29,186,16,231
3128713,56,331,26,413
3128714,37,247,24,308
3128715,47,283,24,354
3128716,35,272,37,344
3128717,35,138,9,182
3128718,35,297,26,358
3128719,29,209,18,256
3128720,33,191,31,255
3128721,30,217,42,289
3128722,52,350,31,433
3128723,68,390,34,492
3128724,28,150,21,199
3128725,34,265,13,312
3128726,37,234,30,301
3128727,21,196,8,225
3128728,21,205,21,247
3128729,61,291,38,390
3128730,34,280,22,336
3128731,15,145,21,181
3128732,21,146,18,185
3128733,22,201,21,244
3128734,53,436,61,550
3128735,33,220,30,283
3128736,38,220,22,280
3128737,31,208,29,268
3128738,31,275,24,330
3128739,42,225,20,287
3128740,24,149,13,186
3128741,30,244,10,284
3128742,24,181,30,235
3128743,26,193,72,291
3128744,33,220,24,277
3128745,19,186,15,220
3128746,30,200,29,259
3128801,52,195,12,259
3128802,51,388,21,460
3128803,19,156,0,175
3128804,36,246,3,285
3128805,34,174,20,228
3128806,47,245,27,319
3128807,32,200,25,257
3128808,27,220,6,253
3128809,32,262,24,318
3128810,58,382,25,465
3128811,40,154,14,208
3128901,29,187,9,225
3128902,32,256,24,312
3128903,30,292,5,327
3128904,35,257,17,309
3128905,21,173,3,197
3128906,70,373,19,462
3128907,30,282,17,329
3128908,54,345,15,414
3128909,30,208,11,249
3128910,26,185,7,218
3128911,23,304,31,358
3128912,32,188,22,242
3129001,43,284,15,342
3129002,30,250,15,295
3129003,22,147,6,175
3129004,50,327,9,386
3129005,64,332,24,420
3129006,32,379,20,431
3129007,28,219,3,250
3129008,42,224,15,281
3129009,26,253,15,294
3129010,15,132,12,159
3129011,38,264,6,308
3129012,12,180,15,207
3129013,50,305,15,370
3129014,18,256,10,284
3129015,27,235,6,268
3129101,50,388,52,490
3129102,49,256,38,343
3129103,46,242,30,318
3129104,44,289,28,361
3129105,27,182,38,247
3129106,76,277,41,394
3129107,0,22,6,28
3129108,9,130,10,149
3129109,27,192,6,225
3129110,36,223,15,274
3129111,52,263,37,352
3129112,32,182,72,286
3129113,36,287,15,338
3129114,30,255,33,318
3129115,51,341,42,434
3129116,49,344,44,437
3129117,0,9,0,9
3129201,25,161,37,223
3129202,0,0,0,0
3129203,17,156,8,181
3129204,42,261,14,317
3129205,45,282,36,363
3129206,13,200,19,232
3129207,18,142,18,178
3129208,13,150,15,178
3129209,25,160,10,195
3129210,31,214,27,272
3129211,29,214,29,272
3129212,46,271,42,359
3129213,25,185,22,232
3129214,33,236,52,321
3129215,17,142,28,187
3129216,36,249,18,303
3129217,25,135,5,165
3129218,25,199,23,247
3129219,81,506,59,646
3129220,29,234,14,277
3129301,24,178,6,208
3129302,31,231,7,269
3129303,26,214,13,253
3129304,38,189,4,231
3129305,30,241,9,280
3129306,33,255,12,300
3129307,29,298,44,371
3129308,40,327,53,420
3129309,38,281,22,341
3129310,29,324,22,375
3129311,36,270,24,330
3129312,31,253,24,308
3129313,14,126,14,154
3129314,43,355,21,419
3129315,21,163,21,205
3129316,42,309,7,358
3129317,29,246,20,295
3129318,35,221,9,265
3129319,0,10,0,10
3129320,36,255,18,309
3129321,50,309,9,368
3129322,14,125,10,149
3129323,36,192,11,239
3129324,42,270,52,364
3129325,46,284,29,359
3129326,36,205,17,258
3129327,22,161,0,183
3129328,30,301,20,351
3129329,19,129,3,151
3129330,67,479,41,587
3129331,0,15,0,15
3129332,30,232,12,274
3129333,39,286,33,358
3129334,30,227,41,298
3129335,20,269,47,336
3129336,93,632,80,805
3129401,41,300,24,365
3129402,40,219,15,274
3129403,41,210,12,263
3129404,28,209,22,259
3129405,21,140,13,174
3129406,23,194,8,225
3129407,35,221,15,271
3129408,28,233,20,281
3129501,33,357,36,426
3129502,30,183,45,258
3129503,3,5,4,12
3129504,23,131,15,169
3129505,29,213,56,298
3129506,59,262,57,378
3129507,35,161,25,221
3129508,33,245,33,311
3129509,38,218,66,322
3129510,0,0,0,0
3129601,0,36,0,36
3129602,36,283,12,331
3129603,70,530,30,630
3129604,32,528,29,589
3129605,34,431,20,485
3129606,64,376,47,487
3129607,36,238,10,284
3129608,38,190,5,233
3129609,45,251,15,311
3129610,39,329,58,426
3129611,26,278,26,330
3129612,29,280,35,344
3129613,0,9,3,12
3129614,15,157,16,188
3129615,43,268,18,329
3129616,31,245,30,306
3129617,51,325,25,401
3129618,27,197,21,245
3129619,17,328,18,363
3129701,36,212,23,271
3129702,41,204,49,294
3129703,32,264,49,345
3129704,36,321,21,378
3129705,14,156,6,176
3129706,21,138,21,180
3129707,46,317,43,406
3129708,36,217,11,264
3129709,37,306,27,370
3129710,33,164,21,218
3129711,16,139,6,161
3129712,39,383,38,460
3129713,24,193,20,237
3129714,0,0,0,0
3129715,21,157,15,193
3129716,31,228,14,273
3129717,33,262,24,319
3129718,24,278,37,339
3129719,62,356,25,443
3129720,56,378,24,458
3129721,56,294,15,365
3129722,29,232,16,277
3129723,27,212,13,252
3129724,46,295,12,353
3129801,0,6,0,6
3129901,28,157,12,197
3129902,22,146,18,186
3129903,24,206,14,244
3129904,29,184,12,225
3129905,63,310,27,400
3129906,57,321,21,399
3129907,24,248,17,289
3129908,23,197,19,239
3129909,34,240,21,295
3129910,27,221,14,262
3129911,4,140,17,161
3129912,30,317,9,356
3129913,49,214,31,294
3129914,53,504,50,607
3129915,36,299,14,349
3129916,16,308,51,375
3129917,3,0,0,3
3129918,0,0,0,0
3129919,0,0,0,0
3129920,0,24,3,27
3129921,10,151,9,170
3129922,15,140,18,173
3129923,29,233,7,269
3129924,24,184,15,223
3130001,24,216,15,255
3130002,56,301,35,392
3130003,36,286,57,379
3130004,34,239,14,287
3130005,77,383,29,489
3130006,39,306,35,380
3130007,18,145,11,174
3130008,32,282,18,332
3130009,29,190,16,235
3130010,18,203,15,236
3130011,22,85,34,141
3130012,34,133,25,192
3130013,45,276,21,342
3130014,31,121,24,176
3130015,57,242,34,333
3130016,47,398,24,469
3130017,35,197,21,253
3130018,28,294,32,354
3130019,71,437,76,584
3130020,41,251,38,330
3130021,44,288,39,371
3130101,0,0,0,0
3130201,32,360,40,432
3130202,0,6,0,6
3130203,48,346,39,433
3130204,70,556,31,657
3130205,33,296,41,370
3130206,3,13,7,23
3130207,29,325,60,414
3130208,26,238,24,288
3130209,28,264,25,317
3130210,32,240,24,296
3130211,41,202,6,249
3130212,16,206,21,243
3130213,89,635,92,816
3130214,68,881,103,1052
3130215,51,339,25,415
3130216,45,255,37,337
3130217,47,380,70,497
3130218,36,312,37,385
3130219,32,215,23,270
3130220,24,215,16,255
3130221,42,316,31,389
3130222,28,212,24,264
3130223,37,247,12,296
3130224,28,197,28,253
3130225,26,199,24,249
3130226,25,174,12,211
3130227,57,356,33,446
3130228,20,156,25,201
3130229,64,326,19,409
3130230,23,238,27,288
3130301,38,272,24,334
3130302,39,348,40,427
3130303,36,294,15,345
3130304,27,164,9,200
3130305,26,309,21,356
3130306,47,553,35,635
3130307,4,140,9,153
3130308,25,296,33,354
3130309,42,379,25,446
3130310,38,462,30,530
3130311,37,284,16,337
3130312,20,167,23,210
3130313,31,304,10,345
3130314,0,6,0,6
3130401,41,410,18,469
3130402,46,625,29,700
3130403,16,264,29,309
3130404,67,902,42,1011
3130405,0,4,0,4
3130406,32,250,18,300
3130407,18,219,9,246
3130408,16,176,15,207
3130409,25,395,11,431
3130410,23,410,17,450
3130411,23,240,9,272
3130412,20,240,12,272
3130413,26,196,21,243
3130414,25,241,21,287
3130415,24,222,14,260
3130416,27,227,12,266
3130417,6,81,12,99
3130418,20,197,6,223
3130419,44,419,21,484
3130420,34,469,30,533
3130421,19,240,25,284
3130501,35,148,19,202
3130502,30,193,9,232
3130503,61,281,43,385
3130504,39,136,21,196
3130505,14,327,40,381
3130506,51,362,40,453
3130507,35,207,35,277
3130508,41,329,45,415
3130509,31,264,32,327
3130510,49,408,38,495
3130511,71,638,68,777
3130512,40,255,39,334
3130513,28,205,27,260
3130514,80,484,30,594
3130515,26,181,16,223
3130516,45,389,20,454
3130517,34,310,25,369
3130518,21,202,9,232
3130519,13,119,14,146
3130520,67,324,44,435
3130521,42,243,19,304
3130522,23,110,19,152
3130523,27,173,24,224
3130524,46,285,17,348
3130525,15,116,24,155
3130526,20,188,26,234
3130527,47,301,34,382
3130528,33,151,15,199
3130529,18,90,87,195
3130530,44,289,17,350
3130601,0,12,3,15
3130602,11,152,21,184
3130603,37,308,31,376
3130604,34,286,42,362
3130605,12,168,24,204
3130606,26,243,43,312
3130607,20,173,19,212
3130608,46,361,61,468
3130609,47,289,66,402
3130610,38,204,51,293
3130611,44,347,71,462
3130612,21,166,76,263
3130613,19,173,44,236
3130614,42,270,120,432
3130615,37,297,39,373
3130616,20,205,22,247
3130617,41,367,63,471
3130618,52,327,35,414
3130619,30,156,25,211
3130620,45,179,43,267
3130621,33,157,12,202
3130622,0,3,0,3
3130623,31,143,7,181
3130701,47,256,36,339
3130702,42,296,52,390
3130703,50,281,39,370
3130704,35,258,30,323
3130705,9,50,6,65
3130706,4,12,3,19
3130707,55,280,60,395
3130708,79,553,54,686
3130709,70,601,86,757
3130710,41,364,36,441
3130711,15,118,19,152
3130712,58,374,42,474
3130713,39,286,32,357
3130714,66,555,73,694
3130715,19,232,24,275
3130716,32,285,24,341
3130717,49,267,31,347
3130718,44,271,65,380
3130719,63,390,32,485
3130720,22,76,34,132
3130721,46,282,49,377
3130722,37,285,51,373
3130723,42,336,41,419
3130724,22,161,6,189
3130725,52,354,54,460
3130801,19,220,27,266
3130802,51,421,27,499
3130803,19,204,24,247
3130804,33,321,24,378
3130805,36,309,27,372
3130806,20,269,16,305
3130807,31,294,20,345
3130808,34,231,13,278
3130809,22,199,24,245
3130810,20,139,10,169
3130811,27,200,7,234
3130812,50,457,49,556
3130813,36,312,38,386
3130814,36,328,33,397
3130815,18,208,22,248
3130901,33,346,24,403
3130902,24,217,14,255
3130903,46,321,4,371
3130904,30,157,21,208
3130905,35,318,27,380
3130906,42,217,16,275
3130907,20,217,12,249
3130908,35,220,33,288
3130909,45,315,38,398
3130910,35,207,21,263
3130911,22,176,24,222
3130912,18,155,9,182
3130913,35,279,20,334
3130914,19,160,8,187
3130915,35,272,22,329
3130916,22,130,7,159
3131001,35,192,26,253
3131002,45,374,19,438
3131003,43,368,22,433
3131004,70,453,29,552
3131005,52,326,15,393
3131006,35,168,34,237
3131007,49,389,35,473
3131008,51,362,18,431
3131009,26,224,15,265
3131010,40,409,36,485
3131011,24,238,17,279
3131101,18,218,18,254
3131102,28,271,29,328
3131103,49,323,43,415
3131104,47,339,39,425
3131105,41,317,25,383
3131106,52,396,21,469
3131107,42,268,35,345
3131108,41,288,23,352
3131109,75,528,89,692
3131110,15,133,17,165
3131111,23,167,41,231
3131112,37,121,0,158
3131113,26,182,32,240
3131114,42,280,31,353
3131115,27,268,22,317
3131116,26,214,23,263
3131117,21,383,19,423
3131118,24,207,27,258
3131119,39,213,45,297
3131120,34,133,25,192
3131121,0,0,0,0
3131122,54,477,38,569
3131123,20,172,6,198
3131124,34,238,34,306
3131125,22,217,17,256
3131126,32,283,23,338
3131127,41,336,33,410
3131128,48,341,19,408
3131129,9,147,9,165
3131201,37,319,20,376
3131202,13,133,15,161
3131203,21,167,18,206
3131204,11,223,7,241
3131205,30,208,24,262
3131206,43,341,28,412
3131207,37,299,23,359
3131208,24,211,43,278
3131209,0,0,0,0
3131210,19,209,24,252
3131211,44,332,33,409
3131212,57,633,166,856
3131213,39,330,21,390
3131214,37,253,27,317
3131215,55,272,30,357
3131216,26,234,23,283
3131301,32,158,9,199
3131302,31,187,28,246
3131303,21,129,9,159
3131304,34,183,29,246
3131305,62,422,40,524
3131306,27,259,24,310
3131307,23,121,21,165
3131308,16,212,27,255
3131309,30,318,21,369
3131310,42,274,24,340
3131311,23,190,3,216
3131401,39,256,28,323
3131402,32,239,22,293
3131403,25,171,27,223
3131404,36,200,33,269
3131405,41,244,22,307
3131406,29,244,20,293
3131407,59,412,40,511
3131408,27,253,38,318
3131409,0,0,0,0
3131410,51,269,42,362
3131411,37,312,40,389
3131412,0,0,0,0
3131413,26,230,33,289
3131414,33,289,31,353
3131415,30,187,13,230
3131416,30,293,26,349
3131417,28,216,29,273
3131418,15,195,12,222
3131419,46,245,33,324
3131420,46,308,49,403
3131421,42,266,33,341
3131422,25,206,27,258
3131423,33,254,29,316
3131424,22,187,19,228
3131425,45,271,42,358
3131426,17,192,9,218
3131427,45,346,34,425
3131501,0,0,0,0
3131601,21,299,21,341
3131602,10,252,15,277
3131603,23,143,0,166
3131604,44,322,22,388
3131605,38,299,24,361
3131606,22,154,10,186
3131607,27,213,23,263
3131608,18,385,52,455
3131609,42,295,32,369
3131610,22,248,25,295
3131611,36,261,29,326
3131612,22,202,24,248
3131613,0,6,0,6
3131614,20,276,19,315
3131615,40,298,19,357
3131616,23,192,9,224
3131617,44,422,22,488
3131618,44,319,20,383
3131619,25,273,18,316
3131620,28,196,20,244
3131701,14,125,13,152
3131702,56,403,100,559
3131703,38,319,59,416
3131704,23,189,37,249
3131705,49,393,92,534
3131706,44,317,50,411
3131707,25,263,14,302
3131708,62,529,89,680
3131709,35,241,19,295
3131710,26,199,21,246
3131711,33,247,49,329
3131712,31,198,33,262
3131713,20,147,19,186
3131714,13,140,12,165
3131715,35,338,39,412
3131716,56,398,42,496
3131717,41,260,17,318
3131718,15,134,21,170
3131719,57,362,24,443
3131720,26,163,24,213
3131721,33,211,10,254
3131722,14,168,19,201
3131723,55,327,32,414
3131724,29,279,28,336
3131725,26,129,16,171
3131726,0,0,0,0
3131801,19,202,12,233
3131802,27,222,13,262
3131803,21,125,9,155
3131804,22,154,15,191
3131805,17,210,16,243
3131806,23,177,22,222
3131807,44,259,22,325
3131808,42,250,30,322
3131809,18,257,12,287
3131810,29,277,23,329
3131811,31,244,8,283
3131812,47,233,9,289
3131813,27,196,7,230
3131814,30,191,5,226
3131901,21,175,32,228
3131902,47,276,17,340
3131903,26,181,12,219
3131904,36,293,18,347
3131905,22,166,4,192
3131906,38,294,23,355
3131907,29,290,7,326
3131908,45,381,18,444
3131909,45,292,23,360
3131910,25,225,30,280
3131911,40,246,17,303
3131912,52,393,18,463
3131913,30,277,14,321
3131914,42,265,18,325
3131915,30,247,16,293
3131916,31,251,15,297
3131917,28,317,10,355
3131918,59,319,23,401
3131919,46,431,27,504
3131920,73,798,103,974
3131921,31,275,25,331
3131922,19,208,15,242
3131923,15,157,9,181
3131924,24,265,24,313
3131925,43,327,34,404
3131926,50,336,31,417
3131927,0,0,0,0
3131928,32,364,39,435
3131929,32,275,33,340
3131930,28,316,30,374
3131931,33,294,45,372
3131932,0,3,0,3
3131933,39,259,21,319
3131934,18,211,12,241
3131935,47,287,11,345
3132001,19,161,41,221
3132002,21,196,19,236
3132003,34,259,24,317
3132004,48,633,39,720
3132005,24,156,7,187
3132006,17,183,20,220
3132007,16,125,11,152
3132008,29,366,22,417
3132009,26,159,13,198
3132010,35,229,34,298
3132011,6,75,22,103
3132012,21,198,17,236
3132013,64,336,43,443
3132014,27,229,17,273
3132015,35,315,24,374
3132016,23,151,20,194
3132017,41,305,19,365
3132018,45,569,15,629
3132019,20,266,17,303
3132020,45,417,30,492
3132021,26,257,10,293
3132022,27,168,15,210
3132023,23,156,12,191
3132024,46,246,9,301
3132025,0,0,0,0
3132026,15,282,12,309
3132027,36,203,12,251
3132028,29,204,8,241
3132029,44,449,4,497
3132101,37,234,51,322
3132102,24,178,21,223
3132103,20,234,25,279
3132104,24,231,37,292
3132105,43,293,23,359
3132106,33,245,15,293
3132107,31,284,22,337
3132108,39,286,15,340
3132109,15,146,14,175
3132110,25,275,21,321
3132111,22,189,10,221
3132112,52,330,13,395
3132113,26,209,14,249
3132114,61,553,48,662
3132115,11,200,12,223
3132116,43,309,27,379
3132117,57,396,27,480
3132118,74,570,38,682
3132119,29,304,19,352
3132120,30,184,22,236
3132121,53,439,19,511
3132122,47,345,35,427
3132123,31,236,31,298
3132124,35,155,9,199
3132125,37,343,16,396
3132126,15,195,18,228
3132127,48,354,27,429
3132128,19,164,4,187
3132129,54,283,21,358
3132130,38,258,3,299
3132131,18,124,18,160
3132132,33,229,22,284
3132133,36,238,21,295
3132134,21,156,9,186
3132135,23,155,7,185
3132136,32,196,12,240
3132137,36,270,24,330
3132138,24,168,9,201
3132139,24,207,15,246
3132140,44,267,27,338
3132141,40,272,30,342
3132142,36,254,16,306
3132143,42,253,27,322
3132144,35,340,13,388
3132145,36,367,18,421
3132201,18,147,22,187
3132202,43,216,33,292
3132203,19,246,18,283
3132204,27,209,14,250
3132205,48,315,21,384
3132206,41,210,22,273
3132207,28,228,25,281
3132208,42,257,30,329
3132209,16,110,22,148
3132210,29,177,28,234
3132211,16,200,26,242
3132212,16,216,39,271
3132213,17,183,16,216
3132214,31,323,26,380
3132215,12,141,31,184
3132216,22,157,11,190
3132217,18,139,21,178
3132218,34,237,46,317
3132301,5,126,46,177
3132302,31,224,50,305
3132303,35,202,129,366
3132304,38,268,39,345
3132305,36,200,28,264
3132306,45,393,41,479
3132307,48,314,20,382
3132308,37,325,29,391
3132309,41,244,28,313
3132310,67,370,75,512
3132311,32,218,126,376
3132312,37,251,61,349
3132313,51,523,29,603
3132314,20,132,13,165
3132315,0,3,0,3
3132316,54,269,31,354
3132317,24,112,3,139
3132318,16,158,12,186
3132319,51,283,34,368
3132320,44,408,30,482
3132321,19,193,46,258
3132401,11,188,9,208
3132402,18,172,9,199
3132403,41,239,15,295
3132404,35,319,12,366
3132405,39,224,18,281
3132406,34,310,27,371
3132407,28,224,13,265
3132408,15,152,17,184
3132409,20,203,11,234
3132410,21,212,11,244
3132411,30,128,18,176
3132412,33,269,26,328
3132413,17,200,10,227
3132414,46,391,13,450
3132415,28,278,30,336
3132416,9,151,32,192
3132417,9,137,18,164
3132418,20,224,6,250
3132419,28,248,18,294
3132420,39,278,30,347
3132421,39,362,24,425
3132422,43,288,17,348
3132423,25,261,17,303
3132501,33,333,15,381
3132502,31,258,9,298
3132503,39,220,12,271
3132504,23,186,6,215
3132505,37,257,29,323
3132506,31,196,6,233
3132507,22,197,14,233
3132508,36,292,17,345
3132509,23,221,0,244
3132510,21,177,20,218
3132511,21,197,4,222
3132512,19,105,16,140
3132513,20,225,12,257
3132514,41,363,22,426
3132515,39,314,21,374
3132516,48,356,46,450
3132517,15,194,21,230
3132518,33,254,27,314
3132519,0,0,0,0
3132520,40,354,74,468
3132521,46,478,36,560
3132522,35,375,23,433
3132523,34,378,23,435
3132524,13,191,20,224
3132525,0,0,0,0
3132526,48,371,27,446
3132527,47,248,40,335
3132528,17,153,0,170
3132601,12,171,6,189
3132602,29,208,18,255
3132603,39,337,40,416
3132604,15,247,18,280
3132605,35,228,26,289
3132606,50,278,22,350
3132607,43,260,32,335
3132608,34,299,44,377
3132609,48,293,62,403
3132610,40,233,35,308
3132611,30,208,45,283
3132612,46,332,65,443
3132613,48,301,37,386
3132614,62,435,59,556
3132615,31,319,20,370
3132616,51,293,32,376
3132617,0,0,0,0
3132618,41,299,24,364
3132619,3,15,6,24
3132620,27,252,45,324
3132621,0,0,0,0
3132622,56,358,26,440
3132623,22,278,28,328
3132701,40,404,22,466
3132702,38,279,0,317
3132703,31,259,16,306
3132704,32,268,12,312
3132705,25,305,21,351
3132706,14,123,6,143
3132707,32,253,11,296
3132708,34,320,18,372
3132709,37,303,3,343
3132710,48,303,13,364
3132711,24,165,16,205
3132712,36,202,14,252
3132713,27,221,18,266
3132714,12,142,6,160
3132715,46,371,28,445
3132716,24,249,12,285
3132717,31,345,6,382
3132718,19,247,16,282
3132719,50,394,23,467
3132720,24,177,0,201
3132721,30,301,15,346
3132722,26,273,8,307
3132723,44,307,13,364
3132724,43,251,15,309
3132725,44,245,13,302
3132726,24,227,3,254
3132727,39,303,10,352
3132728,24,148,6,178
3132729,27,321,39,387
3132801,36,187,18,241
3132802,46,329,27,402
3132803,48,375,38,461
3132804,53,366,37,456
3132805,29,131,15,175
3132806,56,313,62,431
3132807,42,407,29,478
3132808,60,493,27,580
3132809,9,117,13,139
3132810,43,288,36,367
3132811,15,155,23,193
3132812,58,305,53,416
3132813,34,319,42,395
3132814,25,188,11,224
3132815,31,319,58,408
3132901,34,275,13,322
3132902,21,171,23,215
3132903,40,282,19,341
3132904,17,179,14,210
3132905,30,262,12,304
3132906,51,495,30,576
3132907,43,310,27,380
3132908,46,320,16,382
3132909,32,179,6,217
3132910,0,0,0,0
3132911,23,332,23,378
3132912,35,257,16,308
3132913,30,307,24,361
3132914,24,226,12,262
3132915,35,253,15,303
3132916,33,187,9,229
3132917,18,176,9,203
3133001,38,214,63,315
3133002,29,210,40,279
3133003,45,272,54,371
3133004,33,250,45,328
3133005,46,236,63,345
3133006,28,221,44,293
3133007,0,0,3,3
3133008,34,276,86,396
3133009,23,174,35,232
3133010,28,200,33,261
3133011,28,222,45,295
3133012,47,253,46,346
3133013,36,203,39,278
3133014,45,362,58,465
3133015,40,240,62,342
3133016,33,321,45,399
3133017,21,176,24,221
3133018,49,293,58,400
3133019,12,82,15,109
3133020,45,319,27,391
3133021,45,271,54,370
3133022,31,221,29,281
3133023,36,241,39,316
3133024,27,168,21,216
3133025,0,3,3,6
3133026,30,237,33,300
3133101,18,141,24,183
3133102,50,284,31,365
3133103,4,57,9,70
3133104,44,281,103,428
3133105,11,143,34,188
3133106,52,348,58,458
3133107,37,260,57,354
3133108,38,175,25,238
3133109,33,281,118,432
3133110,46,307,65,418
3133111,13,212,56,281
3133112,25,224,26,275
3133113,64,354,27,445
3133114,45,276,39,360
3133115,26,198,36,260
3133201,13,176,21,210
3133202,30,247,29,306
3133203,32,224,16,272
3133204,31,310,27,368
3133205,27,299,17,343
3133206,39,381,15,435
3133207,55,316,18,389
3133208,20,210,15,245
3133209,34,314,38,386
3133210,43,255,7,305
3133211,47,383,14,444
3133212,17,87,0,104
3133213,29,242,21,292
3133214,32,195,21,248
3133215,36,313,29,378
3133216,27,311,29,367
3133217,37,323,20,380
3133218,18,179,20,217
3133219,24,208,12,244
3133220,32,224,9,265
3133221,48,314,18,380
3133222,27,174,6,207
3133223,41,284,27,352
3133224,28,265,12,305
3133225,41,215,21,277
3133226,28,234,16,278
3133227,25,179,12,216
3133228,34,354,24,412
3133229,19,199,14,232
3133230,17,160,12,189
3133231,31,237,12,280
3133232,48,350,22,420
3133233,19,289,33,341
3133234,27,176,10,213
3133235,34,264,9,307
3133236,22,198,9,229
3133237,38,387,21,446
3133238,28,206,11,245
3133239,23,180,7,210
3133240,28,250,12,290
3133301,30,173,31,234
3133302,22,315,21,358
3133303,41,306,24,371
3133304,50,325,52,427
3133305,3,16,0,19
3133306,26,282,27,335
3133307,23,183,49,255
3133308,28,176,18,222
3133309,47,247,29,323
3133310,29,127,25,181
3133311,22,167,50,239
3133312,14,136,3,153
3133313,24,251,7,282
3133314,24,141,6,171
3133315,41,261,85,387
3133316,59,361,23,443
3133317,35,174,18,227
3133318,43,343,27,413
3133319,37,271,34,342
3133320,46,326,28,400
3133321,30,261,54,345
3133322,53,329,58,440
3133323,36,198,54,288
3133324,21,183,38,242
3133325,33,265,43,341
3133326,32,236,61,329
3133327,36,209,57,302
3133401,54,388,28,470
3133402,41,390,16,447
3133403,27,188,19,234
3133404,27,165,17,209
3133405,26,404,40,470
3133406,33,301,33,367
3133407,32,316,21,369
3133408,27,239,15,281
3133409,45,353,38,436
3133410,74,401,21,496
3133411,48,367,22,437
3133412,21,169,8,198
3133413,24,235,7,266
3133414,23,271,15,309
3133415,46,329,18,393
3133416,32,351,5,388
3133417,37,348,24,409
3133418,24,185,9,218
3133419,24,207,18,249
3133420,15,231,3,249
3133421,24,175,7,206
3133422,26,202,13,241
3133501,60,630,42,732
3133502,46,299,40,385
3133503,27,260,14,301
3133504,32,261,21,314
3133505,17,162,12,191
3133506,0,3,0,3
3133507,27,242,9,278
3133508,25,242,16,283
3133509,18,178,17,213
3133510,49,421,29,499
3133511,3,128,0,131
3133512,30,349,45,424
3133513,43,298,28,369
3133601,38,291,49,378
3133602,40,324,30,394
3133603,40,234,91,365
3133604,58,404,53,515
3133605,26,156,24,206
3133606,22,146,27,195
3133607,29,239,58,326
3133608,26,256,37,319
3133609,32,205,15,252
3133610,38,279,35,352
3133611,49,250,42,341
3133612,27,139,16,182
3133613,34,206,44,284
3133614,38,275,39,352
3133615,19,165,41,225
3133616,20,142,12,174
3133617,24,194,26,244
3133618,41,259,51,351
3133619,35,247,37,319
3133620,21,110,30,161
3133621,27,187,21,235
3133622,19,321,28,368
3133623,26,274,37,337
3133624,67,379,74,520
3133625,24,128,28,180
3133626,19,169,42,230
3133627,39,230,31,300
3133628,35,276,57,368
3133629,47,257,37,341
3133630,58,346,33,437
3133631,37,265,30,332
3133701,34,146,20,200
3133702,27,332,43,402
3133703,26,245,28,299
3133704,22,244,13,279
3133705,36,315,76,427
3133706,30,220,49,299
3133707,29,205,48,282
3133708,37,357,66,460
3133709,23,201,45,269
3133710,30,240,43,313
3133711,38,332,76,446
3133712,24,174,44,242
3133713,36,322,36,394
3133714,31,321,55,407
3133715,39,265,27,331
3133716,15,187,27,229
3133717,44,328,43,415
3133718,45,325,92,462
3133719,40,308,83,431
3133720,28,256,57,341
3133721,13,219,20,252
3133801,32,354,85,471
3133802,16,335,34,385
3133803,4,157,22,183
3133804,13,191,12,216
3133805,9,286,3,298
3133806,24,287,57,368
3133807,15,216,93,324
3133808,17,228,53,298
3133809,24,250,38,312
3133810,29,321,220,570
3133811,18,252,53,323
3133812,10,188,42,240
3133813,7,187,15,209
3133814,26,425,42,493
3133815,6,158,83,247
3133816,6,117,25,148
3133817,7,134,20,161
3133818,24,218,37,279
3133819,12,176,19,207
3133820,26,247,56,329
3133821,50,234,72,356
3133822,3,161,9,173
3133823,21,269,81,371
3133824,10,215,15,240
3133825,0,0,0,0
3133826,17,205,35,257
3133827,0,0,0,0
3133828,3,37,3,43
3133901,16,227,36,279
3133902,33,254,17,304
3133903,7,193,5,205
3133904,29,235,42,306
3133905,19,242,18,279
3133906,25,261,33,319
3133907,72,523,94,689
3133908,35,276,25,336
3133909,3,147,9,159
3134001,14,114,38,166
3134002,23,142,46,211
3134003,11,166,19,196
3134004,26,169,49,244
3134005,13,163,32,208
3134006,24,129,44,197
3134007,22,172,69,263
3134008,40,360,57,457
3134009,19,162,26,207
3134010,25,131,29,185
3134011,13,109,12,134
3134012,42,273,37,352
3134013,12,180,24,216
3134014,0,0,0,0
3134015,13,175,28,216
3134101,3,24,11,38
3134102,49,566,22,637
3134103,11,216,26,253
3134104,32,372,26,430
3134105,21,286,24,331
3134106,15,298,28,341
3134107,9,132,16,157
3134108,21,229,12,262
3134109,23,335,20,378
3134110,15,258,52,325
3134111,7,89,111,207
3134112,11,190,15,216
3134113,11,253,39,303
3134114,12,194,113,319
3134115,26,302,13,341
3134116,24,262,18,304
3134117,6,141,13,160
3134118,12,241,26,279
3134119,16,203,19,238
3134120,15,300,55,370
3134121,6,247,13,266
3134122,19,276,26,321
3134201,14,299,37,350
3134202,43,402,32,477
3134203,28,248,17,293
3134204,24,313,38,375
3134205,40,305,24,369
3134206,0,61,3,64
3134207,15,167,24,206
3134208,3,9,0,12
3134209,39,374,40,453
3134210,33,274,27,334
3134211,15,174,11,200
3134212,23,193,21,237
3134213,14,141,12,167
3134214,26,292,22,340
3134215,34,292,39,365
3134216,20,218,48,286
3134217,18,220,27,265
3134218,12,146,12,170
3134219,43,260,24,327
3134220,45,332,32,409
3134221,61,335,46,442
3134222,39,230,25,294
3134223,46,545,49,640
3134224,22,184,11,217
3134225,12,196,28,236
3134226,33,339,33,405
3134227,42,311,11,364
3134228,44,339,27,410
3134229,43,352,52,447
3134230,26,249,20,295
3134231,55,452,94,601
3134232,17,183,24,224
3134233,61,530,89,680
3134234,13,187,12,212
3134301,24,192,12,228
3134302,40,320,42,402
3134303,0,0,0,0
3134304,21,223,12,256
3134305,11,163,16,190
3134306,0,0,0,0
3134307,34,305,53,392
3134308,33,211,41,285
3134309,28,239,35,302
3134310,27,224,27,278
3134311,26,278,15,319
3134312,12,287,48,347
3134401,24,293,23,340
3134402,20,291,22,333
3134403,17,176,19,212
3134404,21,168,9,198
3134405,21,293,45,359
3134406,33,492,35,560
3134407,28,227,32,287
3134408,17,294,30,341
3134409,49,616,69,734
3134410,40,393,53,486
3134411,22,265,37,324
3134412,49,391,42,482
3134413,29,233,30,292
3134414,48,426,32,506
3134415,14,146,12,172
3134416,30,292,31,353
3134417,44,548,50,642
3134418,34,285,43,362
3134419,28,190,17,235
3134420,14,162,15,191
3134501,0,6,0,6
3134601,24,266,50,340
3134602,16,217,73,306
3134603,15,226,51,292
3134604,19,251,46,316
3134605,19,321,45,385
3134606,36,312,23,371
3134607,24,396,69,489
3134608,29,339,72,440
3134609,3,109,15,127
3134610,22,264,82,368
3134701,27,370,64,461
3134801,19,143,29,191
3134802,34,202,31,267
3134803,33,242,36,311
3134804,28,222,19,269
3134805,18,156,21,195
3134806,46,414,27,487
3134807,21,137,12,170
3134808,15,177,20,212
3134809,74,729,48,851
3134810,32,364,96,492
3134811,49,310,27,386
3134812,46,341,30,417
3134813,81,584,84,749
3134814,30,192,10,232
3134815,47,313,20,380
3134816,15,128,9,152
3134817,33,152,18,203
3134818,22,229,18,269
3134819,20,219,12,251
3134820,30,213,19,262
3134821,24,264,31,319
3134822,13,269,21,303
3134823,32,371,57,460
3134824,42,267,34,343
3134825,26,174,17,217
3134901,33,196,18,247
3134902,22,156,29,207
3134903,30,273,35,338
3134904,27,294,30,351
3134905,9,78,18,105
3134906,35,297,64,396
3134907,32,254,24,310
3134908,42,341,46,429
3134909,40,285,61,386
3134910,48,295,34,377
3134911,24,214,22,260
3134912,36,281,15,332
3134913,6,132,15,153
3134914,41,328,53,422
3134915,18,176,14,208
3134916,21,273,27,321
3134917,34,321,38,393
3134918,17,248,42,307
3134919,0,29,0,29
3135001,8,38,5,51
3135002,26,301,40,367
3135003,42,289,42,373
3135004,19,212,26,257
3135005,52,600,38,690
3135006,30,218,34,282
3135007,27,248,44,319
3135008,27,153,16,196
3135009,59,477,54,590
3135010,10,172,15,197
3135101,32,254,27,313
3135102,19,183,15,217
3135103,15,149,17,181
3135104,41,213,18,272
3135105,26,180,17,223
3135106,30,308,36,374
3135107,51,426,28,505
3135108,37,325,53,415
3135109,31,352,41,424
3135110,46,374,45,465
3135111,66,737,86,889
3135112,32,237,15,284
3135113,15,164,22,201
3135114,32,312,22,366
3135115,15,187,18,220
3135201,28,151,21,200
3135202,0,0,0,0
3135203,8,139,11,158
3135204,56,496,55,607
3135205,33,222,37,292
3135206,21,153,21,195
3135207,38,326,71,435
3135208,13,186,24,223
3135209,14,159,30,203
3135210,41,279,29,349
3135211,46,357,64,467
3135212,175,1358,154,1687
3135213,15,182,34,231
3135214,15,162,18,195
3135215,10,123,9,142
3135216,23,223,27,273
3135217,31,365,53,449
3135218,10,123,15,148
3135219,16,236,26,278
3135220,41,464,60,565
3135221,41,305,31,377
3135222,45,370,48,463
3135223,24,187,26,237
3135224,31,229,39,299
3135225,0,0,0,0
3135226,54,527,62,643
3135301,10,92,0,102
3135302,21,170,28,219
3135303,9,111,6,126
3135304,0,0,0,0
3135305,3,89,15,107
3135306,15,158,31,204
3135307,31,277,45,353
3135308,15,76,8,99
3135309,13,185,34,232
3135310,33,286,37,356
3135311,31,280,39,350
3135312,38,151,34,223
3135313,26,322,15,363
3135314,42,215,13,270
3135315,32,182,24,238
3135316,13,202,28,243
3135317,24,180,18,222
3135318,39,285,41,365
3135319,17,170,16,203
3135320,24,221,40,285
3135321,29,133,26,188
3135322,29,204,35,268
3135323,57,289,25,371
3135324,38,173,27,238
3135325,39,256,36,331
3135326,35,254,15,304
3135327,23,201,14,238
3135328,14,167,16,197
3135401,31,315,28,374
3135402,29,350,58,437
3135403,15,174,26,215
3135404,27,300,12,339
3135405,40,415,43,498
3135406,22,234,21,277
3135407,34,471,32,537
3135408,0,133,23,156
3135409,0,55,15,70
3135410,31,248,18,297
3135411,37,255,28,320
3135412,24,208,14,246
3135413,27,210,26,263
3135501,17,133,14,164
3135502,30,235,33,298
3135503,35,166,17,218
3135504,22,186,29,237
3135505,28,287,47,362
3135506,33,288,42,363
3135507,40,266,37,343
3135508,23,133,18,174
3135509,33,227,32,292
3135510,32,293,30,355
3135511,22,151,16,189
3135512,0,3,0,3
3135513,0,0,0,0
3135601,29,274,32,335
3135602,22,238,29,289
3135603,23,197,22,242
3135604,23,317,25,365
3135605,24,263,32,319
3135606,51,418,35,504
3135607,44,443,51,538
3135608,27,323,77,427
3135609,32,294,35,361
3135610,29,322,63,414
3135611,23,245,32,300
3135612,31,225,18,274
3135613,32,209,29,270
3135614,0,0,0,0
3135615,29,233,19,281
3135616,25,271,31,327
3135617,31,228,24,283
3135618,54,237,44,335
3135619,15,160,21,196
3135701,14,93,3,110
3135702,25,221,11,257
3135703,24,183,18,225
3135704,46,266,15,327
3135705,32,245,27,304
3135706,23,223,34,280
3135707,24,282,37,343
3135708,29,172,17,218
3135709,30,313,26,369
3135710,16,154,15,185
3135711,46,254,21,321
3135712,36,294,28,358
3135713,16,131,19,166
3135714,27,190,15,232
3135715,12,180,18,210
3135716,34,222,16,272
3135717,36,233,18,287
3135718,9,163,24,196
3135719,25,179,28,232
3135720,35,336,32,403
3135721,30,211,27,268
3135722,37,297,33,367
3135723,40,520,46,606
3135801,32,270,34,336
3135802,36,312,25,373
3135803,10,171,14,195
3135804,32,360,37,429
3135805,55,344,43,442
3135806,30,235,17,282
3135807,7,9,0,16
3135808,45,261,26,332
3135809,27,173,19,219
3135810,41,324,21,386
3135811,19,358,38,415
3135812,53,376,38,467
3135813,10,193,21,224
3135814,21,193,22,236
3135815,18,168,29,215
3135816,35,327,16,378
3135817,39,261,39,339
3135901,18,167,42,227
3135902,6,157,50,213
3135903,13,233,53,299
3135904,10,190,37,237
3135905,32,719,345,1096
3135906,3,215,78,296
3135907,33,312,23,368
3135908,6,183,39,228
3135909,27,259,72,358
3135910,29,423,80,532
3135911,18,280,40,338
3135912,13,200,36,249
3135913,18,209,31,258
3135914,25,292,47,364
3135915,9,81,31,121
3135916,6,74,4,84
3135917,0,0,0,0
3135918,0,79,11,90
3135919,6,122,16,144
3135920,22,208,37,267
3135921,20,352,34,406
3135922,27,352,43,422
3135923,27,163,18,208
3135924,0,127,24,151
3135925,29,261,57,347
3135926,6,224,75,305
3135927,22,234,42,298
3135928,34,475,56,565
3135929,16,274,47,337
3136001,0,0,0,0
3136101,35,296,39,370
3136102,37,349,37,423
3136103,43,243,12,298
3136104,18,229,6,253
3136105,43,339,15,397
3136106,25,308,29,362
3136107,26,234,17,277
3136108,25,135,19,179
3136109,41,233,41,315
3136110,41,312,41,394
3136111,6,72,0,78
3136112,27,215,15,257
3136113,41,291,44,376
3136114,25,278,50,353
3136115,19,153,26,198
3136116,38,236,42,316
3136117,30,175,39,244
3136118,25,231,19,275
3136119,26,228,28,282
3136120,30,228,16,274
3136121,0,0,0,0
3136122,32,158,15,205
3136123,15,151,15,181
3136201,52,276,33,361
3136202,20,159,21,200
3136203,78,473,99,650
3136204,3,6,0,9
3136205,51,301,43,395
3136206,95,599,35,729
3136207,30,153,21,204
3136208,53,317,38,408
3136209,38,224,42,304
3136210,19,209,42,270
3136211,46,210,21,277
3136212,37,172,12,221
3136213,33,204,15,252
3136214,51,368,31,450
3136215,55,244,32,331
3136216,45,231,27,303
3136217,49,383,34,466
3136218,36,199,24,259
3136219,62,409,39,510
3136220,34,297,15,346
3136221,44,240,21,305
3136222,23,157,17,197
3136223,41,246,15,302
3136224,58,347,30,435
3136225,32,179,18,229
3136226,65,357,18,440
3136227,45,318,25,388
3136228,33,270,37,340
3136229,52,274,32,358
3136230,60,277,59,396
3136231,31,265,38,334
3136232,30,206,69,305
3136301,75,263,43,381
3136302,74,384,21,479
3136303,46,314,25,385
3136304,50,258,35,343
3136305,45,233,35,313
3136306,53,346,35,434
3136307,27,149,15,191
3136308,32,193,46,271
3136309,46,275,31,352
3136310,30,201,56,287
3136311,46,235,42,323
3136312,41,275,25,341
3136313,24,139,10,173
3136314,65,379,38,482
3136315,65,344,44,453
3136316,58,240,70,368
3136317,60,326,44,430
3136318,29,272,41,342
3136319,78,551,38,667
3136320,0,0,3,3
3136321,0,0,0,0
3136322,14,104,3,121
3136323,63,303,50,416
3136324,51,463,45,559
3136325,53,178,11,242
3136326,41,318,13,372
3136327,25,177,12,214
3136328,23,189,21,233
3136329,57,387,57,501
3136330,0,0,0,0
3136331,52,481,57,590
3136332,70,357,44,471
3136333,31,248,38,317
3136334,31,185,34,250
3136335,45,334,33,412
3136336,67,434,72,573
3136337,38,146,19,203
3136338,39,315,14,368
3136339,37,188,18,243
3136340,53,307,19,379
3136341,54,285,46,385
3136342,40,207,19,266
3136343,35,240,19,294
3136344,10,81,3,94
3136345,48,310,58,416
3136401,28,118,46,192
3136402,38,254,24,316
3136403,28,271,33,332
3136404,28,222,47,297
3136405,46,221,5,272
3136406,49,326,32,407
3136407,18,212,22,252
3136408,28,284,18,330
3136409,24,204,44,272
3136410,20,135,21,176
3136501,54,272,32,358
3136502,31,147,199,377
3136503,26,196,31,253
3136504,44,276,45,365
3136505,34,247,39,320
3136506,29,176,14,219
3136507,62,353,61,476
3136508,58,363,34,455
3136509,18,203,15,236
3136510,53,373,27,453
3136511,31,214,52,297
3136512,7,90,24,121
3136513,55,471,39,565
3136514,27,184,18,229
3136515,41,279,37,357
3136516,67,475,66,608
3136517,41,356,37,434
3136518,40,228,31,299
3136519,30,183,15,228
3136520,44,357,40,441
3136521,54,332,11,397
3136522,32,149,15,196
3136523,28,209,10,247
3136524,51,420,36,507
3136525,60,358,41,459
3136526,12,98,12,122
3136527,43,331,16,390
3136528,40,289,77,406
3136529,23,154,38,215
3136530,22,322,35,379
3136531,56,324,57,437
3136532,40,376,75,491
3136533,40,339,107,486
3136534,59,507,86,652
3136535,48,371,35,454
3136536,21,126,27,174
3136537,56,379,80,515
3136538,32,179,41,252
3136539,46,291,32,369
3136540,33,307,24,364
3136541,46,279,24,349
3136542,41,261,12,314
3136543,34,172,184,390
3136544,32,187,24,243
3136545,59,393,73,525
3136546,37,205,42,284
3136547,13,97,12,122
3136548,47,295,39,381
3136601,33,326,26,385
3136602,33,164,15,212
3136603,29,232,28,289
3136604,19,199,31,249
3136605,15,200,31,246
3136606,20,141,22,183
3136607,52,332,41,425
3136608,66,343,29,438
3136609,43,286,54,383
3136610,31,265,40,336
3136611,40,295,31,366
3136612,0,0,0,0
3136613,65,322,30,417
3136614,51,351,31,433
3136615,48,358,43,449
3136616,31,287,37,355
3136617,40,420,27,487
3136618,38,242,20,300
3136619,25,156,22,203
3136620,39,278,35,352
3136621,40,334,46,420
3136622,46,345,34,425
3136623,93,712,106,911
3136624,50,262,32,344
3136625,25,248,43,316
3136626,37,231,29,297
3136627,67,297,41,405
3136628,45,197,32,274
3136629,26,150,30,206
3136630,30,235,38,303
3136631,60,351,72,483
3136632,82,638,60,780
3136633,94,625,50,769
3136634,36,238,18,292
3136635,41,233,29,303
3136636,31,254,33,318
3136637,47,309,25,381
3136701,43,280,37,360
3136702,46,245,34,325
3136703,27,242,20,289
3136704,22,190,17,229
3136705,36,241,39,316
3136706,24,181,24,229
3136707,23,136,12,171
3136708,37,244,29,310
3136709,46,268,15,329
3136710,26,256,16,298
3136801,27,109,24,160
3136802,34,314,27,375
3136803,42,214,26,282
3136804,38,307,40,385
3136805,26,135,15,176
3136806,34,255,31,320
3136807,43,255,9,307
3136808,45,395,23,463
3136809,58,367,34,459
3136810,38,248,23,309
3136811,62,431,40,533
3136812,39,287,55,381
3136813,76,605,72,753
3136814,30,355,28,413
3136901,18,142,16,176
3136902,22,170,6,198
3136903,18,204,10,232
3136904,31,306,6,343
3136905,44,280,18,342
3136906,60,334,29,423
3136907,82,522,26,630
3136908,46,431,47,524
3137001,42,267,38,347
3137002,27,198,39,264
3137003,26,185,42,253
3137004,32,220,16,268
3137005,61,282,23,366
3137006,47,350,42,439
3137007,27,172,21,220
3137008,12,157,26,195
3137009,46,325,34,405
3137010,41,191,24,256
3137011,44,269,34,347
3137012,25,205,22,252
3137013,15,205,27,247
3137101,54,227,24,305
3137102,0,0,552,552
3137103,22,201,18,241
3137104,53,329,28,410
3137105,43,368,36,447
3137106,49,277,16,342
3137107,54,486,87,627
3137108,59,420,53,532
3137109,0,41,9,50
3137110,12,113,15,140
3137111,46,305,21,372
3137112,28,92,14,134
3137113,43,334,47,424
3137114,12,96,16,124
3137115,38,195,15,248
3137116,38,208,21,267
3137201,24,132,9,165
3137202,53,324,36,413
3137203,29,177,18,224
3137204,37,260,4,301
3137205,0,0,0,0
3137206,23,184,0,207
3137207,19,178,11,208
3137208,33,142,12,187
3137209,21,153,15,189
3137210,43,482,51,576
3137211,28,212,9,249
3137212,36,281,38,355
3137213,16,180,13,209
3137214,22,140,6,168
3137215,34,320,15,369
3137216,32,233,3,268
3137217,35,260,21,316
3137218,28,188,9,225
3137219,43,294,44,381
3137220,34,211,14,259
3137221,45,266,21,332
3137222,13,147,3,163
3137223,27,266,16,309
3137224,29,241,9,279
3137225,49,243,25,317
3137226,37,319,44,400
3137227,36,247,20,303
3137228,55,297,17,369
3137229,53,358,38,449
3137230,49,298,33,380
3137231,14,170,12,196
3137232,68,444,33,545
3137233,30,163,0,193
3137234,44,282,20,346
3137235,29,241,5,275
3137301,44,313,41,398
3137302,24,207,33,264
3137303,23,154,80,257
3137304,42,334,37,413
3137305,46,388,60,494
3137306,30,283,31,344
3137307,24,217,19,260
3137308,32,147,20,199
3137309,39,234,16,289
3137310,21,150,21,192
3137311,41,242,26,309
3137312,56,460,101,617
3137313,0,0,0,0
3137314,85,413,86,584
3137315,20,146,20,186
3137316,26,157,26,209
3137317,24,109,21,154
3137318,58,338,41,437
3137319,39,280,21,340
3137320,57,328,54,439
3137321,23,170,26,219
3137322,43,269,46,358
3137323,40,316,12,368
3137324,30,206,6,242
3137325,22,187,17,226
3137326,26,170,29,225
3137327,0,0,0,0
3137328,55,224,41,320
3137329,15,58,0,73
3137330,52,258,19,329
3137331,24,233,11,268
3137332,53,305,41,399
3137333,49,379,33,461
3137334,30,217,27,274
3137335,29,212,24,265
3137336,15,105,13,133
3137337,0,0,0,0
3137338,36,160,19,215
3137339,36,280,44,360
3137340,55,185,16,256
3137341,36,235,30,301
3137342,40,267,39,346
3137343,31,232,28,291
3137344,37,201,15,253
3137345,26,164,26,216
3137346,21,151,24,196
3137347,54,484,86,624
3137348,56,323,47,426
3137349,52,269,43,364
3137350,53,348,42,443
3137351,53,353,63,469
3137352,18,185,50,253
3137353,37,216,76,329
3137354,54,206,21,281
3137355,37,220,27,284
3137356,26,216,19,261
3137401,24,154,18,196
3137402,43,178,14,235
3137403,30,269,22,321
3137404,25,241,21,287
3137405,37,152,10,199
3137406,17,212,15,244
3137407,51,277,24,352
3137408,33,207,13,253
3137409,34,213,15,262
3137410,32,192,9,233
3137411,33,271,24,328
3137412,40,209,14,263
3137413,31,239,12,282
3137414,19,198,7,224
3137415,29,128,4,161
3137501,25,229,21,275
3137502,50,378,30,458
3137503,32,251,28,311
3137504,25,195,0,220
3137505,35,252,21,308
3137506,18,146,4,168
3137507,17,217,5,239
3137508,72,789,55,916
3137509,57,295,26,378
3137510,45,287,28,360
3137511,37,215,15,267
3137512,42,566,18,626
3137513,43,410,15,468
3137514,43,317,6,366
3137515,54,373,30,457
3137516,37,229,8,274
3137517,51,272,15,338
3137518,22,241,10,273
3137519,35,239,21,295
3137520,21,244,7,272
3137521,21,198,12,231
3137522,49,333,12,394
3137523,43,383,29,455
3137524,32,241,9,282
3137525,58,419,17,494
3137526,32,264,12,308
3137527,33,198,3,234
3137528,34,299,33,366
3137529,38,360,27,425
3137530,30,346,10,386
3137531,26,180,27,233
3137532,0,6,0,6
3137533,18,175,9,202
3137534,31,166,6,203
3137535,21,130,12,163
3137601,0,0,0,0
3137602,41,236,11,288
3137603,15,190,6,211
3137604,38,222,27,287
3137605,27,186,30,243
3137606,29,311,15,355
3137607,25,173,6,204
3137608,49,209,6,264
3137609,35,276,35,346
3137701,0,0,3,3
3137702,6,18,4,28
3137703,0,0,0,0
3137704,24,189,29,242
3137705,51,254,31,336
3137706,35,225,13,273
3137707,27,322,39,388
3137708,62,343,38,443
3137709,38,263,15,316
3137710,41,252,27,320
3137711,23,236,19,278
3137712,36,277,36,349
3137713,45,296,42,383
3137714,60,474,49,583
3137715,49,265,15,329
3137716,30,215,7,252
3137717,44,343,20,407
3137718,22,176,15,213
3137719,58,381,27,466
3137720,57,313,19,389
3137721,51,286,23,360
3137722,20,129,12,161
3137801,27,277,20,324
3137802,14,189,26,229
3137803,46,319,38,403
3137804,29,296,39,364
3137805,25,217,26,268
3137806,57,349,24,430
3137807,38,162,15,215
3137808,37,219,10,266
3137809,35,313,30,378
3137810,29,151,15,195
3137811,24,211,29,264
3137812,43,285,35,363
3137813,44,350,39,433
3137814,52,238,30,320
3137815,30,320,43,393
3137816,57,212,44,313
3137817,42,293,36,371
3137818,22,136,40,198
3137819,52,332,45,429
3137820,45,292,27,364
3137821,35,321,44,400
3137822,35,337,59,431
3137823,27,218,31,276
3137824,25,242,26,293
3137825,24,179,22,225
3137826,65,357,50,472
3137827,29,183,17,229
3137828,33,318,47,398
3137901,38,234,21,293
3137902,42,284,18,344
3137903,21,196,18,235
3137904,22,257,21,300
3137905,26,286,30,342
3137906,34,203,26,263
3137907,41,242,46,329
3137908,23,174,27,224
3137909,25,240,30,295
3137910,75,463,116,654
3137911,32,266,78,376
3137912,32,253,61,346
3137913,46,353,49,448
3137914,43,381,52,476
3137915,38,286,27,351
3137916,44,281,27,352
3137917,23,195,40,258
3137918,43,351,47,441
3137919,0,0,6,6
3137920,72,346,30,448
3137921,26,125,13,164
3137922,20,116,43,179
3137923,48,247,15,310
3137924,26,248,59,333
3138001,35,237,18,290
3138002,34,263,22,319
3138003,62,530,41,633
3138004,62,460,50,572
3138005,86,522,68,676
3138006,37,247,18,302
3138007,30,217,33,280
3138008,57,334,27,418
3138009,30,229,15,274
3138010,42,253,18,313
3138011,26,213,10,249
3138012,44,222,9,275
3138013,58,282,40,380
3138014,69,452,41,562
3138015,26,202,9,237
3138016,30,264,18,312
3138017,53,270,24,347
3138018,46,252,22,320
3138019,41,288,15,344
3138020,13,173,14,200
3138021,56,289,20,365
3138022,24,122,12,158
3138023,40,323,33,396
3138024,21,183,31,235
3138025,39,155,9,203
3138026,57,483,62,602
3138027,39,308,24,371
3138028,27,189,12,228
3138029,36,252,36,324
3138030,33,207,35,275
3138031,37,275,43,355
3138032,37,295,25,357
3138033,30,418,31,479
3138034,19,176,42,237
3138035,47,370,24,441
3138036,29,177,19,225
3138037,0,3,0,3
3138038,43,309,35,387
3138039,0,0,0,0
3138040,0,0,0,0
3138041,15,60,3,78
3138042,25,153,16,194
3138101,18,200,30,248
3138102,25,152,14,191
3138103,15,306,28,349
3138104,53,327,35,415
3138105,24,197,18,239
3138106,41,218,30,289
3138107,34,254,21,309
3138108,46,278,26,350
3138109,30,316,33,379
3138110,31,229,6,266
3138111,38,190,19,247
3138112,12,157,16,185
3138113,35,243,9,287
3138114,36,305,17,358
3138115,42,213,0,255
3138116,18,193,18,229
3138117,40,272,25,337
3138118,52,267,19,338
3138119,26,169,8,203
3138120,49,251,27,327
3138121,53,432,38,523
3138122,63,374,28,465
3138123,36,237,21,294
3138124,37,291,18,346
3138125,35,302,35,372
3138126,26,172,10,208
3138127,36,272,12,320
3138128,49,253,24,326
3138129,35,272,32,339
3138130,52,357,26,435
3138201,46,389,7,442
3138202,13,177,6,196
3138203,30,236,8,274
3138204,25,176,0,201
3138205,42,364,12,418
3138206,40,296,11,347
3138207,49,346,9,404
3138208,26,194,9,229
3138209,37,433,13,483
3138210,21,179,3,203
3138211,24,166,9,199
3138212,15,221,18,254
3138213,48,387,35,470
3138214,29,253,21,303
3138215,40,292,31,363
3138216,16,206,16,238
3138217,31,250,4,285
3138218,35,398,21,454
3138219,36,268,116,420
3138220,43,308,13,364
3138221,19,161,3,183
3138222,36,251,3,290
3138223,22,218,4,244
3138224,0,0,0,0
3138225,47,490,28,565
3138226,26,204,9,239
3138227,38,250,19,307
3138228,46,277,16,339
3138229,16,247,15,278
3138230,30,236,6,272
3138231,31,265,7,303
3138232,42,180,4,226
3138233,41,331,14,386
3138234,39,355,17,411
3138235,24,264,18,306
3138236,29,225,0,254
3138237,45,249,6,300
3138238,19,195,9,223
3138239,35,261,3,299
3138240,20,263,18,301
3138241,10,151,17,178
3138301,42,327,14,383
3138302,33,211,20,264
3138303,24,221,8,253
3138304,35,215,9,259
3138305,24,137,10,171
3138306,30,158,15,203
3138307,24,181,6,211
3138308,61,500,44,605
3138309,43,280,13,336
3138310,27,141,9,177
3138311,37,350,12,399
3138312,44,325,18,387
3138313,56,551,25,632
3138314,39,578,39,656
3138315,19,180,3,202
3138316,21,326,6,353
3138317,18,206,7,231
3138318,22,239,7,268
3138319,48,456,11,515
3138320,40,295,7,342
3138321,34,324,24,382
3138322,38,362,22,422
3138323,46,314,15,375
3138324,21,229,6,256
3138325,26,244,4,274
3138326,48,319,15,382
3138327,26,207,12,245
3138328,43,403,12,458
3138329,33,290,17,340
3138330,34,341,16,391
3138331,28,161,3,192
3138332,35,396,8,439
3138333,24,358,7,389
3138401,41,333,10,384
3138402,22,169,16,207
3138403,30,216,12,258
3138404,16,149,9,174
3138405,27,176,19,222
3138406,20,176,3,199
3138407,34,187,22,243
3138408,24,223,12,259
3138409,25,192,15,232
3138410,47,278,31,356
3138411,17,168,13,198
3138412,39,228,20,287
3138413,33,256,14,303
3138414,49,233,17,299
3138415,36,253,14,303
3138416,19,147,9,175
3138417,31,223,18,272
3138418,42,320,24,386
3138419,45,344,17,406
3138420,26,339,21,386
3138421,48,315,0,363
3138501,32,320,30,382
3138502,39,343,17,399
3138503,22,224,5,251
3138504,28,253,6,287
3138505,34,270,9,313
3138506,17,146,12,175
3138507,19,298,31,348
3138508,32,312,18,362
3138509,21,269,15,305
3138510,16,154,9,179
3138511,38,394,24,456
3138512,18,164,3,185
3138513,24,211,16,251
3138514,40,307,12,359
3138515,39,326,18,383
3138516,19,131,6,156
3138517,38,185,37,260
3138518,21,211,12,244
3138519,38,317,3,358
3138520,13,169,0,182
3138601,30,228,9,267
3138602,44,376,12,432
3138603,54,303,6,363
3138604,26,173,7,206
3138605,56,323,17,396
3138606,17,140,3,160
3138607,48,350,10,408
3138608,26,304,4,334
3138609,39,363,27,429
3138610,40,320,31,391
3138611,35,137,0,172
3138612,71,386,19,476
3138613,31,212,13,256
3138614,28,259,7,294
3138615,24,223,10,257
3138616,46,245,3,294
3138617,44,211,12,267
3138618,48,376,22,446
3138619,15,150,6,171
3138620,68,408,22,498
3138621,15,157,12,184
3138622,37,288,15,340
3138623,12,142,12,166
3138624,21,158,11,190
3138625,50,393,12,455
3138626,26,160,6,192
3138627,0,0,0,0
3138628,17,214,9,240
3138629,22,211,9,242
3138630,23,166,8,197
3138631,22,199,11,232
3138632,49,401,23,473
3138633,26,255,25,306
3138634,35,292,26,353
3138635,24,226,17,267
3138636,25,352,15,392
3138637,20,152,9,181
3138638,29,231,6,266
3138639,43,274,9,326
3138640,46,246,12,304
3138641,20,138,3,161
3138642,34,244,6,284
3138643,36,250,8,294
3138644,49,364,3,416
3138645,58,293,20,371
3138646,33,257,15,305
3138647,69,379,34,482
3138648,53,328,13,394
3138649,25,300,4,329
3138650,33,225,10,268
3138651,18,132,10,160
3138652,26,214,17,257
3138653,17,199,12,228
3138654,43,311,4,358
3138655,22,248,4,274
3138656,42,231,20,293
3138657,38,210,6,254
3138658,25,184,9,218
3138659,27,204,3,234
3138660,19,184,50,253
3138661,0,3,0,3
3138701,59,284,10,353
3138702,44,255,11,310
3138703,16,224,15,255
3138704,44,277,12,333
3138705,30,188,14,232
3138706,35,284,20,339
3138707,21,160,0,181
3138708,28,300,24,352
3138709,26,156,0,182
3138710,30,195,4,229
3138711,27,192,15,234
3138712,35,384,12,431
3138713,40,318,20,378
3138714,50,294,12,356
3138715,55,356,21,432
3138716,42,185,4,231
3138717,31,183,21,235
3138718,58,385,39,482
3138719,33,321,19,373
3138720,42,283,17,342
3138721,37,283,19,339
3138722,39,174,17,230
3138723,49,286,20,355
3138724,53,259,8,320
3138725,36,241,22,299
3138726,36,203,23,262
3138727,30,206,0,236
3138728,16,76,6,98
3138801,17,221,54,292
3138802,9,183,9,201
3138803,52,312,26,390
3138804,17,170,12,199
3138805,23,289,26,338
3138806,24,285,22,331
3138807,32,266,21,319
3138808,34,311,44,389
3138809,49,345,27,421
3138810,54,329,9,392
3138811,24,187,7,218
3138812,27,148,18,193
3138813,31,202,24,257
3138814,32,288,16,336
3138815,3,11,3,17
3138816,45,285,30,360
3138817,56,444,50,550
3138818,19,192,21,232
3138819,38,305,24,367
3138820,24,247,24,295
3138821,27,363,28,418
3138822,12,136,6,154
3138823,25,153,10,188
3138824,51,412,28,491
3138825,64,514,43,621
3138826,46,417,44,507
3138827,41,313,7,361
3138828,30,220,3,253
3138829,56,472,41,569
3138830,45,311,22,378
3138831,45,313,37,395
3138832,49,349,42,440
3138833,35,232,39,306
3138834,35,188,11,234
3138835,32,296,22,350
3138836,31,282,27,340
3138837,18,144,6,168
3138838,32,251,24,307
3138839,48,361,49,458
3138840,37,216,12,265
3138841,47,479,31,557
3138842,17,200,12,229
3138843,22,191,12,225
3138844,41,413,33,487
3138845,40,468,34,542
3138846,26,197,12,235
3138847,13,155,15,183
3138848,27,158,6,191
3138901,55,443,20,518
3138902,38,234,21,293
3138903,43,332,25,400
3138904,35,307,18,360
3138905,14,124,9,147
3138906,42,314,14,370
3138907,25,281,31,337
3138908,49,317,4,370
3138909,24,297,18,339
3138910,64,507,26,597
3138911,35,271,18,324
3138912,28,279,7,314
3138913,44,363,25,432
3138914,26,383,12,421
3138915,87,754,88,929
3138916,38,278,20,336
3138917,23,196,17,236
3138918,36,213,18,267
3138919,17,196,18,231
3138920,54,317,23,394
3138921,68,911,42,1021
3138922,32,332,23,387
3139001,56,674,32,762
3139002,0,0,0,0
3139003,22,220,12,254
3139004,30,246,15,291
3139005,20,185,21,226
3139006,89,1097,62,1248
3139007,33,366,15,414
3139008,96,1277,67,1440
3139009,0,0,0,0
3139010,9,128,4,141
3139011,30,354,21,405
3139012,51,396,35,482
3139013,37,244,28,309
3139014,41,598,23,662
3139015,78,851,32,961
3139016,44,385,14,443
3139017,54,305,132,491
3139018,25,171,18,214
3139019,29,215,7,251
3139020,16,138,3,157
3139021,25,214,15,254
3139022,28,261,14,303
3139023,36,313,18,367
3139024,27,217,16,260
3139025,23,179,3,205
3139026,39,565,19,623
3139027,15,142,12,169
3139028,32,413,17,462
3139029,35,275,15,325
3139030,26,328,15,369
3139031,30,243,25,298
3139032,39,243,21,303
3139033,15,161,10,186
3139034,22,288,12,322
3139035,22,231,9,262
3139101,26,202,18,246
3139102,23,174,3,200
3139103,15,134,9,158
3139104,46,301,14,361
3139105,53,409,25,487
3139106,20,217,6,243
3139107,28,233,21,282
3139108,32,204,24,260
3139109,49,342,27,418
3139110,41,206,15,262
3139111,31,278,104,413
3139112,36,244,21,301
3139113,64,502,28,594
3139114,38,275,21,334
3139115,21,126,6,153
3139116,42,405,26,473
3139117,37,253,33,323
3139118,41,322,13,376
3139119,27,176,8,211
3139120,29,225,18,272
3139121,34,355,22,411
3139122,30,315,18,363
3139123,33,113,26,172
3139124,58,365,20,443
3139201,34,242,44,320
3139202,44,344,28,416
3139203,27,231,10,268
3139204,30,229,10,269
3139205,23,277,85,385
3139206,50,379,12,441
3139207,48,342,42,432
3139208,41,313,12,366
3139209,30,168,19,217
3139210,30,128,18,176
3139211,47,281,12,340
3139212,22,214,9,245
3139213,31,240,33,304
3139214,40,328,46,414
3139301,22,149,0,171
3139302,44,254,4,302
3139303,13,164,8,185
3139304,37,208,5,250
3139305,15,182,10,207
3139306,34,268,20,322
3139307,32,262,14,308
3139308,38,251,16,305
3139309,25,223,29,277
3139310,22,190,15,227
3139311,27,280,9,316
3139312,18,233,9,260
3139313,21,158,12,191
3139314,21,243,17,281
3139315,18,156,19,193
3139316,42,287,15,344
3139317,31,242,20,293
3139318,46,301,13,360
3139319,16,118,21,155
3139320,29,399,21,449
3139321,0,0,0,0
3139322,27,278,13,318
3139323,33,230,9,272
3139324,28,267,13,308
3139325,36,211,15,262
3139401,28,180,13,221
3139402,31,200,16,247
3139403,49,274,23,346
3139404,82,390,30,502
3139405,3,14,0,17
3139406,16,179,5,200
3139407,14,169,12,195
3139408,37,453,27,517
3139409,59,436,39,534
3139410,26,232,9,267
3139411,41,229,24,294
3139412,51,328,23,402
3139413,45,373,26,444
3139414,28,256,16,300
3139415,25,207,0,232
3139416,25,251,19,295
3139417,16,135,3,154
3139418,30,162,17,209
3139419,16,237,25,278
3139420,0,3,0,3
3139421,3,11,4,18
3139422,42,278,38,358
3139423,51,284,26,361
3139424,27,266,18,311
3139425,58,399,22,479
3139426,28,186,17,231
3139427,41,298,35,374
3139428,39,319,23,381
3139429,35,246,34,315
3139430,60,385,23,468
3139501,174,614,111,899
3139502,0,6,3,9
3139601,63,577,34,674
3139602,12,115,40,167
3139603,10,43,8,61
3139604,27,265,42,334
3139605,27,182,3,212
3139606,7,69,12,88
3139607,27,255,36,318
3139608,0,9,6,15
3139609,3,161,36,200
3139610,39,159,4,202
3139611,0,28,13,41
3139612,0,11,450,461
3139613,97,462,6,565
3139614,24,297,20,341
3139615,0,29,9,38
3139616,22,165,37,224
3139617,17,211,27,255
3139618,24,205,22,251
3139619,38,277,64,379
3139620,33,303,34,370
3139621,15,108,15,138
3139622,0,12,0,12
3139623,9,102,4,115
3139701,10,162,15,187
3139702,23,227,40,290
3139703,18,201,34,253
3139704,12,176,45,233
3139801,0,0,0,0
3139802,94,623,22,739
3139803,0,0,0,0
3139804,89,397,9,495
3139901,0,4,0,4
3139902,0,0,0,0
3139903,69,572,33,674
3139904,52,131,6,189
3139905,15,125,18,158
3139906,12,149,21,182
3139907,9,240,24,273
3139908,0,0,0,0
3139909,0,3,0,3
3139910,0,15,0,15
3140001,12,92,562,666
3140002,9,120,18,147
3140003,31,233,28,292
3140004,39,236,30,305
3140005,43,185,23,251
3140006,40,189,24,253
3140007,18,220,49,287
3140008,28,195,59,282
3140009,37,260,21,318
3140010,25,179,20,224
3140011,19,162,48,229
3140012,21,168,29,218
3140013,39,339,28,406
3140014,42,330,43,415
3140015,31,170,21,222
3140101,0,0,0,0
3140102,0,0,0,0
3140103,0,0,0,0
3140104,0,0,0,0
3140105,31,168,56,255
3140106,6,136,26,168
3140107,28,264,66,358
3140108,6,15,6,27
3140109,51,277,83,411
3140110,15,34,0,49
3140111,3,13,0,16
3140112,0,0,0,0
3140113,0,0,0,0
3140114,49,300,66,415
3140115,33,253,85,371
3140116,8,184,30,222
3140201,20,154,25,199
3140202,36,126,0,162
3140203,21,78,3,102
3140204,42,194,13,249
3140205,8,217,16,241
3140206,10,113,12,135
3140207,0,68,20,88
3140208,11,129,6,146
3140209,3,29,3,35
3140210,32,210,41,283
3140211,65,399,11,475
3140212,30,114,6,150
3140213,30,65,4,99
3140214,26,154,3,183
3140215,84,69,9,162
3140301,0,10,11,21
3140302,32,509,62,603
3140303,28,284,50,362
3140304,33,344,71,448
3140305,29,306,93,428
3140306,12,308,46,366
3140307,0,0,0,0
3140308,12,186,25,223
3140401,3,12,0,15
3140402,93,603,28,724
3140403,40,402,55,497
3140404,20,157,71,248
3140405,10,152,36,198
3140406,12,136,45,193
3140407,48,727,9,784
3140408,7,181,26,214
3140409,25,230,64,319
3140410,12,112,32,156
3140411,10,164,87,261
3140412,0,0,0,0
3140501,32,348,38,418
3140502,9,158,44,211
3140503,19,251,92,362
3140504,10,145,17,172
3140505,12,202,53,267
3140506,40,280,66,386
3140507,14,259,53,326
3140508,10,173,44,227
3140509,18,269,43,330
3140510,46,360,103,509
3140511,22,248,67,337
3140512,18,213,39,270
3140513,12,268,37,317
3140514,18,212,30,260
3140515,15,130,28,173
3140516,21,300,13,334
3140517,27,223,16,266
3140518,7,159,12,178
3140519,21,338,67,426
3140520,21,219,61,301
3140521,19,297,54,370
3140522,30,251,67,348
3140523,35,342,58,435
3140524,29,283,51,363
3140525,21,384,50,455
3140526,18,191,78,287
3140527,31,315,26,372
3140528,30,326,69,425
3140529,26,291,85,402
3140530,0,54,4,58
3140531,19,346,77,442
3140532,12,185,64,261
3140533,0,0,0,0
3140534,35,278,51,364
3140535,25,245,88,358
3140536,18,251,47,316
3140537,15,159,40,214
3140538,13,196,34,243
3140539,10,215,49,274
3140540,19,224,66,309
3140541,26,273,58,357
3140542,16,286,53,355
3140543,29,178,48,255
3140544,21,209,49,279
3140545,25,192,43,260
3140546,24,302,79,405
3140547,24,219,156,399
3140548,25,278,43,346
3140549,15,206,26,247
3140550,18,98,27,143
3140551,6,138,16,160
3140601,24,256,45,325
3140602,8,183,17,208
3140603,26,223,61,310
3140604,15,190,30,235
3140605,16,81,26,123
3140606,23,275,111,409
3140607,23,311,105,439
3140608,24,135,25,184
3140609,25,185,47,257
3140610,24,194,37,255
3140611,27,271,52,350
3140701,0,3,0,3
3140702,16,107,18,141
3140703,28,151,10,189
3140704,10,208,48,266
3140705,39,223,36,298
3140706,18,138,36,192
3140707,29,162,28,219
3140708,18,229,37,284
3140709,19,239,27,285
3140710,21,192,24,237
3140711,19,197,21,237
3140712,27,275,81,383
3140713,21,202,6,229
3140801,26,245,19,290
3140802,15,227,29,271
3140803,38,256,34,328
3140804,25,200,18,243
3140805,29,188,21,238
3140806,21,142,20,183
3140807,29,218,25,272
3140808,24,214,19,257
3140809,19,199,18,236
3140810,21,218,15,254
3140811,23,156,15,194
3140812,36,310,40,386
3140813,39,327,29,395
3140814,7,162,25,194
3140815,35,255,8,298
3140816,19,181,36,236
3140901,33,259,39,331
3140902,26,260,39,325
3140903,16,90,7,113
3140904,20,119,3,142
3140905,24,294,38,356
3140906,24,235,51,310
3140907,39,291,21,351
3140908,19,192,36,247
3140909,9,120,20,149
3140910,26,328,53,407
3140911,13,230,28,271
3140912,19,228,25,272
3140913,11,176,12,199
3140914,9,96,16,121
3141001,41,249,35,325
3141002,16,143,15,174
3141003,14,144,10,168
3141004,9,174,18,201
3141005,23,216,23,262
3141006,13,269,30,312
3141007,15,256,19,290
3141008,5,213,15,233
3141101,30,219,14,263
3141102,15,166,11,192
3141103,0,0,0,0
3141104,34,261,24,319
3141105,9,181,25,215
3141106,26,175,32,233
3141107,25,224,32,281
3141108,12,121,23,156
3141109,9,139,20,168
3141110,15,126,10,151
3141111,17,166,12,195
3141112,29,291,34,354
3141201,7,125,24,156
3141202,25,203,21,249
3141203,16,156,14,186
3141204,13,177,4,194
3141205,37,301,27,365
3141206,23,247,21,291
3141207,26,186,30,242
3141208,10,136,9,155
3141209,20,145,16,181
3141210,19,209,23,251
3141211,21,186,11,218
3141212,9,193,11,213
3141213,24,212,27,263
3141214,9,168,13,190
3141215,0,0,0,0
3141301,32,189,15,236
3141302,48,316,10,374
3141303,44,433,77,554
3141304,28,246,12,286
3141305,54,256,9,319
3141306,43,342,24,409
3141307,45,269,21,335
3141308,17,190,12,219
3141309,54,351,27,432
3141310,32,212,28,272
3141311,46,319,27,392
3141312,38,412,30,480
3141313,43,315,29,387
3141314,48,312,19,379
3141315,26,143,16,185
3141316,34,283,19,336
3141317,24,206,15,245
3141318,39,480,25,544
3141319,52,341,19,412
3141320,25,310,26,361
3141321,57,351,18,426
3141322,40,272,27,339
3141323,34,262,21,317
3141324,28,367,34,429
3141325,33,208,27,268
3141326,52,334,40,426
3141327,78,416,43,537
3141328,34,209,32,275
3141329,40,252,21,313
3141330,24,185,11,220
3141331,53,345,25,423
3141332,39,312,15,366
3141333,46,425,19,490
3141334,53,370,34,457
3141335,20,180,3,203
3141336,0,19,0,19
3141401,43,244,13,300
3141402,33,239,6,278
3141403,29,285,7,321
3141404,36,297,23,356
3141405,50,395,25,470
3141406,12,211,0,223
3141407,50,304,32,386
3141408,31,194,12,237
3141409,30,256,6,292
3141410,28,244,16,288
3141411,38,451,28,517
3141412,45,313,20,378
3141413,13,153,15,181
3141414,22,261,21,304
3141415,33,295,12,340
3141416,49,331,24,404
3141417,0,0,0,0
3141418,34,173,46,253
3141419,23,194,6,223
3141420,55,423,31,509
3141421,36,219,28,283
3141422,52,408,15,475
3141423,24,190,6,220
3141424,45,326,13,384
3141425,13,138,9,160
3141426,15,134,6,155
3141427,38,273,9,320
3141428,24,232,13,269
3141429,36,351,18,405
3141430,0,0,0,0
3141431,22,142,9,173
3141432,31,213,16,260
3141433,58,531,19,608
3141434,57,540,20,617
3141435,38,245,20,303
3141436,51,304,23,378
3141501,40,343,20,403
3141502,21,254,17,292
3141503,41,390,15,446
3141504,30,310,24,364
3141505,34,354,21,409
3141506,47,480,43,570
3141507,21,266,42,329
3141508,44,369,21,434
3141509,44,342,27,413
3141510,25,186,18,229
3141511,11,172,3,186
3141512,21,250,6,277
3141513,46,253,16,315
3141514,56,719,47,822
3141515,0,0,0,0
3141601,0,0,0,0
3141602,151,931,173,1255
3141603,30,333,16,379
3141604,42,314,12,368
3141605,18,166,9,193
3141606,56,385,19,460
3141607,22,353,45,420
3141608,32,229,18,279
3141609,25,375,17,417
3141610,34,336,19,389
3141611,42,330,13,385
3141612,30,249,12,291
3141613,49,336,9,394
3141614,27,288,21,336
3141615,25,195,12,232
3141616,28,266,12,306
3141617,22,273,7,302
3141618,42,611,53,706
3141619,3,12,0,15
3141701,45,365,50,460
3141702,25,199,9,233
3141703,20,135,15,170
3141704,54,226,34,314
3141705,27,151,11,189
3141706,50,359,24,433
3141707,43,318,27,388
3141708,21,219,12,252
3141709,31,205,12,248
3141710,54,356,23,433
3141711,43,269,7,319
3141712,66,377,12,455
3141713,33,190,6,229
3141714,30,259,13,302
3141715,50,313,6,369
3141716,49,287,57,393
3141717,14,154,21,189
3141718,0,0,0,0
3141719,39,183,27,249
3141720,39,297,24,360
3141721,61,375,31,467
3141722,46,354,14,414
3141723,12,172,12,196
3141724,35,279,26,340
3141725,47,261,24,332
3141801,45,323,36,404
3141802,42,284,27,353
3141803,37,231,18,286
3141804,30,158,6,194
3141805,32,249,9,290
3141806,29,165,25,219
3141807,28,353,12,393
3141808,31,318,6,355
3141809,15,196,21,232
3141810,50,356,21,427
3141811,21,168,23,212
3141812,45,348,13,406
3141813,36,252,21,309
3141814,49,328,22,399
3141815,30,270,12,312
3141816,28,296,18,342
3141901,32,230,28,290
3141902,50,233,88,371
3141903,39,315,38,392
3141904,48,329,67,444
3141905,43,314,22,379
3141906,32,292,22,346
3141907,43,425,78,546
3141908,33,266,28,327
3141909,47,280,37,364
3141910,26,121,28,175
3141911,28,214,23,265
3141912,30,207,35,272
3141913,45,302,236,583
3141914,33,231,30,294
3141915,0,0,0,0
3141916,40,281,31,352
3142001,58,407,22,487
3142002,43,295,98,436
3142003,31,203,13,247
3142004,50,371,44,465
3142005,29,288,12,329
3142006,49,453,23,525
3142007,31,375,14,420
3142008,0,3,0,3
3142009,29,189,29,247
3142010,26,157,21,204
3142011,31,172,10,213
3142012,45,189,24,258
3142013,39,284,40,363
3142014,62,564,18,644
3142015,44,350,18,412
3142016,44,317,18,379
3142017,32,411,21,464
3142018,16,223,42,281
3142019,46,287,35,368
3142020,63,415,41,519
3142021,33,337,34,404
3142022,18,221,17,256
3142023,78,790,37,905
3142024,54,306,12,372
3142025,32,157,21,210
3142026,48,429,34,511
3142027,23,246,16,285
3142028,44,325,34,403
3142029,36,267,16,319
3142030,34,222,30,286
3142031,20,231,9,260
3142101,41,293,23,357
3142102,43,223,21,287
3142103,53,334,35,422
3142104,31,177,18,226
3142105,38,404,10,452
3142106,32,228,7,267
3142107,38,239,26,303
3142108,39,246,22,307
3142109,58,453,29,540
3142110,43,220,9,272
3142111,33,212,9,254
3142112,21,217,46,284
3142113,41,305,31,377
3142114,0,0,0,0
3142115,39,268,30,337
3142116,45,326,35,406
3142117,35,219,12,266
3142118,44,294,37,375
3142119,38,314,19,371
3142120,39,253,13,305
3142121,49,318,21,388
3142122,9,30,0,39
3142123,67,461,32,560
3142124,24,253,21,298
3142125,27,271,8,306
3142126,56,465,29,550
3142201,28,189,24,241
3142202,38,233,16,287
3142203,19,126,29,174
3142204,25,192,27,244
3142205,37,270,8,315
3142206,30,169,12,211
3142207,59,279,27,365
3142208,52,350,43,445
3142209,48,327,43,418
3142210,47,260,30,337
3142211,35,241,13,289
3142212,34,251,35,320
3142213,38,329,24,391
3142214,46,271,34,351
3142215,22,168,25,215
3142216,30,280,17,327
3142217,50,339,26,415
3142218,31,261,41,333
3142219,62,306,45,413
3142220,31,263,36,330
3142301,0,0,0,0
3142302,23,224,15,262
3142303,20,168,6,194
3142304,23,258,15,296
3142305,18,206,3,227
3142306,35,234,9,278
3142307,38,304,37,379
3142308,25,269,26,320
3142309,33,243,23,299
3142310,55,497,45,597
3142311,46,357,31,434
3142312,55,581,44,680
3142313,18,134,11,163
3142314,44,258,13,315
3142315,25,156,12,193
3142316,34,196,7,237
3142317,33,205,18,256
3142318,33,204,8,245
3142319,26,303,24,353
3142320,39,341,33,413
3142321,65,461,70,596
3142322,0,0,0,0
3142323,42,457,36,535
3142324,3,12,0,15
3142325,21,212,20,253
3142401,68,349,23,440
3142402,44,227,24,295
3142403,54,319,30,403
3142404,30,258,17,305
3142405,63,349,48,460
3142406,49,317,28,394
3142407,43,321,31,395
3142408,59,391,35,485
3142409,67,398,16,481
3142410,53,374,38,465
3142411,44,288,6,338
3142412,30,203,20,253
3142413,0,0,0,0
3142501,35,167,10,212
3142502,36,300,28,364
3142503,41,364,46,451
3142504,21,110,21,152
3142505,27,226,25,278
3142506,36,231,20,287
3142507,42,301,33,376
3142508,23,257,49,329
3142509,37,256,5,298
3142510,26,409,21,456
3142511,24,180,20,224
3142512,38,320,28,386
3142513,41,328,14,383
3142514,18,228,24,270
3142515,27,247,21,295
3142516,47,461,35,543
3142517,32,302,23,357
3142518,35,346,17,398
3142519,30,263,21,314
3142520,36,231,16,283
3142521,38,236,20,294
3142522,12,207,12,231
3142523,28,238,27,293
3142524,42,320,15,377
3142525,20,207,35,262
3142526,30,259,24,313
3142527,55,485,39,579
3142528,22,251,30,303
3142529,0,0,0,0
3142530,17,145,23,185
3142531,73,500,29,602
3142532,45,220,26,291
3142533,0,44,0,44
3142601,56,361,19,436
3142602,31,266,9,306
3142603,41,306,26,373
3142604,49,310,31,390
3142605,34,336,21,391
3142606,24,196,12,232
3142607,0,67,3,70
3142608,28,189,15,232
3142609,0,0,0,0
3142610,25,197,38,260
3142611,22,253,34,309
3142612,24,230,31,285
3142613,29,186,19,234
3142614,24,230,16,270
3142615,47,351,37,435
3142616,41,309,42,392
3142617,27,284,50,361
3142618,28,215,7,250
3142619,44,369,20,433
3142620,41,269,17,327
3142621,38,347,21,406
3142622,86,574,16,676
3142623,26,251,21,298
3142624,27,240,13,280
3142625,23,158,9,190
3142626,42,278,22,342
3142701,32,230,25,287
3142702,39,430,30,499
3142703,25,243,36,304
3142704,34,367,39,440
3142705,15,236,37,288
3142706,18,231,26,275
3142707,36,312,40,388
3142708,39,285,32,356
3142709,35,328,32,395
3142710,49,343,35,427
3142711,34,325,35,394
3142712,43,381,49,473
3142713,34,229,28,291
3142714,41,314,28,383
3142715,35,279,12,326
3142716,27,257,43,327
3142717,32,342,25,399
3142718,40,319,46,405
3142719,30,219,25,274
3142720,27,355,39,421
3142721,26,158,9,193
3142722,43,347,26,416
3142723,33,210,19,262
3142724,0,0,0,0
3142725,41,260,25,326
3142726,30,243,49,322
3142727,35,240,27,302
3142728,40,233,23,296
3142729,43,327,71,441
3142730,32,271,27,330
3142731,22,184,15,221
3142732,34,253,28,315
3142733,54,359,16,429
3142734,18,140,15,173
3142735,57,441,69,567
3142736,42,330,20,392
3142737,37,236,48,321
3142738,44,259,25,328
3142739,42,301,35,378
3142740,37,277,77,391
3142741,67,658,48,773
3142801,18,215,33,266
3142802,21,190,42,253
3142803,39,413,56,508
3142804,27,232,10,269
3142805,31,437,51,519
3142806,31,222,30,283
3142807,24,158,21,203
3142808,34,330,74,438
3142809,31,272,35,338
3142810,29,207,7,243
3142811,28,287,37,352
3142812,38,266,32,336
3142813,38,213,21,272
3142814,39,412,50,501
3142815,32,264,27,323
3142816,32,199,24,255
3142817,12,196,30,238
3142818,30,313,57,400
3142819,45,373,39,457
3142820,32,355,42,429
3142821,35,419,48,502
3142822,27,291,5,323
3142823,26,265,31,322
3142824,21,286,22,329
3142825,46,318,29,393
3142826,30,301,32,363
3142827,18,196,21,235
3142828,30,296,26,352
3142901,23,160,15,198
3142902,16,169,6,191
3142903,21,107,15,143
3142904,27,103,0,130
3142905,37,268,26,331
3142906,43,212,10,265
3142907,66,604,44,714
3142908,42,256,49,347
3142909,37,321,15,373
3142910,28,240,18,286
3142911,29,218,9,256
3142912,29,209,9,247
3142913,31,255,21,307
3142914,9,177,9,195
3142915,24,244,24,292
3142916,67,405,77,549
3142917,75,326,16,417
3142918,0,0,0,0
3142919,0,0,0,0
3143001,50,298,18,366
3143002,16,157,6,179
3143003,31,187,10,228
3143004,21,157,15,193
3143005,29,229,6,264
3143006,12,191,9,212
3143007,53,253,37,343
3143008,47,324,13,384
3143009,25,168,12,205
3143010,18,160,12,190
3143011,21,134,4,159
3143101,31,231,29,291
3143102,28,204,18,250
3143103,37,295,20,352
3143104,28,155,6,189
3143105,23,167,9,199
3143106,36,251,12,299
3143107,66,442,46,554
3143108,43,333,25,401
3143109,18,124,10,152
3143110,47,277,11,335
3143111,79,419,30,528
3143112,45,223,28,296
3143113,47,415,32,494
3143114,38,194,21,253
3143115,9,150,9,168
3143116,27,267,31,325
3143117,29,185,29,243
3143118,43,203,13,259
3143119,62,390,43,495
3143120,60,494,50,604
3143121,23,173,30,226
3143122,50,360,16,426
3143123,14,120,13,147
3143201,65,281,33,379
3143202,28,319,21,368
3143203,45,328,24,397
3143204,51,314,15,380
3143205,36,195,15,246
3143206,41,196,12,249
3143207,35,226,11,272
3143208,63,359,18,440
3143209,28,160,34,222
3143210,32,221,9,262
3143211,28,198,17,243
3143212,43,249,41,333
3143213,56,268,3,327
3143214,35,269,22,326
3143215,20,162,19,201
3143216,29,193,20,242
3143217,29,137,23,189
3143218,23,224,18,265
3143219,27,127,13,167
3143220,49,321,20,390
3143221,56,387,13,456
3143222,52,439,36,527
3143223,29,208,14,251
3143224,30,201,25,256
3143225,44,381,45,470
3143226,51,293,28,372
3143227,26,125,3,154
3143228,28,223,20,271
3143229,26,240,21,287
3143230,55,452,52,559
3143231,59,340,42,441
3143232,44,315,22,381
3143233,58,302,57,417
3143234,27,199,22,248
3143235,41,218,18,277
3143236,39,197,6,242
3143237,31,223,25,279
3143238,70,553,72,695
3143239,70,266,18,354
3143240,69,353,26,448
3143241,54,342,22,418
3143242,48,223,37,308
3143243,39,331,25,395
3143301,15,141,15,171
3143302,18,225,16,259
3143303,35,263,11,309
3143304,35,304,28,367
3143305,51,277,53,381
3143306,33,233,15,281
3143307,15,144,14,173
3143308,32,182,14,228
3143309,17,158,24,199
3143310,31,202,19,252
3143311,40,188,0,228
3143312,30,165,20,215
3143313,40,242,18,300
3143314,16,221,29,266
3143315,33,189,18,240
3143316,30,264,27,321
3143317,31,182,16,229
3143318,33,217,15,265
3143319,19,209,19,247
3143320,18,84,12,114
3143321,48,301,35,384
3143322,38,262,39,339
3143323,50,318,43,411
3143324,23,206,12,241
3143325,58,304,52,414
3143326,48,241,14,303
3143327,43,159,18,220
3143328,49,269,32,350
3143329,24,165,15,204
3143330,16,168,14,198
3143331,37,221,13,271
3143332,34,214,11,259
3143333,52,343,21,416
3143334,25,162,8,195
3143335,31,231,9,271
3143336,35,207,12,254
3143337,25,164,6,195
3143338,50,275,30,355
3143339,33,199,19,251
3143340,38,282,27,347
3143341,45,285,29,359
3143342,55,207,19,281
3143343,12,117,12,141
3143344,36,121,16,173
3143345,21,240,26,287
3143346,39,303,21,363
3143347,39,246,37,322
3143348,15,122,6,143
3143349,37,280,32,349
3143350,44,266,28,338
3143351,31,195,17,243
3143352,17,215,20,252
3143353,31,188,15,234
3143354,27,214,15,256
3143355,28,177,15,220
3143356,21,191,9,221
3143357,37,288,25,350
3143358,68,367,23,458
3143359,30,276,16,322
3143401,0,114,9,123
3143402,29,277,27,333
3143403,42,279,25,346
3143404,25,151,20,196
3143405,15,174,7,196
3143406,22,301,24,347
3143407,35,199,3,237
3143408,0,0,0,0
3143409,0,0,0,0
3143410,30,260,19,309
3143411,37,347,57,441
3143412,30,266,12,308
3143413,23,316,46,385
3143414,37,206,23,266
3143501,0,0,0,0
3143502,23,269,28,320
3143503,28,214,31,273
3143504,34,279,18,331
3143505,20,233,15,268
3143506,10,106,10,126
3143507,29,332,25,386
3143508,32,303,41,376
3143509,47,338,69,454
3143510,12,193,12,217
3143511,0,0,0,0
3143512,41,311,36,388
3143513,36,378,76,490
3143514,54,386,94,534
3143515,50,270,15,335
3143516,34,196,12,242
3143517,38,294,21,353
3143518,27,221,16,264
3143519,44,435,17,496
3143520,3,30,3,36
3143521,12,97,13,122
3143522,0,0,0,0
3143523,0,0,0,0
3143524,52,503,26,581
3143601,89,791,56,936
3143602,24,231,9,264
3143603,53,285,9,347
3143604,52,532,36,620
3143605,34,207,11,252
3143606,38,208,15,261
3143607,41,281,19,341
3143608,22,194,13,229
3143609,47,356,42,445
3143610,27,205,18,250
3143611,15,201,40,256
3143612,31,341,31,403
3143613,0,6,0,6
3143614,38,284,35,357
3143615,36,387,40,463
3143616,40,389,21,450
3143701,21,201,24,246
3143702,24,131,6,161
3143703,15,255,21,291
3143704,44,343,15,402
3143705,20,161,6,187
3143706,25,263,31,319
3143707,27,285,13,325
3143708,43,416,31,490
3143709,34,215,18,267
3143710,40,330,25,395
3143711,0,0,0,0
3143712,12,142,10,164
3143713,0,0,0,0
3143714,37,314,67,418
3143715,0,0,0,0
3143716,49,263,28,340
3143717,14,113,24,151
3143718,22,242,36,300
3143719,30,220,24,274
3143720,28,170,27,225
3143721,9,182,15,206
3143801,24,134,14,172
3143802,34,287,23,344
3143803,22,155,15,192
3143804,37,255,21,313
3143805,46,426,25,497
3143806,35,271,27,333
3143807,31,233,21,285
3143808,22,148,21,191
3143809,33,248,30,311
3143810,36,159,15,210
3143811,46,338,39,423
3143812,54,299,52,405
3143813,45,246,21,312
3143814,45,284,40,369
3143815,24,147,21,192
3143816,41,438,35,514
3143817,42,294,21,357
3143818,33,232,11,276
3143819,27,256,18,301
3143820,50,313,28,391
3143821,46,301,30,377
3143822,18,160,6,184
3143823,32,202,18,252
3143824,18,187,17,222
3143825,0,0,0,0
3143826,0,0,0,0
3143827,32,227,109,368
3143828,21,173,22,216
3143829,29,246,18,293
3143901,38,303,28,369
3143902,50,297,42,389
3143903,32,211,18,261
3143904,20,263,34,317
3143905,21,203,21,245
3143906,54,400,76,530
3143907,41,366,46,453
3143908,47,335,22,404
3143909,85,519,68,672
3143910,28,263,8,299
3143911,102,803,46,951
3143912,31,179,6,216
3143913,41,243,21,305
3143914,22,193,26,241
3144001,30,236,20,286
3144002,24,160,17,201
3144003,35,179,21,235
3144004,78,432,48,558
3144005,23,141,27,191
3144006,65,482,41,588
3144007,17,125,12,154
3144008,55,371,42,468
3144009,36,188,23,247
3144010,28,188,29,245
3144011,32,222,9,263
3144012,33,177,14,224
3144013,16,137,19,172
3144014,28,218,23,269
3144015,55,354,27,436
3144016,36,269,10,315
3144017,53,229,18,300
3144018,31,213,16,260
3144019,55,285,27,367
3144020,29,165,85,279
3144021,60,373,27,460
3144022,21,155,24,200
3144101,33,169,21,223
3144102,64,532,74,670
3144103,7,94,18,119
3144104,29,207,30,266
3144105,41,257,17,315
3144106,56,395,67,518
3144107,17,135,7,159
3144108,0,0,0,0
3144109,33,343,45,421
3144110,32,191,25,248
3144111,20,169,22,211
3144112,12,103,10,125
3144113,40,257,18,315
3144114,18,224,22,264
3144115,69,404,35,508
3144201,19,245,14,278
3144202,13,99,12,124
3144203,26,180,12,218
3144204,41,228,28,297
3144205,15,279,28,322
3144206,14,226,16,256
3144207,28,199,15,242
3144208,33,262,16,311
3144209,25,160,9,194
3144210,31,194,18,243
3144211,3,3,0,6
3144212,25,206,33,264
3144213,43,248,16,307
3144214,20,80,3,103
3144215,50,271,27,348
3144216,58,290,27,375
3144217,25,165,44,234
3144218,33,216,16,265
3144219,17,168,24,209
3144220,27,258,18,303
3144221,19,200,15,234
3144222,24,193,38,255
3144223,38,282,51,371
3144224,20,182,15,217
3144225,39,248,9,296
3144226,27,188,28,243
3144227,20,167,18,205
3144228,0,0,0,0
3144229,24,148,6,178
3144230,19,117,18,154
3144231,35,241,22,298
3144301,36,186,20,242
3144302,40,271,19,330
3144303,43,325,39,407
3144304,21,167,21,209
3144305,41,239,18,298
3144306,17,121,9,147
3144307,45,219,20,284
3144308,25,132,35,192
3144309,29,222,25,276
3144310,39,268,26,333
3144311,29,188,30,247
3144312,0,0,0,0
3144313,31,183,3,217
3144314,25,182,6,213
3144315,31,213,19,263
3144316,22,170,15,207
3144317,30,183,6,219
3144318,29,158,12,199
3144319,45,279,9,333
3144320,31,276,29,336
3144401,27,248,27,302
3144402,22,154,9,185
3144403,29,243,18,290
3144404,33,257,25,315
3144405,52,270,30,352
3144406,32,188,13,233
3144407,64,227,51,342
3144408,41,281,16,338
3144409,38,225,24,287
3144410,22,216,27,265
3144411,44,197,19,260
3144412,24,297,17,338
3144413,38,167,17,222
3144414,48,310,24,382
3144415,18,132,15,165
3144416,43,297,24,364
3144417,50,327,32,409
3144418,14,166,15,195
3144419,28,202,13,243
3144420,11,141,21,173
3144421,36,321,26,383
3144422,40,224,18,282
3144423,35,252,12,299
3144424,39,264,4,307
3144425,57,298,26,381
3144426,18,264,24,306
3144427,20,188,19,227
3144428,33,113,9,155
3144501,19,102,13,134
3144502,36,387,16,439
3144503,31,222,28,281
3144504,19,159,16,194
3144505,55,416,35,506
3144506,28,160,10,198
3144507,80,533,19,632
3144508,58,428,17,503
3144509,27,152,3,182
3144510,26,252,18,296
3144511,33,192,29,254
3144512,26,158,16,200
3144513,25,183,18,226
3144514,27,147,9,183
3144601,33,331,14,378
3144602,18,207,12,237
3144603,27,325,28,380
3144604,28,345,34,407
3144605,32,322,21,375
3144606,35,213,9,257
3144607,32,319,28,379
3144608,15,189,3,207
3144609,12,351,51,414
3144610,36,346,33,415
3144611,42,330,6,378
3144612,49,528,59,636
3144613,25,324,35,384
3144614,39,283,29,351
3144615,43,307,29,379
3144616,39,175,7,221
3144617,33,201,18,252
3144618,25,210,45,280
3144619,10,164,12,186
3144620,31,170,13,214
3144621,40,320,69,429
3144622,22,214,47,283
3144623,48,289,25,362
3144624,45,291,31,367
3144625,18,141,25,184
3144626,42,263,50,355
3144627,31,313,149,493
3144628,37,316,29,382
3144629,43,234,18,295
3144701,17,162,15,194
3144702,67,407,52,526
3144703,40,238,27,305
3144704,51,354,74,479
3144705,48,294,36,378
3144706,40,296,26,362
3144707,11,200,20,231
3144708,21,161,9,191
3144709,49,291,65,405
3144710,57,373,74,504
3144711,40,430,48,518
3144712,45,339,99,483
3144713,22,149,16,187
3144714,51,290,32,373
3144715,39,281,35,355
3144716,34,273,36,343
3144717,27,179,18,224
3144718,40,339,50,429
3144719,45,244,30,319
3144720,48,406,81,535
3144721,38,240,146,424
3144722,33,293,57,383
3144801,34,212,46,292
3144802,51,238,11,300
3144803,15,191,23,229
3144804,9,266,28,303
3144805,33,363,38,434
3144806,9,152,18,179
3144807,46,340,42,428
3144808,19,183,15,217
3144809,36,315,26,377
3144810,32,348,26,406
3144811,23,158,4,185
3144812,24,237,19,280
3144813,33,152,23,208
3144814,34,244,41,319
3144815,32,168,17,217
3144816,21,330,20,371
3144817,86,527,46,659
3144818,47,255,59,361
3144901,16,183,8,207
3144902,34,171,15,220
3144903,29,306,13,348
3144904,29,247,13,289
3144905,18,279,22,319
3144906,36,139,9,184
3144907,47,227,23,297
3144908,17,225,9,251
3144909,36,364,26,426
3144910,39,211,36,286
3144911,8,141,6,155
3144912,33,276,25,334
3144913,26,148,0,174
3144914,59,515,23,597
3145001,27,186,3,216
3145002,33,174,12,219
3145003,56,511,16,583
3145004,50,335,20,405
3145005,54,408,19,481
3145006,32,168,10,210
3145007,54,538,28,620
3145008,41,219,19,279
3145009,23,156,13,192
3145010,38,237,21,296
3145011,59,315,7,381
3145012,13,131,9,153
3145013,49,314,14,377
3145014,38,235,18,291
3145015,45,177,17,239
3145016,57,312,13,382
3145017,19,222,24,265
3145018,27,163,25,215
3145019,48,242,15,305
3145020,25,162,7,194
3145021,26,225,18,269
3145022,34,238,5,277
3145023,20,221,11,252
3145024,29,234,13,276
3145025,46,274,27,347
3145026,29,194,19,242
3145027,63,397,20,480
3145101,13,158,21,192
3145102,21,124,21,166
3145103,34,205,32,271
3145104,23,143,11,177
3145105,12,163,15,190
3145106,45,265,16,326
3145107,12,118,14,144
3145108,36,222,12,270
3145109,37,298,18,353
3145110,22,96,28,146
3145111,46,239,27,312
3145112,21,117,21,159
3145113,22,177,13,212
3145114,45,316,21,382
3145115,29,209,0,238
3145116,40,205,15,260
3145117,37,176,41,254
3145118,27,131,12,170
3145119,19,100,20,139
3145120,31,271,12,314
3145121,25,193,36,254
3145122,37,277,39,353
3145123,26,147,13,186
3145124,29,237,18,284
3145125,24,217,11,252
3145126,27,140,26,193
3145127,52,303,24,379
3145128,16,152,18,186
3145129,25,116,19,160
3145130,22,156,14,192
3145131,20,119,10,149
3145132,42,311,125,478
3145133,22,204,17,243
3145201,33,194,194,421
3145202,84,630,36,750
3145203,39,235,12,286
3145204,31,177,6,214
3145205,31,227,10,268
3145206,45,280,24,349
3145207,48,308,10,366
3145208,29,212,24,265
3145209,34,231,21,286
3145210,17,162,9,188
3145211,27,207,7,241
3145212,29,223,30,282
3145213,28,231,9,268
3145214,31,266,18,315
3145215,30,228,12,270
3145216,27,163,167,357
3145301,31,208,6,245
3145302,28,227,26,281
3145303,54,341,25,420
3145304,36,218,15,269
3145305,27,224,19,270
3145306,41,320,35,396
3145307,16,172,21,209
3145308,31,264,11,306
3145309,33,373,42,448
3145310,42,266,18,326
3145311,33,211,14,258
3145312,41,199,21,261
3145313,23,233,24,280
3145314,32,157,23,212
3145315,22,258,31,311
3145316,42,335,55,432
3145317,51,342,34,427
3145318,37,221,38,296
3145319,18,179,33,230
3145320,44,356,25,425
3145321,24,238,24,286
3145322,18,209,21,248
3145323,39,294,16,349
3145324,26,248,29,303
3145325,19,187,18,224
3145401,33,159,8,200
3145402,30,134,8,172
3145403,17,124,30,171
3145404,28,259,39,326
3145405,55,379,26,460
3145406,26,296,23,345
3145407,39,343,31,413
3145408,56,326,39,421
3145409,71,301,25,397
3145410,44,276,17,337
3145411,31,268,29,328
3145412,41,231,30,302
3145413,25,256,27,308
3145414,39,270,21,330
3145415,9,97,3,109
3145501,52,322,20,394
3145502,54,365,21,440
3145503,16,191,7,214
3145504,39,172,11,222
3145505,41,222,7,270
3145506,39,196,20,255
3145507,48,315,19,382
3145508,24,170,17,211
3145509,48,278,25,351
3145510,52,332,39,423
3145511,34,160,18,212
3145512,39,318,32,389
3145513,36,241,13,290
3145514,37,192,3,232
3145515,25,186,14,225
3145516,39,240,15,294
3145517,19,197,16,232
3145518,36,252,25,313
3145519,38,229,18,285
3145520,52,309,18,379
3145521,0,11,0,11
3145522,25,198,14,237
3145523,24,190,13,227
3145601,29,269,50,348
3145602,20,288,34,342
3145603,24,272,30,326
3145604,35,284,46,365
3145605,6,122,44,172
3145606,21,273,21,315
3145607,53,319,31,403
3145608,30,217,6,253
3145609,32,286,12,330
3145610,40,221,9,270
3145611,36,320,21,377
3145612,22,179,21,222
3145613,24,195,11,230
3145614,32,221,24,277
3145615,27,219,8,254
3145616,26,172,27,225
3145617,33,186,21,240
3145618,60,319,32,411
3145619,43,216,24,283
3145620,38,234,18,290
3145621,29,197,12,238
3145622,38,386,30,454
3145623,55,249,21,325
3145624,46,308,15,369
3145625,30,300,24,354
3145626,30,229,33,292
3145627,35,175,27,237
3145628,34,262,24,320
3145629,41,300,29,370
3145630,27,232,16,275
3145631,10,158,15,183
3145632,29,214,14,257
3145633,30,227,38,295
3145634,40,295,31,366
3145635,27,231,16,274
3145636,16,109,27,152
3145637,9,139,25,173
3145701,51,356,23,430
3145702,48,301,26,375
3145703,29,244,22,295
3145704,31,177,0,208
3145705,29,234,24,287
3145706,19,279,21,319
3145707,19,137,10,166
3145708,22,239,22,283
3145709,31,173,12,216
3145710,31,248,52,331
3145711,10,146,25,181
3145712,33,281,37,351
3145713,35,317,29,381
3145714,33,175,21,229
3145715,21,265,13,299
3145716,30,207,20,257
3145717,38,255,30,323
3145718,35,276,13,324
3145719,13,241,22,276
3145720,34,217,21,272
3145721,26,145,83,254
3145722,45,313,27,385
3145723,58,294,24,376
3145724,25,158,7,190
3145725,63,326,24,413
3145726,0,20,0,20
3145727,48,254,29,331
3145728,13,116,3,132
3145801,31,215,18,264
3145802,44,438,96,578
3145803,19,126,8,153
3145804,9,205,12,226
3145805,27,247,37,311
3145806,23,228,6,257
3145807,53,515,34,602
3145808,28,293,9,330
3145809,42,234,23,299
3145810,48,266,24,338
3145811,38,283,25,346
3145812,42,422,16,480
3145813,19,164,6,189
3145814,61,435,27,523
3145815,59,556,34,649
3145816,36,371,114,521
3145817,20,206,12,238
3145818,35,187,27,249
3145819,51,252,21,324
3145820,36,189,0,225
3145821,21,122,0,143
3145822,27,190,19,236
3145823,28,183,5,216
3145824,56,393,49,498
3145825,20,169,14,203
3145826,31,178,9,218
3145827,0,3,0,3
3145901,24,193,22,239
3145902,18,181,14,213
3145903,20,163,18,201
3145904,27,197,30,254
3145905,28,209,24,261
3145906,49,211,33,293
3145907,35,220,16,271
3145908,46,246,15,307
3145909,28,229,8,265
3145910,31,181,22,234
3145911,20,173,26,219
3145912,39,293,48,380
3145913,22,191,16,229
3145914,32,217,9,258
3145915,17,157,6,180
3145916,62,315,27,404
3145917,38,197,25,260
3145918,62,328,30,420
3145919,30,147,28,205
3145920,28,205,27,260
3145921,18,128,4,150
3145922,0,167,6,173
3145923,37,343,42,422
3145924,36,313,30,379
3145925,43,314,40,397
3145926,34,272,23,329
3145927,32,195,13,240
3145928,0,0,0,0
3145929,21,152,17,190
3145930,34,191,20,245
3145931,63,347,30,440
3145932,27,200,29,256
3145933,26,180,25,231
3145934,35,276,41,352
3145935,37,337,33,407
3145936,48,248,31,327
3145937,53,262,16,331
3146001,39,232,35,306
3146002,25,203,25,253
3146003,51,288,52,391
3146004,51,330,52,433
3146005,47,399,35,481
3146006,47,404,67,518
3146007,19,182,28,229
3146008,24,161,22,207
3146009,54,392,37,483
3146010,34,201,16,251
3146011,40,304,37,381
3146012,37,267,33,337
3146013,35,206,40,281
3146014,29,211,12,252
3146015,40,267,35,342
3146016,59,363,24,446
3146017,48,395,34,477
3146018,28,190,10,228
3146019,19,132,6,157
3146020,34,179,22,235
3146021,38,194,22,254
3146022,22,163,16,201
3146023,21,105,12,138
3146101,31,257,44,332
3146102,44,267,32,343
3146103,22,165,28,215
3146104,52,320,30,402
3146105,17,144,20,181
3146106,50,259,27,336
3146107,31,248,20,299
3146108,33,187,16,236
3146109,26,217,10,253
3146110,26,185,21,232
3146111,28,160,16,204
3146112,22,199,15,236
3146113,20,257,21,298
3146114,9,123,30,162
3146115,20,190,16,226
3146116,21,127,14,162
3146117,25,184,18,227
3146118,31,197,13,241
3146119,29,214,14,257
3146120,20,197,11,228
3146121,27,169,10,206
3146122,28,170,22,220
3146123,38,212,19,269
3146124,21,225,18,264
3146125,57,299,41,397
3146201,29,203,33,265
3146202,15,139,33,187
3146203,34,251,47,332
3146204,26,159,11,196
3146205,24,259,35,318
3146206,7,63,17,87
3146207,43,394,25,462
3146208,34,253,14,301
3146209,38,300,24,362
3146210,34,153,29,216
3146211,10,112,11,133
3146212,23,161,33,217
3146213,18,191,23,232
3146214,11,114,26,151
3146215,31,228,63,322
3146216,25,191,21,237
3146217,22,250,30,302
3146218,40,306,65,411
3146219,32,220,23,275
3146220,33,182,24,239
3146221,26,320,39,385
3146222,25,198,17,240
3146223,16,97,6,119
3146224,40,247,85,372
3146301,36,225,28,289
3146302,26,133,23,182
3146303,33,275,21,329
3146304,25,178,29,232
3146305,51,362,47,460
3146306,34,220,34,288
3146307,12,88,15,115
3146308,32,283,32,347
3146309,13,146,27,186
3146310,32,180,24,236
3146311,39,301,36,376
3146401,27,229,27,283
3146402,45,305,30,380
3146403,39,258,38,335
3146404,43,243,20,306
3146405,49,389,54,492
3146406,15,157,19,191
3146407,25,290,32,347
3146408,31,218,31,280
3146409,53,342,30,425
3146410,22,162,34,218
3146411,32,222,31,285
3146412,13,63,3,79
3146413,12,41,6,59
3146414,39,208,17,264
3146501,30,225,15,270
3146502,31,204,28,263
3146503,26,187,22,235
3146504,42,288,32,362
3146505,38,330,39,407
3146506,39,249,34,322
3146507,17,82,0,99
3146508,31,173,17,221
3146509,28,133,30,191
3146510,49,285,29,363
3146511,0,34,9,43
3146512,22,187,16,225
3146513,45,199,15,259
3146514,48,333,24,405
3146515,50,281,12,343
3146516,50,261,42,353
3146517,38,258,27,323
3146518,36,204,10,250
3146519,38,224,25,287
3146520,39,291,27,357
3146601,212,1355,34,1601
3146602,0,0,0,0
3146701,38,309,40,387
3146702,20,209,41,270
3146703,59,390,69,518
3146704,25,216,40,281
3146705,32,304,35,371
3146706,34,262,38,334
3146707,28,273,18,319
3146708,40,320,25,385
3146709,21,131,6,158
3146710,38,224,10,272
3146711,25,162,55,242
3146712,24,147,29,200
3146713,26,217,59,302
3146801,32,287,25,344
3146802,22,159,12,193
3146803,0,228,0,228
3146804,31,198,15,244
3146805,25,168,15,208
3146806,36,172,0,208
3146807,22,190,7,219
3146808,36,268,10,314
3146809,59,363,14,436
3146810,16,214,4,234
3146811,9,463,21,493
3146812,26,276,26,328
3146813,12,171,6,189
3146814,0,0,0,0
3146815,28,274,21,323
3146816,19,177,10,206
3146817,33,220,12,265
3146818,28,209,22,259
3146819,34,193,18,245
3146820,37,333,13,383
3146821,15,160,6,181
3146822,33,279,15,327
3146823,14,169,18,201
3146824,50,276,33,359
3146825,27,196,4,227
3146826,21,150,7,178
3146827,29,264,8,301
3146828,35,273,17,325
3146901,35,216,25,276
3146902,25,244,35,304
3146903,30,259,18,307
3146904,35,336,50,421
3146905,46,366,68,480
3146906,31,253,28,312
3146907,40,290,29,359
3146908,0,153,4,157
3146909,15,232,12,259
3147001,44,190,13,247
3147002,22,250,18,290
3147003,49,413,32,494
3147004,42,304,18,364
3147005,9,80,15,104
3147006,43,428,56,527
3147007,25,144,15,184
3147008,24,294,31,349
3147009,44,408,31,483
3147010,31,436,36,503
3147011,40,423,18,481
3147101,43,255,50,348
3147102,41,170,28,239
3147103,33,282,53,368
3147104,42,216,24,282
3147105,12,156,18,186
3147106,42,229,7,278
3147107,27,225,15,267
3147108,27,161,6,194
3147109,28,229,15,272
3147110,27,197,15,239
3147111,35,284,6,325
3147112,43,301,36,380
3147113,39,258,21,318
3147114,32,309,39,380
3147115,19,166,15,200
3147116,97,562,79,738
3147117,14,202,18,234
3147118,16,270,24,310
3147119,3,52,9,64
3147120,19,257,17,293
3147121,37,260,40,337
3147122,8,95,4,107
3147123,48,326,24,398
3147124,0,0,0,0
3147125,22,213,16,251
3147126,25,138,27,190
3147127,24,203,17,244
3147128,21,108,22,151
3147129,31,197,3,231
3147201,40,316,21,377
3147202,28,262,41,331
3147203,26,305,59,390
3147204,29,185,24,238
3147205,19,177,15,211
3147206,26,189,6,221
3147207,41,314,24,379
3147208,25,234,15,274
3147209,27,277,18,322
3147210,33,249,34,316
3147211,22,185,30,237
3147212,22,117,44,183
3147213,45,259,44,348
3147214,43,348,112,503
3147215,38,226,6,270
3147216,41,287,12,340
3147301,12,227,33,272
3147302,18,259,23,300
3147303,49,480,89,618
3147304,45,328,24,397
3147305,34,273,28,335
3147306,36,365,31,432
3147307,48,520,34,602
3147308,24,292,18,334
3147309,30,290,44,364
3147310,21,145,21,187
3147311,30,270,46,346
3147312,39,337,70,446
3147313,26,308,50,384
3147314,29,285,46,360
3147315,45,393,40,478
3147316,35,260,33,328
3147317,0,18,3,21
3147318,46,273,40,359
3147319,32,217,22,271
3147320,63,590,57,710
3147321,25,198,13,236
3147322,24,259,22,305
3147323,53,286,33,372
3147324,25,170,25,220
3147325,16,282,21,319
3147326,39,299,17,355
3147327,18,162,23,203
3147328,34,264,31,329
3147329,44,214,20,278
3147330,36,493,39,568
3147331,31,276,30,337
3147401,21,152,18,191
3147402,26,354,52,432
3147403,27,280,27,334
3147404,22,174,17,213
3147405,21,319,24,364
3147406,16,487,29,532
3147407,24,221,35,280
3147408,52,440,35,527
3147409,22,492,56,570
3147410,18,225,18,261
3147411,20,774,37,831
3147412,24,335,36,395
3147413,7,80,45,132
3147414,62,379,25,466
3147415,10,69,9,88
3147416,20,276,4,300
3147417,0,6,0,6
3147501,33,270,41,344
3147502,28,191,39,258
3147503,25,396,59,480
3147504,35,253,20,308
3147505,25,328,39,392
3147506,27,334,88,449
3147507,33,205,54,292
3147508,18,184,15,217
3147509,18,202,34,254
3147510,3,36,23,62
3147511,28,250,17,295
3147512,45,299,40,384
3147513,45,309,92,446
3147514,4,65,0,69
3147515,35,277,87,399
3147516,58,395,57,510
3147517,57,352,53,462
3147601,29,204,25,258
3147602,23,242,40,305
3147603,28,224,61,313
3147604,44,381,52,477
3147605,42,225,34,301
3147606,25,224,29,278
3147607,44,355,37,436
3147608,12,206,30,248
3147609,32,217,21,270
3147610,20,221,17,258
3147611,35,160,19,214
3147612,37,234,46,317
3147613,27,260,32,319
3147614,26,267,38,331
3147615,21,121,21,163
3147616,36,228,32,296
3147617,19,178,18,215
3147618,35,357,32,424
3147619,40,327,43,410
3147620,32,219,38,289
3147621,34,255,23,312
3147701,48,262,13,323
3147702,26,197,29,252
3147703,54,323,26,403
3147704,28,232,19,279
3147705,24,271,20,315
3147706,44,305,43,392
3147707,37,218,18,273
3147708,35,223,86,344
3147709,20,223,19,262
3147710,15,167,27,209
3147711,14,200,24,238
3147801,21,192,28,241
3147802,7,163,30,200
3147803,18,204,29,251
3147804,30,300,27,357
3147805,40,306,34,380
3147806,12,152,13,177
3147807,0,0,0,0
3147808,26,288,28,342
3147809,34,189,27,250
3147810,25,199,12,236
3147811,26,250,39,315
3147812,38,427,49,514
3147813,30,309,37,376
3147814,28,271,15,314
3147815,27,289,73,389
3147901,28,308,44,380
3147902,17,203,24,244
3147903,40,326,41,407
3147904,26,278,36,340
3147905,28,362,42,432
3147906,38,316,33,387
3147907,28,241,20,289
3147908,19,182,9,210
3147909,40,403,40,483
3147910,38,274,35,347
3147911,49,389,52,490
3148001,29,200,33,262
3148002,30,234,16,280
3148003,43,391,40,474
3148004,43,344,28,415
3148005,17,167,17,201
3148006,0,37,0,37
3148007,15,155,13,183
3148008,25,199,31,255
3148009,22,187,14,223
3148010,47,436,48,531
3148011,58,406,47,511
3148012,43,319,13,375
3148013,38,272,26,336
3148014,28,294,24,346
3148015,44,278,26,348
3148016,26,294,27,347
3148017,43,308,28,379
3148018,46,302,29,377
3148019,21,179,18,218
3148020,49,398,76,523
3148021,38,213,24,275
3148022,29,250,32,311
3148023,17,197,22,236
3148101,13,257,41,311
3148102,36,280,31,347
3148103,24,327,24,375
3148104,35,265,33,333
3148105,33,319,21,373
3148106,27,232,15,274
3148107,26,165,25,216
3148108,47,310,11,368
3148109,23,207,24,254
3148110,25,170,16,211
3148111,24,194,18,236
3148112,25,251,22,298
3148113,24,197,26,247
3148114,26,198,15,239
3148115,15,143,24,182
3148116,28,182,23,233
3148117,24,206,17,247
3148118,29,233,17,279
3148119,38,224,6,268
3148120,15,209,12,236
3148121,17,162,8,187
3148122,33,124,24,181
3148123,13,106,20,139
3148124,49,299,64,412
3148201,26,187,23,236
3148202,15,208,15,238
3148203,33,350,13,396
3148204,7,179,6,192
3148205,24,201,8,233
3148206,25,250,10,285
3148207,33,409,18,460
3148208,39,274,35,348
3148209,24,159,13,196
3148210,19,430,49,498
3148211,24,184,6,214
3148212,16,222,17,255
3148213,24,130,13,167
3148214,43,335,26,404
3148215,30,210,16,256
3148216,23,166,9,198
3148217,32,224,12,268
3148218,29,202,17,248
3148219,22,179,18,219
3148220,12,182,9,203
3148221,35,175,12,222
3148222,33,263,12,308
3148223,43,320,33,396
3148224,18,210,11,239
3148225,29,294,22,345
3148226,33,286,19,338
3148227,12,164,6,182
3148228,22,200,4,226
3148229,6,85,0,91
3148230,0,0,0,0
3148231,14,189,6,209
3148232,47,430,24,501
3148233,30,223,18,271
3148234,18,152,18,188
3148235,25,300,13,338
3148236,26,244,12,282
3148237,6,230,15,251
3148238,8,213,21,242
3148239,40,262,16,318
3148240,16,146,11,173
3148241,29,258,25,312
3148242,24,328,25,377
3148243,22,290,17,329
3148244,21,248,10,279
3148301,31,227,13,271
3148302,28,272,24,324
3148303,32,226,30,288
3148304,30,208,51,289
3148305,6,30,0,36
3148306,41,287,27,355
3148307,7,86,4,97
3148308,23,164,24,211
3148401,34,320,25,379
3148402,49,401,33,483
3148403,37,281,13,331
3148404,43,239,12,294
3148405,35,222,13,270
3148406,63,489,34,586
3148407,0,0,0,0
3148408,42,273,48,363
3148409,11,254,15,280
3148410,31,361,33,425
3148411,27,281,21,329
3148412,13,197,13,223
3148413,48,291,22,361
3148414,34,578,37,649
3148415,30,156,6,192
3148416,10,105,29,144
3148417,49,602,29,680
3148501,29,160,15,204
3148502,18,256,22,296
3148503,23,255,33,311
3148504,35,372,123,530
3148505,42,269,36,347
3148506,25,158,13,196
3148507,21,325,28,374
3148508,24,213,22,259
3148509,19,172,36,227
3148510,49,372,53,474
3148601,54,329,24,407
3148602,23,237,57,317
3148603,31,268,37,336
3148604,38,288,48,374
3148605,16,138,15,169
3148606,44,237,45,326
3148607,27,199,24,250
3148608,67,349,30,446
3148609,40,289,33,362
3148610,23,207,24,254
3148611,23,253,58,334
3148612,60,545,86,691
3148613,6,83,9,98
3148614,20,202,15,237
3148615,32,278,46,356
3148701,32,330,48,410
3148702,21,172,33,226
3148703,30,163,26,219
3148704,15,169,36,220
3148705,25,336,15,376
3148706,26,287,41,354
3148707,23,230,15,268
3148708,48,574,59,681
3148709,55,582,28,665
3148710,12,249,10,271
3148711,0,0,0,0
3148712,20,207,50,277
3148801,47,371,42,460
3148802,26,245,24,295
3148803,29,269,37,335
3148804,0,0,0,0
3148805,0,6,14,20
3148806,0,0,0,0
3148807,44,280,37,361
3148808,22,305,26,353
3148809,28,238,16,282
3148810,28,268,35,331
3148811,30,295,18,343
3148812,21,165,6,192
3148813,37,257,24,318
3148814,24,172,22,218
3148815,24,245,49,318
3148816,18,391,84,493
3148901,33,244,44,321
3148902,38,296,33,367
3148903,33,196,21,250
3148904,0,0,0,0
3148905,35,264,12,311
3148906,35,245,5,285
3148907,6,164,18,188
3148908,22,233,18,273
3148909,44,260,12,316
3148910,24,172,21,217
3148911,27,187,12,226
3148912,9,78,7,94
3148913,51,302,33,386
3149001,34,418,35,487
3149002,27,309,22,358
3149003,27,369,56,452
3149004,45,486,101,632
3149005,33,320,55,408
3149006,49,495,68,612
3149007,17,266,54,337
3149008,17,249,58,324
3149009,20,295,53,368
3149010,30,202,105,337
3149011,46,562,111,719
3149012,12,271,25,308
3149013,18,145,32,195
3149014,14,254,64,332
3149015,0,0,0,0
3149016,20,309,37,366
3149017,38,341,49,428
3149018,31,353,62,446
3149019,29,307,52,388
3149101,0,6,565,571
3149102,28,252,15,295
3149103,39,246,14,299
3149104,20,195,23,238
3149105,30,158,12,200
3149106,33,188,37,258
3149107,38,235,22,295
3149108,41,264,29,334
3149109,47,350,62,459
3149110,42,345,44,431
3149111,36,284,20,340
3149112,32,244,14,290
3149113,29,164,29,222
3149114,16,99,66,181
3149115,16,129,22,167
3149116,0,6,0,6
3149117,29,156,12,197
3149118,21,163,18,202
3149201,51,323,28,402
3149202,56,291,33,380
3149203,35,175,20,230
3149204,44,269,26,339
3149205,43,340,124,507
3149206,43,234,16,293
3149207,69,271,26,366
3149208,57,266,28,351
3149209,40,197,9,246
3149210,49,228,27,304
3149211,21,150,17,188
3149212,34,270,20,324
3149301,70,398,29,497
3149302,31,283,33,347
3149303,17,130,10,157
3149304,34,160,25,219
3149305,28,154,11,193
3149306,77,409,48,534
3149307,45,202,16,263
3149308,35,272,8,315
3149309,57,413,24,494
3149310,36,309,32,377
3149311,21,191,5,217
3149312,41,170,30,241
3149313,17,143,21,181
3149314,53,362,29,444
3149315,45,277,26,348
3149316,56,328,35,419
3149317,39,210,9,258
3149318,33,267,33,333
3149319,66,267,45,378
3149320,50,334,52,436
3149321,41,261,49,351
3149322,84,587,24,695
3149323,51,229,30,310
3149324,71,420,91,582
3149325,55,421,47,523
3149326,71,347,36,454
3149327,51,283,28,362
3149328,52,317,26,395
3149329,39,161,12,212
3149330,34,259,22,315
3149331,39,370,20,429
3149332,24,145,4,173
3149333,36,305,31,372
3149334,60,383,42,485
3149401,63,394,36,493
3149402,58,330,39,427
3149403,47,245,28,320
3149404,57,333,19,409
3149405,39,170,16,225
3149406,40,278,15,333
3149407,49,360,18,427
3149408,28,140,6,174
3149409,41,214,32,287
3149501,38,257,34,329
3149502,37,243,36,316
3149503,23,161,56,240
3149504,12,176,24,212
3149505,12,159,30,201
3149506,34,197,31,262
3149507,46,215,62,323
3149508,26,261,27,314
3149509,56,307,21,384
3149510,49,318,26,393
3149511,28,175,22,225
3149512,36,221,36,293
3149513,40,254,37,331
3149514,45,350,70,465
3149515,33,314,55,402
3149516,12,167,24,203
3149517,25,176,27,228
3149601,22,124,7,153
3149602,55,320,21,396
3149603,36,229,25,290
3149604,39,265,22,326
3149605,19,148,12,179
3149606,55,371,75,501
3149607,31,202,31,264
3149608,47,289,35,371
3149609,50,308,20,378
3149610,25,123,30,178
3149611,50,251,22,323
3149612,59,369,82,510
3149613,15,114,28,157
3149701,36,181,9,226
3149702,16,163,11,190
3149703,53,386,57,496
3149704,32,204,21,257
3149705,57,361,39,457
3149706,30,207,18,255
3149707,40,237,21,298
3149708,29,141,35,205
3149709,51,363,58,472
3149710,30,139,17,186
3149711,31,225,49,305
3149712,37,173,36,246
3149713,29,157,38,224
3149714,29,233,50,312
3149715,44,240,18,302
3149716,10,136,18,164
3149717,44,229,10,283
3149718,15,119,19,153
3149719,23,138,3,164
3149720,32,174,30,236
3149721,29,201,40,270
3149722,35,217,27,279
3149801,31,280,18,329
3149802,50,431,37,518
3149803,27,206,15,248
3149804,37,207,53,297
3149805,35,213,30,278
3149806,29,187,9,225
3149807,14,113,9,136
3149808,25,270,24,319
3149809,46,291,29,366
3149810,32,182,26,240
3149811,27,181,6,214
3149812,18,88,18,124
3149813,48,301,38,387
3149814,47,337,44,428
3149815,37,255,22,314
3149816,23,153,28,204
3149817,38,282,38,358
3149818,47,321,29,397
3149819,57,253,39,349
3149820,47,228,23,298
3149821,28,161,13,202
3149822,28,208,28,264
3149901,18,170,24,212
3149902,33,252,19,304
3149903,27,203,17,247
3149904,34,227,35,296
3149905,54,321,41,416
3149906,46,226,28,300
3149907,60,402,45,507
3149908,23,147,21,191
3149909,20,184,27,231
3149910,45,333,38,416
3149911,27,215,21,263
3149912,37,208,21,266
3149913,36,258,16,310
3149914,27,241,19,287
3149915,27,231,9,267
3149916,13,120,17,150
3149917,47,272,49,368
3149918,0,0,0,0
3149919,39,254,13,306
3149920,34,203,18,255
3149921,29,154,15,198
3149922,34,265,27,326
3149923,20,191,22,233
3149924,19,150,21,190
3149925,12,170,46,228
3149926,32,199,67,298
3149927,22,213,27,262
3149928,26,129,12,167
3149929,15,67,7,89
3149930,20,145,23,188
3150001,34,162,20,216
3150002,18,217,90,325
3150003,13,94,42,149
3150004,56,294,9,359
3150005,35,217,10,262
3150006,43,326,30,399
3150007,37,311,31,379
3150008,13,180,7,200
3150009,44,262,16,322
3150010,38,210,13,261
3150011,24,159,28,211
3150012,80,315,38,433
3150013,23,114,24,161
3150014,34,266,28,328
3150015,39,224,35,298
3150016,0,0,0,0
3150017,59,412,32,503
3150018,37,278,34,349
3150019,26,253,24,303
3150020,0,11,6,17
3150021,28,156,8,192
3150022,41,370,96,507
3150101,53,290,52,395
3150102,44,238,35,317
3150103,51,281,34,366
3150104,30,156,31,217
3150105,42,236,21,299
3150106,63,291,20,374
3150107,38,307,14,359
3150108,34,204,21,259
3150109,47,336,22,405
3150110,40,228,19,287
3150111,48,255,26,329
3150112,28,173,29,230
3150113,29,237,34,300
3150114,36,418,48,502
3150115,6,45,0,51
3150201,31,255,20,306
3150202,91,355,34,480
3150203,32,278,25,335
3150204,75,438,51,564
3150205,40,164,27,231
3150206,29,219,39,287
3150207,41,302,40,383
3150208,31,196,39,266
3150209,29,233,35,297
3150210,43,220,21,284
3150211,39,223,25,287
3150212,29,206,17,252
3150213,33,244,40,317
3150214,33,202,28,263
3150215,70,386,31,487
3150216,48,202,21,271
3150217,66,217,18,301
3150218,37,344,24,405
3150219,53,263,33,349
3150220,41,315,57,413
3150221,35,328,64,427
3150222,25,180,16,221
3150223,31,150,16,197
3150224,38,178,19,235
3150225,41,279,43,363
3150226,30,162,13,205
3150227,32,207,45,284
3150301,32,222,49,303
3150302,30,192,35,257
3150303,22,257,27,306
3150304,41,362,40,443
3150305,4,97,15,116
3150306,37,233,39,309
3150307,16,147,23,186
3150308,23,220,52,295
3150309,30,194,81,305
3150310,29,150,35,214
3150311,39,245,47,331
3150312,24,183,40,247
3150313,21,133,8,162
3150314,41,185,31,257
3150315,44,200,29,273
3150316,29,172,27,228
3150317,45,218,23,286
3150318,49,236,29,314
3150319,16,147,21,184
3150320,32,125,24,181
3150401,37,177,7,221
3150402,35,187,10,232
3150403,48,329,29,406
3150404,37,195,16,248
3150405,24,142,17,183
3150406,40,171,27,238
3150407,44,256,26,326
3150408,79,294,35,408
3150409,35,179,20,234
3150410,33,232,36,301
3150411,28,151,12,191
3150412,64,286,27,377
3150413,69,339,39,447
3150414,35,219,26,280
3150501,26,252,28,306
3150502,55,292,42,389
3150503,24,152,22,198
3150504,31,251,29,311
3150505,24,111,12,147
3150506,12,178,22,212
3150507,32,210,38,280
3150508,27,198,8,233
3150509,33,124,15,172
3150510,77,507,29,613
3150511,59,306,25,390
3150512,38,321,38,397
3150513,32,202,22,256
3150514,28,220,28,276
3150515,28,131,22,181
3150516,39,257,22,318
3150517,24,173,3,200
3150518,30,145,6,181
3150519,43,287,18,348
3150520,52,281,40,373
3150521,27,197,24,248
3150522,60,395,21,476
3150523,32,197,14,243
3150524,19,265,21,305
3150525,58,360,31,449
3150601,34,213,23,270
3150602,42,129,20,191
3150603,35,213,19,267
3150604,38,254,18,310
3150605,44,248,25,317
3150606,30,141,5,176
3150607,31,140,11,182
3150608,23,120,14,157
3150609,27,149,6,182
3150610,17,186,21,224
3150611,27,146,13,186
3150612,41,270,19,330
3150613,108,656,15,779
3150614,52,338,76,466
3150615,29,172,20,221
3150616,51,244,50,345
3150617,35,206,36,277
3150618,31,163,30,224
3150619,18,153,35,206
3150620,34,247,28,309
3150621,30,165,6,201
3150622,34,193,25,252
3150623,27,164,20,211
3150624,45,299,42,386
3150625,60,349,82,491
3150701,16,101,33,150
3150702,28,211,11,250
3150703,29,175,13,217
3150704,31,202,17,250
3150705,30,165,23,218
3150706,20,110,26,156
3150707,14,145,13,172
3150708,39,175,13,227
3150709,35,182,8,225
3150710,13,110,23,146
3150711,13,123,10,146
3150712,39,224,15,278
3150713,39,165,18,222
3150714,38,215,23,276
3150801,27,173,13,213
3150802,21,109,16,146
3150803,39,199,22,260
3150804,25,221,38,284
3150805,20,118,24,162
3150806,12,135,56,203
3150807,0,0,0,0
3150808,29,126,3,158
3150809,41,171,16,228
3150810,30,149,35,214
3150811,3,18,0,21
3150812,24,171,8,203
3150813,29,178,17,224
3150814,12,111,13,136
3150815,21,134,6,161
3150816,27,133,19,179
3150817,27,124,29,180
3150901,28,120,19,167
3150902,45,229,15,289
3150903,46,231,30,307
3150904,39,174,15,228
3150905,47,269,31,347
3150906,26,281,17,324
3150907,26,123,13,162
3150908,51,244,41,336
3150909,36,235,25,296
3150910,26,144,6,176
3150911,51,263,33,347
3150912,28,181,12,221
3150913,30,193,27,250
3150914,23,187,25,235
3150915,47,225,16,288
3150916,50,244,30,324
3150917,37,170,21,228
3150918,13,142,27,182
3150919,54,244,37,335
3150920,52,281,30,363
3150921,58,286,45,389
3150922,26,184,18,228
3150923,59,318,33,410
3150924,39,270,53,362
3150925,63,300,50,413
3150926,28,148,18,194
3150927,28,167,23,218
3151001,3,3,0,6
3151101,57,263,25,345
3151102,34,231,20,285
3151103,43,239,45,327
3151104,73,309,34,416
3151105,33,161,21,215
3151106,60,228,59,347
3151107,36,248,42,326
3151108,66,283,56,405
3151109,80,362,51,493
3151110,32,161,27,220
3151111,14,203,21,238
3151112,0,0,0,0
3151113,0,46,12,58
3151114,41,288,22,351
3151115,16,69,3,88
3151116,67,313,29,409
3151117,38,224,18,280
3151201,61,403,36,500
3151202,81,404,32,517
3151203,62,499,134,695
3151204,38,332,15,385
3151205,44,255,9,308
3151206,53,372,40,465
3151207,21,146,16,183
3151208,31,147,13,191
3151209,29,241,24,294
3151210,19,135,18,172
3151211,35,228,31,294
3151212,43,256,17,316
3151213,39,171,45,255
3151214,10,94,83,187
3151215,27,216,29,272
3151216,36,149,25,210
3151217,39,237,40,316
3151218,36,290,132,458
3151219,36,227,27,290
3151220,37,282,18,337
3151221,26,170,26,222
3151222,34,267,45,346
3151223,65,387,39,491
3151224,31,194,35,260
3151225,17,173,15,205
3151226,31,183,14,228
3151227,24,144,24,192
3151228,27,179,31,237
3151229,49,308,36,393
3151230,20,147,21,188
3151231,46,252,20,318
3151232,40,212,15,267
3151233,49,357,39,445
3151301,61,354,27,442
3151302,38,243,19,300
3151303,56,316,47,419
3151304,46,269,92,407
3151305,64,348,46,458
3151306,34,135,24,193
3151307,59,325,96,480
3151308,31,191,32,254
3151309,22,190,28,240
3151310,42,254,16,312
3151311,52,336,17,405
3151312,36,229,16,281
3151313,81,500,43,624
3151401,35,221,21,277
3151402,36,293,28,357
3151403,53,324,33,410
3151404,36,241,28,305
3151405,32,235,26,293
3151406,32,212,33,277
3151407,0,0,0,0
3151408,32,176,18,226
3151409,53,324,24,401
3151410,20,155,6,181
3151411,21,204,17,242
3151412,9,61,3,73
3151413,38,194,18,250
3151414,36,261,21,318
3151415,51,234,11,296
3151416,40,155,20,215
3151417,35,174,12,221
3151418,58,294,31,383
3151419,0,0,0,0
3151420,18,99,9,126
3151421,16,129,10,155
3151422,36,274,33,343
3151423,14,110,9,133
3151424,25,160,15,200
3151425,21,79,14,114
3151426,33,163,21,217
3151427,34,194,18,246
3151428,44,294,22,360
3151429,23,231,25,279
3151430,52,217,28,297
3151431,42,237,36,315
3151432,28,152,22,202
3151433,30,274,27,331
3151434,36,158,40,234
3151435,44,229,29,302
3151436,40,266,12,318
3151437,23,175,14,212
3151438,38,296,12,346
3151439,24,114,17,155
3151440,43,315,18,376
3151441,32,211,26,269
3151442,34,207,17,258
3151443,24,182,12,218
3151444,26,216,16,258
3151445,39,173,32,244
3151446,58,272,23,353
3151447,28,132,13,173
3151448,26,213,22,261
3151449,24,144,9,177
3151450,57,247,31,335
3151451,61,312,45,418
3151452,20,140,16,176
3151453,48,220,27,295
3151501,43,274,19,336
3151502,33,172,19,224
3151503,47,296,43,386
3151504,41,244,69,354
3151505,27,190,57,274
3151506,21,187,15,223
3151507,15,141,12,168
3151508,27,162,24,213
3151509,34,184,18,236
3151510,32,176,16,224
3151511,28,179,23,230
3151601,44,224,21,289
3151602,84,433,40,557
3151603,27,176,9,212
3151604,0,0,0,0
3151605,96,505,36,637
3151606,27,132,0,159
3151607,43,236,26,305
3151608,31,144,0,175
3151609,21,217,23,261
3151610,67,349,25,441
3151611,41,242,15,298
3151701,30,186,12,228
3151702,42,230,21,293
3151703,38,200,6,244
3151704,15,215,17,247
3151705,24,237,18,279
3151706,31,265,29,325
3151707,62,302,37,401
3151708,36,173,6,215
3151709,45,262,29,336
3151710,26,232,19,277
3151711,20,183,6,209
3151712,58,391,32,481
3151801,39,267,54,360
3151802,60,291,29,380
3151803,52,289,65,406
3151804,38,286,62,386
3151805,39,276,25,340
3151806,31,236,12,279
3151807,66,303,20,389
3151808,24,258,11,293
3151809,29,219,86,334
3151810,20,171,25,216
3151811,36,229,25,290
3151812,23,160,17,200
3151813,69,487,44,600
3151814,57,361,39,457
3151815,59,230,24,313
3151816,42,228,21,291
3151817,59,291,26,376
3151818,0,0,0,0
3151819,0,0,0,0
3151820,28,161,26,215
3151821,37,248,43,328
3151822,51,288,41,380
3151823,58,241,21,320
3151824,63,268,36,367
3151825,53,297,41,391
3151826,35,290,43,368
3151827,67,292,47,406
3151828,64,428,55,547
3151829,45,323,20,388
3151830,57,422,43,522
3151901,0,0,0,0
3151902,64,356,33,453
3151903,48,228,29,305
3151904,36,169,20,225
3151905,64,333,53,450
3151906,59,262,22,343
3151907,22,187,25,234
3151908,56,331,40,427
3151909,25,251,8,284
3151910,46,207,30,283
3151911,36,293,17,346
3151912,54,254,23,331
3151913,25,158,15,198
3151914,62,258,33,353
3151915,62,250,27,339
3152001,47,228,40,315
3152002,37,263,35,335
3152003,45,258,30,333
3152004,26,134,21,181
3152005,50,224,56,330
3152006,35,148,21,204
3152007,56,431,63,550
3152008,35,303,22,360
3152009,31,249,49,329
3152010,39,262,63,364
3152011,46,221,27,294
3152012,27,174,19,220
3152013,29,176,38,243
3152014,37,258,27,322
3152015,35,222,53,310
3152016,34,190,22,246
3152017,47,335,33,415
3152018,55,350,44,449
3152019,50,316,28,394
3152020,66,356,33,455
3152021,43,265,132,440
3152022,47,298,29,374
3152023,45,322,29,396
3152024,67,295,24,386
3152025,24,198,21,243
3152026,63,408,40,511
3152027,25,238,15,278
3152028,21,183,6,210
3152029,48,205,20,273
3152030,56,303,33,392
3152031,33,155,120,308
3152032,67,406,36,509
3152033,32,210,9,251
3152034,34,225,18,277
3152035,36,317,39,392
3152101,47,320,47,414
3152102,23,159,24,206
3152103,46,266,32,344
3152104,33,225,25,283
3152105,24,225,24,273
3152106,49,297,26,372
3152107,53,408,49,510
3152108,38,150,21,209
3152109,58,417,49,524
3152110,29,192,20,241
3152111,30,208,22,260
3152112,38,184,28,250
3152113,55,293,34,382
3152114,36,304,39,379
3152115,26,233,15,274
3152116,65,316,30,411
3152117,48,379,43,470
3152118,35,216,14,265
3152119,23,167,3,193
3152120,30,221,24,275
3152121,40,276,22,338
3152122,38,203,19,260
3152123,59,319,20,398
3152124,15,47,3,65
3152125,103,640,84,827
3152126,41,208,15,264
3152127,45,278,16,339
3152128,23,186,6,215
3152201,46,292,26,364
3152202,56,375,35,466
3152203,56,278,24,358
3152204,32,188,18,238
3152205,32,176,9,217
3152206,53,273,6,332
3152207,29,231,31,291
3152208,65,347,35,447
3152209,32,198,63,293
3152210,0,9,0,9
3152211,45,237,15,297
3152212,30,173,29,232
3152213,59,380,28,467
3152214,26,172,21,219
3152215,29,174,22,225
3152216,34,213,36,283
3152217,6,112,22,140
3152218,40,212,23,275
3152219,37,235,22,294
3152220,22,178,42,242
3152221,31,205,32,268
3152222,40,202,28,270
3152223,38,209,36,283
3152224,0,49,0,49
3152225,31,159,25,215
3152226,28,194,35,257
3152301,65,252,38,355
3152302,49,268,27,344
3152303,34,263,80,377
3152304,31,216,33,280
3152305,50,276,26,352
3152306,77,282,22,381
3152307,53,306,24,383
3152401,61,382,22,465
3152402,33,195,30,258
3152403,44,296,25,365
3152404,31,145,18,194
3152405,34,173,18,225
3152406,14,177,32,223
3152407,29,156,24,209
3152408,28,158,29,215
3152409,15,122,21,158
3152410,37,196,128,361
3152411,56,336,26,418
3152412,42,204,15,261
3152413,39,219,30,288
3152414,0,0,473,473
3152415,38,184,17,239
3152416,37,251,20,308
3152417,35,220,21,276
3152418,45,164,22,231
3152419,65,280,34,379
3152420,43,240,27,310
3152421,68,353,43,464
3152422,37,204,49,290
3152423,18,135,31,184
3152424,32,183,18,233
3152425,56,330,36,422
3152426,36,163,18,217
3152427,45,233,40,318
3152428,45,153,15,213
3152429,54,306,28,388
3152430,43,158,18,219
3152431,33,206,19,258
3152432,37,259,60,356
3152433,30,131,24,185
3152434,30,260,34,324
3152435,26,210,34,270
3152436,27,156,34,217
3152437,23,201,37,261
3152438,0,3,0,3
3152439,43,330,17,390
3152440,71,420,28,519
3152441,42,234,27,303
3152442,51,269,32,352
3152443,32,231,54,317
3152444,40,209,32,281
3152445,44,177,34,255
3152446,36,217,24,277
3152447,42,301,23,366
3152448,39,261,26,326
3152449,30,159,15,204
3152450,15,147,105,267
3152451,36,160,38,234
3152501,83,346,56,485
3152502,80,419,59,558
3152503,37,174,25,236
3152504,38,177,18,233
3152505,70,445,38,553
3152506,28,96,17,141
3152507,36,160,21,217
3152508,49,312,17,378
3152509,37,191,19,247
3152510,34,210,24,268
3152511,26,154,29,209
3152512,52,224,32,308
3152513,28,190,21,239
3152514,50,288,40,378
3152515,0,6,0,6
3152516,15,114,24,153
3152517,40,234,8,282
3152518,60,293,36,389
3152519,31,158,20,209
3152520,46,158,20,224
3152521,33,284,31,348
3152522,45,221,49,315
3152601,69,330,29,428
3152602,27,187,18,232
3152603,13,122,6,141
3152604,44,277,28,349
3152605,48,205,28,281
3152606,36,177,15,228
3152607,49,263,23,335
3152608,40,337,20,397
3152609,53,315,9,377
3152610,20,198,3,221
3152611,36,207,10,253
3152612,36,258,23,317
3152613,27,187,6,220
3949999,895,8617,1971,11483
3979991,0,0,0,0
3979992,3,0,0,3
3979993,23,327,94,444
4100101,53,355,35,443
4100102,34,296,29,359
4100103,21,151,21,193
4100104,50,438,64,552
4100105,32,283,24,339
4100106,29,263,50,342
4100107,35,388,116,539
4100108,22,214,84,320
4100109,32,440,56,528
4100110,56,866,126,1048
4100111,13,246,68,327
4100112,45,552,64,661
4100113,32,482,53,567
4100114,22,231,19,272
4100115,29,305,32,366
4100116,24,273,45,342
4100117,25,340,23,388
4100118,29,199,17,245
4100119,48,386,44,478
4100120,11,375,13,399
4100121,31,631,92,754
4100122,9,41,267,317
4100123,38,1129,153,1320
4100124,9,251,100,360
4100125,27,490,70,587
4100126,0,6,0,6
4100127,0,0,0,0
4100128,0,0,0,0
4100129,0,3,9,12
4100130,18,269,27,314
4100131,0,3,0,3
4100132,0,0,0,0
4100201,27,348,40,415
4100202,35,318,28,381
4100203,29,233,25,287
4100204,38,311,20,369
4100205,46,496,41,583
4100206,31,227,24,282
4100207,24,205,10,239
4100208,37,445,55,537
4100209,22,266,18,306
4100210,13,208,15,236
4100211,41,253,16,310
4100212,36,245,17,298
4100213,0,0,0,0
4100214,22,206,30,258
4100215,40,327,46,413
4100216,40,355,17,412
4100217,0,0,0,0
4100218,0,0,0,0
4100219,21,228,27,276
4100220,15,179,35,229
4100221,22,230,35,287
4100301,29,186,12,227
4100302,33,170,9,212
4100303,42,252,9,303
4100304,33,223,15,271
4100305,32,194,12,238
4100306,37,290,12,339
4100307,21,172,6,199
4100308,41,236,14,291
4100309,32,132,12,176
4100310,24,144,9,177
4100311,33,215,17,265
4100312,52,361,24,437
4100313,48,214,12,274
4100314,29,279,10,318
4100315,38,226,13,277
4100316,32,219,12,263
4100317,21,145,3,169
4100318,18,219,15,252
4100319,42,333,23,398
4100320,3,6,0,9
4100321,12,178,7,197
4100322,12,91,0,103
4100323,30,105,9,144
4100401,42,295,24,361
4100402,56,340,9,405
4100403,38,270,40,348
4100404,30,185,12,227
4100405,49,311,12,372
4100406,39,237,19,295
4100407,36,188,7,231
4100408,54,240,3,297
4100409,32,191,3,226
4100410,45,202,6,253
4100411,46,253,7,306
4100412,28,261,17,306
4100413,27,189,10,226
4100414,51,291,8,350
4100415,38,158,33,229
4100416,58,340,21,419
4100417,65,287,34,386
4100418,44,244,9,297
4100419,38,237,12,287
4100420,41,137,12,190
4100421,46,301,16,363
4100422,60,323,12,395
4100423,53,306,20,379
4100424,49,260,9,318
4100425,42,275,15,332
4100426,50,284,18,352
4100427,60,336,23,419
4100428,29,257,18,304
4100429,38,187,12,237
4100430,26,219,3,248
4100431,35,207,6,248
4100432,29,152,9,190
4100433,52,274,6,332
4100434,68,379,15,462
4100435,37,353,20,410
4100436,24,205,4,233
4100437,40,150,3,193
4100438,21,201,10,232
4100439,49,339,19,407
4100440,42,312,16,370
4100441,48,241,0,289
4100442,38,261,29,328
4100443,24,127,7,158
4100444,24,131,3,158
4100445,20,130,12,162
4100446,39,134,3,176
4100447,14,151,7,172
4100501,20,162,9,191
4100502,47,316,31,394
4100503,35,149,22,206
4100504,29,149,6,184
4100505,25,186,15,226
4100506,32,145,7,184
4100507,38,257,15,310
4100508,48,305,9,362
4100509,43,173,12,228
4100510,47,336,16,399
4100511,10,132,11,153
4100512,26,136,3,165
4100513,28,176,3,207
4100514,16,222,22,260
4100601,41,307,32,380
4100602,13,133,6,152
4100603,24,205,10,239
4100604,37,179,3,219
4100605,25,268,229,522
4100606,56,289,17,362
4100607,38,222,10,270
4100608,28,247,21,296
4100609,32,195,12,239
4100610,30,123,16,169
4100611,42,254,21,317
4100612,15,192,6,213
4100613,30,283,15,328
4100614,22,193,9,224
4100615,37,262,26,325
4100616,56,306,16,378
4100617,62,365,19,446
4100618,77,426,29,532
4100619,38,233,18,289
4100620,22,219,9,250
4100621,40,262,19,321
4100622,28,95,12,135
4100623,29,162,4,195
4100624,26,199,18,243
4100625,19,117,14,150
4100701,16,125,5,146
4100702,31,231,15,277
4100703,58,302,5,365
4100704,25,188,33,246
4100705,17,116,4,137
4100706,52,210,9,271
4100707,28,186,21,235
4100708,48,307,28,383
4100709,34,177,18,229
4100710,42,294,18,354
4100711,71,464,30,565
4100712,32,310,12,354
4100713,20,168,12,200
4100714,38,349,27,414
4100715,17,124,12,153
4100716,29,330,6,365
4100717,33,164,9,206
4100718,57,280,16,353
4100719,52,284,23,359
4100720,36,271,20,327
4100721,51,312,30,393
4100722,51,344,18,413
4100723,51,342,18,411
4100724,30,351,28,409
4100725,57,349,37,443
4100726,44,361,16,421
4100727,38,207,30,275
4100728,60,409,21,490
4100729,11,147,7,165
4100730,29,275,27,331
4100731,27,190,0,217
4100732,53,249,12,314
4100733,73,475,6,554
4100734,56,432,16,504
4100735,38,254,14,306
4100801,32,203,14,249
4100802,9,142,13,164
4100803,44,318,13,375
4100804,39,266,12,317
4100805,29,171,9,209
4100806,30,167,0,197
4100807,41,242,13,296
4100808,17,123,12,152
4100809,27,191,20,238
4100810,36,218,8,262
4100811,24,170,6,200
4100812,28,202,4,234
4100813,31,306,21,358
4100814,60,317,26,403
4100815,38,173,3,214
4100816,61,467,22,550
4100817,33,229,6,268
4100901,50,309,21,380
4100902,36,280,12,328
4100903,24,184,12,220
4100904,68,483,26,577
4100905,23,229,18,270
4100906,59,540,11,610
4100907,46,302,12,360
4100908,32,211,6,249
4100909,24,139,11,174
4100910,28,142,4,174
4101001,53,300,21,374
4101002,0,0,0,0
4101003,65,407,29,501
4101004,26,233,15,274
4101005,26,306,16,348
4101006,0,0,0,0
4101007,48,301,27,376
4101008,54,352,30,436
4101009,56,308,15,379
4101010,34,256,9,299
4101011,31,178,6,215
4101012,34,219,24,277
4101013,33,256,9,298
4101014,56,281,9,346
4101015,0,6,0,6
4101016,28,200,14,242
4101101,54,294,27,375
4101102,26,239,19,284
4101103,80,376,18,474
4101104,55,331,15,401
4101105,38,278,21,337
4101106,36,211,18,265
4101107,51,311,25,387
4101108,29,226,12,267
4101109,40,254,9,303
4101110,48,229,18,295
4101111,56,218,16,290
4101112,60,279,17,356
4101113,53,252,13,318
4101114,53,333,26,412
4101115,74,369,16,459
4101116,46,313,16,375
4101117,42,260,4,306
4101118,29,194,6,229
4101119,45,300,19,364
4101120,34,257,21,312
4101121,43,182,10,235
4101122,34,202,7,243
4101123,28,183,23,234
4101124,35,257,25,317
4101125,39,337,24,400
4101126,41,294,14,349
4101127,49,342,15,406
4101128,55,386,19,460
4101129,34,251,7,292
4101130,49,257,12,318
4101131,22,274,3,299
4101132,38,220,13,271
4101133,61,346,24,431
4101134,48,322,24,394
4101135,25,217,9,251
4101136,39,222,24,285
4101137,41,267,22,330
4101138,37,299,21,357
4101139,51,453,40,544
4101140,36,195,10,241
4101141,49,341,33,423
4101142,45,329,39,413
4101143,39,319,36,394
4101144,61,304,18,383
4101201,52,303,16,371
4101202,32,183,33,248
4101203,30,281,31,342
4101204,26,213,23,262
4101205,57,328,27,412
4101206,35,243,21,299
4101207,48,449,22,519
4101208,27,282,0,309
4101209,49,337,27,413
4101210,60,339,15,414
4101211,30,224,15,269
4101212,82,447,36,565
4101213,63,311,33,407
4101214,29,203,15,247
4101215,61,342,21,424
4101216,56,332,19,407
4101217,38,251,18,307
4101218,57,215,12,284
4101219,48,305,9,362
4101220,44,322,22,388
4101221,40,205,15,260
4101301,30,221,21,272
4101302,45,234,28,307
4101303,48,383,21,452
4101304,67,299,18,384
4101305,66,348,29,443
4101306,26,238,33,297
4101307,31,247,160,438
4101308,44,303,40,387
4101309,41,360,29,430
4101310,44,376,21,441
4101311,65,376,16,457
4101312,34,216,12,262
4101313,23,208,30,261
4101314,38,251,33,322
4101315,55,246,15,316
4101316,65,345,20,430
4101317,39,356,109,504
4101318,80,437,46,563
4101319,31,226,27,284
4101320,37,258,7,302
4101321,37,313,18,368
4101322,56,358,32,446
4101323,62,317,33,412
4101324,49,331,22,402
4101325,74,253,30,357
4101326,38,333,14,385
4101327,42,383,35,460
4101328,24,186,9,219
4101329,38,240,0,278
4101330,67,326,27,420
4101331,48,232,14,294
4101332,32,173,6,211
4101333,22,148,13,183
4101334,36,329,36,401
4101335,27,197,31,255
4101336,20,213,31,264
4101401,55,265,3,323
4101402,50,272,12,334
4101403,23,189,13,225
4101404,38,203,15,256
4101405,30,241,15,286
4101406,28,230,22,280
4101407,0,0,0,0
4101408,49,236,15,300
4101409,27,197,9,233
4101410,41,325,15,381
4101411,45,310,30,385
4101412,37,290,13,340
4101413,60,410,21,491
4101414,44,258,16,318
4101415,77,329,14,420
4101416,44,343,15,402
4101417,48,306,7,361
4101418,19,149,9,177
4101419,22,111,0,133
4101420,55,258,16,329
4101421,72,357,16,445
4101422,35,219,6,260
4101423,0,0,0,0
4101424,18,180,6,204
4101425,30,178,18,226
4101426,33,236,6,275
4101427,21,171,12,204
4101501,50,214,9,273
4101502,48,384,50,482
4101503,36,299,31,366
4101504,35,278,54,367
4101505,21,337,27,385
4101506,49,336,24,409
4101507,23,229,12,264
4101508,32,250,21,303
4101509,47,231,15,293
4101510,44,274,18,336
4101511,51,238,18,307
4101512,57,436,24,517
4101513,30,178,12,220
4101514,38,200,22,260
4101515,62,340,40,442
4101516,28,190,34,252
4101517,29,203,23,255
4101518,39,292,29,360
4101519,59,353,37,449
4101520,28,184,18,230
4101521,61,325,13,399
4101522,24,214,27,265
4101523,40,388,26,454
4101524,20,176,9,205
4101525,24,197,33,254
4101526,56,338,32,426
4101527,49,319,18,386
4101528,40,243,35,318
4101529,63,330,13,406
4101530,44,302,18,364
4101531,60,277,12,349
4101532,45,317,18,380
4101533,44,258,9,311
4101534,70,415,31,516
4101535,35,168,10,213
4101536,49,323,31,403
4101537,65,327,21,413
4101538,28,342,36,406
4101539,29,154,4,187
4101540,60,419,31,510
4101541,53,348,10,411
4101542,43,191,13,247
4101543,23,239,6,268
4101544,54,307,30,391
4101545,66,321,27,414
4101601,50,405,37,492
4101602,31,350,25,406
4101603,48,389,26,463
4101604,26,325,33,384
4101605,39,274,24,337
4101606,57,324,19,400
4101607,46,308,16,370
4101608,45,318,39,402
4101609,38,321,15,374
4101610,66,442,40,548
4101611,45,314,18,377
4101612,73,435,29,537
4101613,35,192,15,242
4101614,34,145,15,194
4101615,46,217,15,278
4101616,59,434,28,521
4101617,33,253,18,304
4101618,63,306,24,393
4101619,60,357,30,447
4101620,27,230,18,275
4101621,55,332,30,417
4101622,60,334,24,418
4101623,40,254,16,310
4101624,41,280,19,340
4101625,37,280,16,333
4101626,66,368,47,481
4101627,50,269,11,330
4101628,76,383,24,483
4101629,26,234,6,266
4101630,40,246,30,316
4101631,54,339,30,423
4101632,50,330,27,407
4101633,34,217,90,341
4101634,75,404,24,503
4101635,66,419,36,521
4101636,54,466,30,550
4101637,31,248,27,306
4101638,40,280,18,338
4101639,45,233,7,285
4101640,86,462,20,568
4101641,69,373,17,459
4101642,35,199,9,243
4101643,25,187,9,221
4101644,21,194,21,236
4101645,34,237,17,288
4101701,33,348,26,407
4101702,41,322,50,413
4101703,27,282,14,323
4101704,30,342,25,397
4101705,26,262,43,331
4101706,45,253,21,319
4101707,34,275,21,330
4101708,29,293,32,354
4101709,47,272,33,352
4101710,43,361,18,422
4101711,42,287,21,350
4101712,36,250,27,313
4101713,46,292,25,363
4101714,37,296,48,381
4101715,43,277,41,361
4101716,39,390,55,484
4101717,27,191,20,238
4101718,46,361,30,437
4101719,68,403,28,499
4101720,48,322,37,407
4101721,41,296,22,359
4101722,52,388,24,464
4101723,20,216,3,239
4101724,23,168,20,211
4101801,47,395,69,511
4101802,40,234,21,295
4101803,67,411,23,501
4101804,36,248,12,296
4101805,36,286,16,338
4101806,36,270,21,327
4101807,71,328,20,419
4101808,53,337,30,420
4101809,30,222,12,264
4101810,32,236,15,283
4101811,60,346,16,422
4101812,29,313,23,365
4101813,39,183,6,228
4101814,39,228,3,270
4101815,48,350,18,416
4101816,57,274,31,362
4101817,51,342,25,418
4101818,37,209,18,264
4101819,38,252,22,312
4101820,46,182,40,268
4101821,35,347,17,399
4101822,24,295,29,348
4101823,42,413,56,511
4101824,66,464,46,576
4101825,31,214,23,268
4101826,44,241,14,299
4101827,18,178,9,205
4101828,46,380,37,463
4101829,23,191,27,241
4101901,40,204,15,259
4101902,40,266,33,339
4101903,61,425,77,563
4101904,53,283,14,350
4101905,27,219,11,257
4101906,39,218,18,275
4101907,14,172,5,191
4101908,39,283,18,340
4101909,39,194,5,238
4101910,50,275,9,334
4101911,44,226,18,288
4101912,36,277,28,341
4101913,52,347,18,417
4101914,58,337,30,425
4101915,28,308,18,354
4101916,27,258,18,303
4101917,67,286,29,382
4101918,50,323,18,391
4101919,40,220,18,278
4101920,55,370,39,464
4101921,35,311,51,397
4101922,48,209,16,273
4101923,39,394,13,446
4101924,38,267,18,323
4101925,64,392,28,484
4101926,66,356,31,453
4101927,37,240,29,306
4101928,37,210,0,247
4101929,38,186,17,241
4101930,28,218,6,252
4101931,42,267,6,315
4101932,53,376,18,447
4102001,40,253,20,313
4102002,26,240,27,293
4102003,39,235,28,302
4102004,56,431,30,517
4102005,49,359,9,417
4102006,50,371,28,449
4102007,65,359,18,442
4102008,47,259,21,327
4102009,32,234,16,282
4102010,29,261,9,299
4102011,52,357,36,445
4102012,33,221,22,276
4102013,22,165,9,196
4102014,52,277,26,355
4102101,39,309,26,374
4102102,55,367,38,460
4102103,41,286,24,351
4102104,68,405,41,514
4102105,37,275,21,333
4102106,56,329,24,409
4102107,23,243,25,291
4102108,39,254,22,315
4102109,67,409,23,499
4102110,31,285,30,346
4102111,69,347,36,452
4102112,0,0,0,0
4102113,28,243,17,288
4102114,27,240,15,282
4102115,32,182,15,229
4102116,34,300,30,364
4102117,62,290,18,370
4102118,52,253,10,315
4102119,64,368,37,469
4102120,31,209,12,252
4102121,56,434,34,524
4102122,44,318,13,375
4102123,19,217,21,257
4102124,37,169,9,215
4102125,54,373,30,457
4102126,41,311,25,377
4102127,45,290,17,352
4102128,42,222,30,294
4102129,36,226,17,279
4102130,22,243,12,277
4102131,24,152,15,191
4102132,24,282,45,351
4102133,31,236,15,282
4102134,45,290,25,360
4102135,18,143,14,175
4102201,43,408,35,486
4102202,38,238,11,287
4102203,35,299,24,358
4102204,33,316,25,374
4102205,42,245,19,306
4102206,62,341,59,462
4102207,59,365,26,450
4102208,41,216,32,289
4102209,37,308,24,369
4102210,54,363,46,463
4102211,68,341,30,439
4102212,39,195,12,246
4102213,50,319,11,380
4102214,46,218,17,281
4102215,28,245,27,300
4102216,39,205,12,256
4102217,34,181,7,222
4102301,49,231,12,292
4102302,74,372,25,471
4102303,58,291,23,372
4102304,61,361,39,461
4102305,47,406,18,471
4102306,41,264,6,311
4102307,46,287,21,354
4102308,68,345,12,425
4102309,57,315,16,388
4102310,75,373,31,479
4102311,25,227,21,273
4102312,43,331,24,398
4102313,20,201,18,239
4102314,42,219,13,274
4102315,42,304,27,373
4102316,27,225,17,269
4102317,16,152,11,179
4102318,48,313,17,378
4102319,36,385,40,461
4102320,19,152,126,297
4102321,30,172,6,208
4102322,40,228,89,357
4102323,43,274,15,332
4102324,62,336,26,424
4102325,67,447,16,530
4102326,35,242,12,289
4102327,47,288,12,347
4102328,63,323,44,430
4102329,32,269,18,319
4102330,65,408,19,492
4102331,51,368,12,431
4102332,52,294,15,361
4102333,44,306,24,374
4102334,38,353,18,409
4102335,27,282,27,336
4102336,38,206,6,250
4102337,25,220,18,263
4102338,18,234,22,274
4102339,33,207,80,320
4102340,32,203,18,253
4102341,34,209,10,253
4102401,38,316,30,384
4102402,35,326,19,380
4102403,30,246,8,284
4102404,33,402,6,441
4102405,67,374,8,449
4102406,52,325,24,401
4102407,38,242,38,318
4102408,50,262,13,325
4102409,30,236,9,275
4102410,74,476,31,581
4102411,57,448,38,543
4102412,65,425,34,524
4102413,65,366,15,446
4102414,47,378,24,449
4102415,47,376,30,453
4102416,63,410,28,501
4102417,52,337,10,399
4102418,62,391,15,468
4102419,56,277,16,349
4102420,36,493,37,566
4102421,50,317,10,377
4102422,32,256,27,315
4102423,62,410,30,502
4102424,40,397,13,450
4102425,33,427,17,477
4102426,41,282,10,333
4102427,53,421,48,522
4102428,47,262,18,327
4102429,41,423,25,489
4102430,51,311,19,381
4102431,40,260,16,316
4102432,46,251,24,321
4102433,32,216,21,269
4102434,46,270,14,330
4102435,37,264,15,316
4102436,48,309,31,388
4102437,56,385,50,491
4102438,35,389,62,486
4102439,65,493,37,595
4102440,36,214,7,257
4102501,32,282,25,339
4102502,17,114,0,131
4102503,57,342,28,427
4102504,25,121,3,149
4102505,34,241,13,288
4102506,33,293,27,353
4102507,49,389,32,470
4102508,39,352,31,422
4102509,39,270,24,333
4102510,63,394,34,491
4102511,39,266,13,318
4102512,37,305,15,357
4102513,24,352,12,388
4102514,42,291,15,348
4102515,34,256,6,296
4102516,18,102,3,123
4102517,28,225,14,267
4102518,22,244,0,266
4102519,25,178,3,206
4102520,26,140,3,169
4102521,28,235,24,287
4102522,38,223,33,294
4102523,0,0,0,0
4102601,60,316,58,434
4102602,30,256,19,305
4102603,15,219,28,262
4102604,35,257,66,358
4102605,24,146,9,179
4102606,40,176,14,230
4102607,24,218,15,257
4102608,65,377,18,460
4102609,74,440,40,554
4102610,43,234,24,301
4102611,39,259,32,330
4102612,24,260,27,311
4102613,21,182,10,213
4102614,39,282,12,333
4102615,30,264,16,310
4102616,18,183,9,210
4102617,29,91,3,123
4102618,18,134,12,164
4102619,78,464,41,583
4102620,0,0,0,0
4102621,34,246,14,294
4102622,57,340,35,432
4102623,99,565,53,717
4102624,33,202,22,257
4102625,60,368,20,448
4102626,42,362,31,435
4102627,36,190,19,245
4102628,61,313,23,397
4102629,44,346,18,408
4102630,63,328,36,427
4102631,13,168,4,185
4102632,61,381,36,478
4102633,51,324,16,391
4102634,37,229,19,285
4102635,34,224,32,290
4102636,36,239,34,309
4102637,53,267,40,360
4102638,27,172,6,205
4102639,58,398,34,490
4102640,22,161,6,189
4102641,25,167,12,204
4102642,25,118,28,171
4102643,34,228,16,278
4102644,26,158,22,206
4102645,39,195,26,260
4102646,10,136,12,158
4102647,0,0,0,0
4102701,35,168,9,212
4102702,43,325,15,383
4102703,29,157,13,199
4102704,30,200,27,257
4102705,32,153,15,200
4102706,24,176,15,215
4102707,20,189,15,224
4102708,37,246,16,299
4102709,25,159,3,187
4102710,32,219,4,255
4102711,31,248,35,314
4102712,47,308,20,375
4102713,49,317,5,371
4102714,33,195,5,233
4102715,21,164,18,203
4102716,30,155,19,204
4102801,42,251,12,305
4102802,35,257,7,299
4102803,46,266,6,318
4102804,33,307,24,364
4102805,64,425,22,511
4102806,62,436,30,528
4102807,41,244,45,330
4102808,23,147,20,190
4102809,47,377,36,460
4102810,60,412,13,485
4102811,26,179,12,217
4102812,45,312,29,386
4102813,39,265,21,325
4102814,48,273,28,349
4102815,60,466,13,539
4102816,64,573,23,660
4102817,45,376,19,440
4102818,50,480,22,552
4102819,26,285,15,326
4102820,37,343,14,394
4102821,27,216,9,252
4102822,36,279,10,325
4102823,31,243,39,313
4102824,50,302,15,367
4102825,45,347,18,410
4102826,43,238,18,299
4102827,43,327,22,392
4102828,29,208,24,261
4102829,55,356,34,445
4102830,61,390,33,484
4102831,56,476,24,556
4102832,24,185,7,216
4102901,39,161,37,237
4102902,30,229,18,277
4102903,31,303,15,349
4102904,35,279,12,326
4102905,34,218,9,261
4102906,62,289,45,396
4102907,56,314,53,423
4102908,84,654,71,809
4102909,35,287,63,385
4102910,45,225,58,328
4102911,46,327,60,433
4102912,32,181,33,246
4102913,35,299,42,376
4102914,31,187,30,248
4102915,21,131,41,193
4102916,26,144,31,201
4102917,66,380,77,523
4102918,33,249,51,333
4102919,199,1814,174,2187
4102920,57,346,34,437
4102921,45,278,18,341
4102922,0,3,0,3
4102923,39,252,40,331
4102924,46,239,30,315
4102925,62,299,45,406
4102926,32,231,23,286
4102927,60,308,28,396
4102928,7,93,7,107
4102929,20,166,6,192
4103001,30,241,33,304
4103002,0,0,0,0
4103003,71,406,61,538
4103004,44,300,46,390
4103005,45,284,36,365
4103006,42,324,51,417
4103007,67,301,44,412
4103008,33,171,37,241
4103009,47,268,55,370
4103010,67,292,37,396
4103011,46,220,35,301
4103012,42,290,33,365
4103013,35,171,42,248
4103014,33,189,42,264
4103015,43,216,33,292
4103016,0,0,0,0
4103017,11,99,24,134
4103018,44,210,17,271
4103019,51,263,57,371
4103020,28,252,55,335
4103021,24,198,14,236
4103022,64,295,37,396
4103023,70,338,53,461
4103024,31,234,16,281
4103025,0,0,0,0
4103026,47,220,58,325
4103027,15,114,12,141
4103101,45,288,43,376
4103102,46,287,15,348
4103103,35,238,15,288
4103104,21,154,15,190
4103105,48,374,14,436
4103106,49,349,28,426
4103107,53,234,15,302
4103108,25,184,24,233
4103109,41,247,30,318
4103110,47,332,48,427
4103111,37,266,32,335
4103112,26,198,21,245
4103113,62,348,27,437
4103114,42,336,13,391
4103115,39,217,20,276
4103116,35,174,18,227
4103117,42,247,45,334
4103118,31,209,23,263
4103119,54,183,36,273
4103120,52,303,23,378
4103121,53,349,45,447
4103122,35,177,18,230
4103123,41,292,63,396
4103124,33,278,12,323
4103125,29,246,15,290
4103126,14,212,6,232
4103127,64,309,49,422
4103128,29,204,28,261
4103129,25,152,0,177
4103130,44,203,13,260
4103131,33,120,20,173
4103201,19,111,35,165
4103202,55,705,72,832
4103203,73,678,65,816
4103204,59,598,39,696
4103205,31,174,19,224
4103206,33,256,9,298
4103207,30,223,0,253
4103208,38,256,18,312
4103209,53,371,18,442
4103210,60,326,40,426
4103211,9,117,4,130
4103212,84,620,31,735
4103213,33,316,38,387
4103301,38,236,24,298
4103302,23,144,26,193
4103303,14,151,15,180
4103304,45,283,18,346
4103305,36,224,3,263
4103306,22,208,15,245
4103307,3,9,0,12
4103308,32,242,7,281
4103309,21,137,0,158
4103401,42,297,19,358
4103402,43,263,28,334
4103403,40,232,30,302
4103404,26,194,25,245
4103405,52,269,19,340
4103406,39,206,21,266
4103407,53,322,50,425
4103408,30,204,32,266
4103409,18,251,28,297
4103410,41,211,25,277
4103411,34,293,25,352
4103412,53,267,33,353
4103413,32,234,31,297
4103414,34,260,38,332
4103415,44,303,36,383
4103416,35,215,30,280
4103417,34,255,34,323
4103418,45,214,23,282
4103419,24,273,42,339
4103420,59,218,38,315
4103421,60,305,28,393
4103422,42,208,15,265
4103423,36,213,12,261
4103424,63,307,27,397
4103425,38,301,55,394
4103426,44,269,34,347
4103427,67,360,26,453
4103428,16,162,25,203
4103429,43,288,73,404
4103501,72,376,62,510
4103502,35,226,29,290
4103503,43,161,18,222
4103504,12,123,32,167
4103505,36,162,24,222
4103506,16,112,6,134
4103507,63,366,54,483
4103508,63,479,43,585
4103509,107,380,57,544
4103601,21,135,13,169
4103602,0,0,0,0
4103603,49,382,49,480
4103604,31,251,47,329
4103605,62,348,41,451
4103606,38,206,27,271
4103607,34,292,56,382
4103608,22,284,35,341
4103609,63,236,43,342
4103610,48,407,47,502
4103611,51,338,21,410
4103612,35,333,30,398
4103613,38,275,52,365
4103614,41,261,23,325
4103615,41,290,34,365
4103616,61,382,39,482
4103617,36,372,63,471
4103618,52,355,34,441
4103619,53,311,33,397
4103620,61,333,43,437
4103621,63,480,42,585
4103622,40,395,42,477
4103623,59,348,47,454
4103624,32,324,45,401
4103625,32,273,51,356
4103626,32,275,21,328
4103627,34,202,28,264
4103628,41,341,59,441
4103629,24,254,21,299
4103630,40,274,17,331
4103631,46,410,64,520
4103632,44,259,43,346
4103633,44,283,26,353
4103634,50,270,38,358
4103635,42,304,35,381
4103636,54,382,36,472
4103637,37,348,21,406
4103638,30,212,5,247
4103639,36,186,21,243
4103640,56,264,38,358
4103641,56,288,48,392
4103642,49,411,54,514
4103643,56,355,27,438
4103644,39,289,105,433
4103645,0,0,0,0
4103646,43,339,95,477
4103647,12,0,0,12
4103648,0,0,0,0
4103649,25,192,41,258
4103650,21,152,25,198
4103651,0,0,0,0
4103701,44,229,23,296
4103702,37,233,12,282
4103703,39,261,12,312
4103704,37,223,3,263
4103705,48,297,21,366
4103706,56,326,29,411
4103707,28,152,25,205
4103708,38,185,21,244
4103709,45,357,12,414
4103710,23,172,14,209
4103711,30,216,12,258
4103712,72,496,21,589
4103713,3,167,13,183
4103714,58,368,30,456
4103715,57,325,24,406
4103716,0,0,628,628
4103717,40,245,38,323
4103718,44,214,34,292
4103719,37,222,33,292
4103720,19,197,30,246
4103721,28,316,43,387
4103722,33,214,7,254
4103723,41,246,14,301
4103724,31,348,31,410
4103725,39,264,6,309
4103726,26,194,15,235
4103727,56,369,21,446
4103728,47,352,19,418
4103729,29,264,9,302
4103730,37,352,26,415
4103731,50,372,15,437
4103732,49,293,24,366
4103733,33,247,29,309
4103734,25,215,18,258
4103735,56,383,26,465
4103736,58,452,45,555
4103737,50,260,32,342
4103738,44,316,26,386
4103739,50,356,21,427
4103740,37,237,15,289
4103741,35,332,11,378
4103742,60,323,24,407
4103743,30,208,21,259
4103744,23,191,3,217
4103745,24,136,26,186
4103746,59,313,75,447
4103747,41,302,72,415
4103748,17,123,10,150
4103749,43,186,32,261
4103750,18,229,15,262
4103801,48,312,34,394
4103802,35,257,41,333
4103803,58,366,35,459
4103804,40,323,15,378
4103805,38,360,33,431
4103806,40,331,29,400
4103807,68,416,41,525
4103808,37,288,37,362
4103809,36,290,27,353
4103810,44,294,25,363
4103811,43,400,36,479
4103812,41,269,15,325
4103813,77,427,21,525
4103814,60,434,36,530
4103815,29,303,42,374
4103816,32,284,27,343
4103817,54,350,44,448
4103818,40,240,17,297
4103819,43,313,14,370
4103820,42,376,42,460
4103821,54,287,38,379
4103822,26,297,26,349
4103823,54,343,42,439
4103824,51,290,38,379
4103825,68,425,32,525
4103826,53,260,26,339
4103827,44,248,28,320
4103828,39,282,38,359
4103829,62,390,44,496
4103830,63,397,20,480
4103831,29,299,94,422
4103832,43,284,34,361
4103833,48,377,18,443
4103834,34,259,27,320
4103835,44,432,41,517
4103836,26,170,37,233
4103837,39,275,20,334
4103838,40,335,23,398
4103839,27,245,6,278
4103901,0,3,0,3
4104001,29,294,33,356
4104002,51,343,19,413
4104003,45,288,9,342
4104004,19,207,33,259
4104005,56,366,47,469
4104006,46,331,16,393
4104007,30,174,17,221
4104008,36,227,25,288
4104009,28,184,5,217
4104010,23,282,30,335
4104011,72,384,37,493
4104012,34,248,25,307
4104013,43,274,6,323
4104014,36,309,26,371
4104015,34,224,8,266
4104016,38,197,6,241
4104017,47,392,9,448
4104018,52,306,25,383
4104019,39,299,22,360
4104020,36,187,7,230
4104021,40,305,24,369
4104022,50,329,30,409
4104023,51,293,27,371
4104024,45,275,27,347
4104025,53,351,32,436
4104026,47,257,24,328
4104027,49,308,25,382
4104028,48,238,17,303
4104029,0,0,0,0
4104030,46,296,10,352
4104031,48,257,15,320
4104032,16,187,23,226
4104033,37,214,30,281
4104034,31,239,14,284
4104035,44,266,15,325
4104036,25,218,14,257
4104037,27,272,22,321
4104101,41,214,9,264
4104102,42,334,51,427
4104103,34,334,26,394
4104104,51,400,45,496
4104105,32,285,20,337
4104106,73,404,29,506
4104107,28,239,6,273
4104108,29,205,29,263
4104109,34,195,15,244
4104110,58,290,37,385
4104111,40,273,36,349
4104112,41,284,13,338
4104113,38,214,16,268
4104114,34,320,22,376
4104115,28,162,18,208
4104116,49,195,25,269
4104117,40,352,32,424
4104118,52,307,47,406
4104119,28,271,27,326
4104120,42,288,24,354
4104121,37,319,36,392
4104122,32,247,15,294
4104123,52,274,44,370
4104124,44,332,9,385
4104125,30,301,25,356
4104126,39,256,15,310
4104127,40,250,13,303
4104128,31,178,3,212
4104129,38,249,21,308
4104130,47,336,16,399
4104131,19,238,21,278
4104132,16,151,18,185
4104133,26,199,22,247
4104134,18,162,5,185
4104135,0,0,0,0
4104136,30,179,15,224
4104137,0,3,0,3
4104138,43,256,28,327
4104201,3,75,0,78
4104301,44,381,15,440
4104302,53,408,21,482
4104303,15,194,24,233
4104304,36,318,24,378
4104305,32,202,23,257
4104306,44,246,17,307
4104307,30,190,18,238
4104308,36,221,18,275
4104309,33,278,37,348
4104310,65,315,30,410
4104311,44,252,25,321
4104312,35,255,25,315
4104313,33,321,25,379
4104314,45,222,25,292
4104315,41,281,24,346
4104316,33,341,27,401
4104317,18,221,12,251
4104318,31,238,38,307
4104319,27,229,20,276
4104320,41,251,27,319
4104321,40,363,36,439
4104322,73,588,39,700
4104323,47,437,12,496
4104324,46,219,26,291
4104325,20,140,36,196
4104326,32,225,25,282
4104327,27,227,29,283
4104328,22,162,24,208
4104329,56,370,57,483
4104330,31,207,12,250
4104331,51,341,26,418
4104332,28,305,25,358
4104333,39,242,25,306
4104334,21,130,18,169
4104335,18,249,20,287
4104336,22,174,10,206
4104337,35,247,0,282
4104401,37,382,36,455
4104402,35,331,19,385
4104403,27,215,15,257
4104404,51,339,38,428
4104405,33,309,23,365
4104406,34,266,18,318
4104407,56,270,41,367
4104408,32,151,21,204
4104409,39,241,21,301
4104410,34,261,30,325
4104411,44,256,33,333
4104412,34,229,28,291
4104413,27,236,23,286
4104414,26,245,27,298
4104415,16,143,19,178
4104416,28,262,19,309
4104417,45,327,36,408
4104418,76,411,41,528
4104419,46,384,27,457
4104420,22,207,14,243
4104421,44,308,35,387
4104422,32,297,31,360
4104423,42,323,19,384
4104424,37,354,30,421
4104425,35,228,22,285
4104426,31,207,15,253
4104427,40,262,33,335
4104428,42,319,23,384
4104429,55,295,22,372
4104430,35,217,18,270
4104431,27,255,12,294
4104432,28,228,13,269
4104433,35,160,22,217
4104434,31,252,20,303
4104435,8,140,30,178
4104436,37,227,21,285
4104437,35,223,15,273
4104438,22,213,28,263
4104501,85,451,52,588
4104502,26,294,13,333
4104503,61,392,38,491
4104504,42,234,44,320
4104505,40,274,26,340
4104506,40,222,68,330
4104507,25,186,52,263
4104508,39,303,28,370
4104509,36,193,18,247
4104510,57,348,29,434
4104511,31,278,28,337
4104512,44,315,22,381
4104513,22,214,9,245
4104514,31,209,24,264
4104515,42,260,19,321
4104516,0,3,0,3
4104517,44,324,15,383
4104518,34,242,24,300
4104519,0,6,0,6
4104520,67,819,53,939
4104521,31,638,176,845
4104522,29,339,13,381
4104523,38,229,13,280
4104524,40,367,18,425
4104525,46,380,12,438
4104526,34,345,21,400
4104527,15,167,24,206
4104528,0,0,0,0
4104529,66,784,64,914
4104530,35,491,18,544
4104531,35,213,12,260
4104532,55,318,34,407
4104533,102,1067,60,1229
4104534,51,526,40,617
4104535,42,198,15,255
4104536,30,178,98,306
4104537,46,339,22,407
4104601,53,275,21,349
4104602,57,343,119,519
4104603,69,361,59,489
4104604,57,317,37,411
4104605,52,362,35,449
4104606,64,250,35,349
4104607,52,311,39,402
4104608,24,144,30,198
4104609,60,392,37,489
4104610,41,366,54,461
4104611,58,363,22,443
4104612,49,293,20,362
4104613,24,261,42,327
4104614,50,285,36,371
4104615,37,265,26,328
4104616,32,139,18,189
4104617,66,344,72,482
4104618,50,303,46,399
4104619,54,419,36,509
4104620,29,254,29,312
4104621,46,251,38,335
4104622,54,350,42,446
4104623,71,406,72,549
4104624,65,362,47,474
4104625,26,189,28,243
4104626,61,271,23,355
4104627,51,329,33,413
4104628,36,417,32,485
4104629,37,219,19,275
4104630,0,0,0,0
4104631,68,419,51,538
4104632,56,308,38,402
4104633,41,218,15,274
4104634,50,430,46,526
4104701,36,168,30,234
4104702,26,175,11,212
4104703,35,225,12,272
4104704,50,297,9,356
4104705,51,275,6,332
4104706,26,227,20,273
4104707,52,327,38,417
4104708,43,320,45,408
4104709,48,234,10,292
4104710,24,186,16,226
4104711,47,287,9,343
4104712,48,295,37,380
4104713,27,213,25,265
4104714,59,348,14,421
4104715,25,171,9,205
4104716,0,0,0,0
4104717,43,245,20,308
4104718,36,281,41,358
4104719,45,208,31,284
4104720,29,334,15,378
4104721,38,245,6,289
4104722,44,347,25,416
4104723,36,271,24,331
4104724,68,356,33,457
4104725,18,227,21,266
4104726,32,180,27,239
4104727,23,183,13,219
4104728,71,321,37,429
4104729,47,226,21,294
4104730,24,190,24,238
4104731,29,201,21,251
4104732,67,355,30,452
4104733,72,351,35,458
4104734,37,181,24,242
4104735,31,221,9,261
4104736,28,238,16,282
4104737,54,418,35,507
4104738,59,297,26,382
4104739,56,393,30,479
4104740,46,184,24,254
4104741,35,309,35,379
4104742,20,189,21,230
4104743,51,264,28,343
4104744,51,270,8,329
4104801,25,245,38,308
4104802,3,184,6,193
4104803,30,196,31,257
4104804,28,351,33,412
4104805,23,158,18,199
4104806,63,313,32,408
4104807,57,342,53,452
4104808,37,266,57,360
4104809,49,369,34,452
4104810,52,431,31,514
4104811,36,328,30,394
4104812,45,345,34,424
4104813,46,337,16,399
4104814,47,259,15,321
4104815,60,262,35,357
4104816,33,185,26,244
4104817,31,150,20,201
4104818,64,417,38,519
4104819,76,423,113,612
4104820,39,348,27,414
4104821,38,341,40,419
4104822,26,238,22,286
4104823,14,141,15,170
4104824,51,293,54,398
4104825,44,238,21,303
4104826,56,269,65,390
4104827,17,135,6,158
4104828,79,689,51,819
4104829,24,169,23,216
4104830,14,151,13,178
4104831,50,414,45,509
4104832,29,232,39,300
4104833,25,177,18,220
4104834,26,189,21,236
4104901,33,190,3,226
4104902,21,136,6,163
4104903,33,206,12,251
4104904,29,342,21,392
4104905,42,323,14,379
4104906,33,212,9,254
4104907,24,257,31,312
4104908,22,241,22,285
4104909,44,184,6,234
4104910,22,242,10,274
4104911,44,242,12,298
4104912,23,234,3,260
4104913,17,213,17,247
4104914,0,0,0,0
4104915,41,307,26,374
4104916,37,410,7,454
4104917,47,352,17,416
4104918,27,268,10,305
4104919,24,201,14,239
4104920,26,250,30,306
4104921,40,272,27,339
4104922,20,161,13,194
4104923,99,795,27,921
4104924,34,183,12,229
4104925,28,238,13,279
4105001,11,191,18,220
4105002,49,335,3,387
4105003,24,215,13,252
4105004,55,276,17,348
4105005,42,243,10,295
4105006,21,220,12,253
4105007,10,192,11,213
4105008,38,357,18,413
4105009,24,334,25,383
4105010,33,231,25,289
4105011,29,292,10,331
4105012,37,337,14,388
4105013,27,184,10,221
4105014,26,201,13,240
4105015,31,307,3,341
4105016,45,410,19,474
4105017,45,318,0,363
4105018,37,247,5,289
4105019,31,256,17,304
4105020,25,337,7,369
4105021,29,199,4,232
4105022,13,142,6,161
4105023,34,161,3,198
4105101,47,255,21,323
4105102,22,139,7,168
4105103,32,189,3,224
4105104,61,421,36,518
4105105,47,245,8,300
4105106,43,330,39,412
4105107,6,21,0,27
4105108,46,267,18,331
4105109,46,269,10,325
4105110,19,215,10,244
4105111,27,295,32,354
4105112,37,207,15,259
4105113,24,128,16,168
4105114,20,155,10,185
4105115,52,276,0,328
4105116,40,272,13,325
4105117,20,200,19,239
4105118,45,273,15,333
4105119,21,218,9,248
4105120,39,218,12,269
4105121,57,333,13,403
4105122,42,256,0,298
4105123,46,230,22,298
4105124,20,160,9,189
4105125,39,215,25,279
4105126,37,264,33,334
4105127,53,316,20,389
4105128,29,251,12,292
4105129,54,338,15,407
4105201,47,308,28,383
4105202,52,278,26,356
4105203,51,373,151,575
4105204,35,232,15,282
4105205,36,437,13,486
4105206,59,261,18,338
4105207,28,198,19,245
4105208,62,508,15,585
4105209,57,389,26,472
4105210,41,288,18,347
4105211,0,0,0,0
4105212,38,405,46,489
4105213,46,400,29,475
4105214,38,313,22,373
4105215,49,429,49,527
4105216,70,407,24,501
4105217,41,306,25,372
4105218,56,368,35,459
4105219,42,272,25,339
4105220,36,301,33,370
4105221,48,188,27,263
4105222,3,0,0,3
4105223,32,263,15,310
4105224,0,0,0,0
4105225,60,363,39,462
4105226,26,274,6,306
4105227,37,287,31,355
4105228,41,243,9,293
4105229,35,237,31,303
4105230,31,365,53,449
4105231,43,315,22,380
4105232,34,252,17,303
4105233,39,289,20,348
4105234,25,238,3,266
4105235,40,257,26,323
4105236,64,318,38,420
4105237,44,341,26,411
4105238,28,166,21,215
4105301,47,329,29,405
4105302,42,184,21,247
4105303,34,243,8,285
4105304,56,365,6,427
4105305,23,250,21,294
4105306,41,303,25,369
4105307,42,330,7,379
4105308,21,240,15,276
4105309,39,246,22,307
4105310,35,261,33,329
4105311,24,265,6,295
4105312,50,293,15,358
4105313,36,224,15,275
4105314,29,295,19,343
4105315,40,232,17,289
4105316,22,178,3,203
4105317,68,430,34,532
4105318,39,371,26,436
4105319,39,304,12,355
4105320,41,276,9,326
4105321,37,212,12,261
4105322,26,298,6,330
4105323,37,258,12,307
4105324,59,472,21,552
4105325,39,226,6,271
4105326,26,193,4,223
4105327,42,261,11,314
4105328,59,271,21,351
4105329,23,162,9,194
4105330,22,246,9,277
4105331,35,260,10,305
4105332,46,294,20,360
4105333,48,359,9,416
4105334,53,306,13,372
4105335,34,160,6,200
4105336,31,284,9,324
4105337,52,329,20,401
4105338,36,274,19,329
4105339,21,213,3,237
4105340,58,319,8,385
4105341,40,252,45,337
4105342,36,182,24,242
4105343,21,185,6,212
4105344,47,309,23,379
4105345,21,143,7,171
4105346,41,239,15,295
4105347,57,252,13,322
4105348,31,238,18,287
4105349,28,185,9,222
4105401,59,363,13,435
4105402,40,297,24,361
4105403,32,221,18,271
4105404,49,286,12,347
4105405,40,217,12,269
4105406,58,414,25,497
4105407,30,278,18,326
4105408,58,344,16,418
4105409,26,203,6,235
4105410,78,397,15,490
4105411,61,336,14,411
4105412,43,232,16,291
4105413,45,407,9,461
4105414,52,406,34,492
4105415,37,251,13,301
4105416,34,231,36,301
4105417,0,0,0,0
4105418,61,356,19,436
4105419,63,343,25,431
4105420,48,344,12,404
4105421,21,147,3,171
4105422,55,367,23,445
4105423,72,446,35,553
4105424,53,446,40,539
4105425,15,158,9,182
4105426,34,273,24,331
4105427,58,325,15,398
4105428,14,186,6,206
4105429,17,175,18,210
4105430,37,398,25,460
4105431,16,210,4,230
4105432,49,297,24,370
4105433,69,381,15,465
4105434,30,241,18,289
4105435,40,282,15,337
4105436,61,417,37,515
4105501,24,213,12,249
4105502,46,368,27,441
4105503,42,309,24,375
4105504,52,295,28,375
4105505,29,244,13,286
4105506,45,250,15,310
4105507,41,238,0,279
4105508,0,21,0,21
4105509,54,352,22,428
4105510,46,311,29,386
4105511,58,396,20,474
4105512,52,344,33,429
4105513,42,415,75,532
4105514,55,409,37,501
4105515,53,335,21,409
4105516,49,234,14,297
4105517,26,242,9,277
4105518,39,252,22,313
4105519,57,381,28,466
4105520,41,338,9,388
4105521,46,271,9,326
4105522,35,265,7,307
4105523,32,214,16,262
4105524,3,55,0,58
4105525,17,256,9,282
4105526,47,267,15,329
4105527,34,321,13,368
4105528,32,198,6,236
4105529,47,216,6,269
4105530,49,373,27,449
4105601,26,219,17,262
4105602,33,219,26,278
4105603,43,276,15,334
4105604,24,162,0,186
4105605,23,417,15,455
4105606,35,240,10,285
4105607,46,371,17,434
4105608,53,323,41,417
4105609,36,244,16,296
4105610,25,179,27,231
4105611,43,290,16,349
4105612,49,280,26,355
4105613,71,385,27,483
4105614,53,287,29,369
4105615,39,296,18,353
4105616,29,206,10,245
4105617,69,405,28,502
4105618,40,331,22,393
4105619,65,296,12,373
4105620,44,300,40,384
4105621,33,218,18,269
4105622,29,210,17,256
4105623,73,409,36,518
4105624,46,300,25,371
4105625,22,225,12,259
4105626,37,299,35,371
4105627,54,332,36,422
4105628,48,369,58,475
4105629,41,343,39,423
4105630,42,286,16,344
4105631,57,341,28,426
4105632,72,333,14,419
4105701,52,377,31,460
4105702,30,176,15,221
4105703,34,209,17,260
4105704,22,235,14,271
4105705,31,195,12,238
4105706,26,162,21,209
4105707,52,352,28,432
4105708,66,524,61,651
4105709,52,424,20,496
4105710,49,318,19,386
4105711,46,318,30,394
4105712,56,367,12,435
4105713,35,229,27,291
4105714,24,289,59,372
4105715,39,216,27,282
4105716,25,140,18,183
4105717,35,209,24,268
4105718,33,245,27,305
4105719,38,265,10,313
4105720,38,200,21,259
4105721,16,246,24,286
4105722,60,296,39,395
4105723,32,276,26,334
4105724,35,341,28,404
4105725,28,197,31,256
4105726,35,216,85,336
4105727,49,405,13,467
4105728,55,393,28,476
4105729,48,423,43,514
4105730,27,324,33,384
4105731,33,279,27,339
4105732,23,309,138,470
4105733,41,360,84,485
4105734,55,435,33,523
4105735,42,233,36,311
4105736,33,292,24,349
4105737,27,233,18,278
4105738,34,358,16,408
4105739,70,414,26,510
4105740,62,353,25,440
4105741,33,204,18,255
4105742,40,251,22,313
4105743,30,275,48,353
4105744,17,196,37,250
4105745,38,271,23,332
4105746,28,158,18,204
4105747,51,398,43,492
4105748,30,239,9,278
4105749,28,190,18,236
4105801,67,440,22,529
4105802,53,339,18,410
4105803,49,442,36,527
4105804,38,293,26,357
4105805,34,248,16,298
4105806,31,257,22,310
4105807,36,239,21,296
4105808,45,306,47,398
4105809,31,227,16,274
4105810,42,227,9,278
4105811,27,185,17,229
4105812,29,251,21,301
4105813,32,358,20,410
4105814,58,438,24,520
4105815,50,393,42,485
4105816,24,288,13,325
4105817,33,327,34,394
4105818,53,399,33,485
4105819,66,425,28,519
4105820,0,9,0,9
4105821,31,256,10,297
4105822,34,240,17,291
4105823,37,208,18,263
4105824,47,333,19,399
4105825,50,337,31,418
4105826,0,0,0,0
4105827,30,193,11,234
4105828,36,287,31,354
4105829,39,270,15,324
4105830,33,200,16,249
4105831,35,227,32,294
4105832,30,202,19,251
4105833,0,3,0,3
4105901,46,302,27,375
4105902,20,169,3,192
4105903,32,301,26,359
4105904,44,325,20,389
4105905,29,307,32,368
4105906,44,296,18,358
4105907,32,239,6,277
4105908,34,287,12,333
4105909,41,412,6,459
4105910,58,323,15,396
4105911,0,0,0,0
4105912,31,184,8,223
4105913,34,265,18,317
4105914,67,329,28,424
4105915,35,289,7,331
4105916,33,311,6,350
4105917,15,136,7,158
4105918,33,254,18,305
4105919,49,343,22,414
4105920,47,242,13,302
4105921,62,286,33,381
4105922,13,148,9,170
4105923,47,244,24,315
4105924,7,159,9,175
4105925,23,170,6,199
4105926,22,233,12,267
4105927,25,203,24,252
4105928,33,341,12,386
4105929,44,349,29,422
4105930,52,328,13,393
4105931,25,300,10,335
4105932,0,0,0,0
4105933,33,148,0,181
4105934,29,191,16,236
4106001,34,264,20,318
4106002,37,295,12,344
4106003,64,401,28,493
4106004,54,325,16,395
4106005,35,203,5,243
4106006,37,255,24,316
4106007,66,308,30,404
4106008,49,289,19,357
4106009,47,273,9,329
4106010,23,159,21,203
4106011,62,381,19,462
4106012,58,396,17,471
4106013,0,4,0,4
4106014,70,322,22,414
4106015,33,278,18,329
4106016,37,281,9,327
4106017,0,0,0,0
4106018,64,322,25,411
4106019,34,286,15,335
4106020,70,471,18,559
4106021,16,49,0,65
4106022,24,167,16,207
4106023,36,251,18,305
4106024,0,6,0,6
4106025,49,236,3,288
4106101,37,200,20,257
4106102,0,0,0,0
4106103,24,207,24,255
4106104,28,247,18,293
4106105,70,460,33,563
4106106,42,318,31,391
4106107,26,247,22,295
4106108,63,319,18,400
4106109,52,334,30,416
4106110,30,248,22,300
4106111,56,279,31,366
4106112,25,150,21,196
4106113,60,327,30,417
4106114,48,344,26,418
4106115,39,204,24,267
4106116,22,167,23,212
4106117,57,327,28,412
4106118,48,312,34,394
4106119,58,361,43,462
4106120,35,246,18,299
4106121,27,264,14,305
4106122,47,305,43,395
4106123,32,238,61,331
4106124,59,240,80,379
4106125,37,260,34,331
4106126,45,357,23,425
4106127,36,237,33,306
4106128,74,454,52,580
4106129,79,343,31,453
4106130,22,174,16,212
4106131,40,230,14,284
4106132,44,194,18,256
4106133,42,409,26,477
4106134,34,254,49,337
4106135,39,304,16,359
4106136,0,3,0,3
4106137,0,0,0,0
4106201,46,354,32,432
4106202,16,239,6,261
4106203,23,232,4,259
4106204,33,179,13,225
4106205,31,221,27,279
4106206,22,123,12,157
4106207,30,222,24,276
4106208,30,232,24,286
4106209,44,313,18,375
4106210,29,209,29,267
4106211,19,217,29,265
4106212,12,238,27,277
4106213,41,194,24,259
4106214,53,349,42,444
4106215,30,258,97,385
4106216,22,231,30,283
4106217,17,204,18,239
4106218,31,189,3,223
4106219,36,256,17,309
4106220,22,162,12,196
4106221,41,302,29,372
4106222,40,368,20,428
4106223,40,290,27,357
4106224,19,144,21,184
4106225,54,279,48,381
4106226,63,483,34,580
4106227,41,362,39,442
4106228,49,339,45,433
4106229,57,412,58,527
4106230,26,228,18,272
4106231,0,0,0,0
4106232,27,186,21,234
4106233,48,253,25,326
4106234,16,273,32,321
4106235,35,233,23,291
4106236,45,330,36,411
4106237,34,239,18,291
4106301,38,220,6,264
4106302,60,334,9,403
4106303,24,327,12,363
4106304,38,256,15,309
4106305,19,242,0,261
4106306,31,217,19,267
4106307,43,416,11,470
4106308,68,494,18,580
4106309,33,284,21,338
4106310,32,237,4,273
4106311,28,175,12,215
4106312,15,198,7,220
4106313,34,209,24,267
4106314,0,0,0,0
4106315,27,368,6,401
4106316,31,235,12,278
4106317,41,234,0,275
4106318,24,167,15,206
4106319,40,279,20,339
4106320,42,355,11,408
4106321,16,163,10,189
4106322,21,193,6,220
4106323,59,304,0,363
4106324,30,202,3,235
4106325,32,295,6,333
4106401,35,207,11,253
4106402,62,461,50,573
4106403,26,346,27,399
4106404,22,324,20,366
4106405,44,201,7,252
4106406,58,335,21,414
4106407,46,252,18,316
4106408,58,284,25,367
4106409,33,227,18,278
4106410,46,336,15,397
4106411,43,271,11,325
4106412,28,274,42,344
4106413,29,202,15,246
4106414,35,197,24,256
4106415,0,0,0,0
4106416,50,393,26,469
4106417,60,270,30,360
4106418,39,299,26,364
4106419,52,440,38,530
4106420,26,176,18,220
4106421,33,217,18,268
4106422,38,263,26,327
4106423,42,262,36,340
4106424,34,297,32,363
4106425,60,388,30,478
4106426,72,445,62,579
4106427,43,408,27,478
4106428,70,416,28,514
4106429,32,157,13,202
4106430,74,474,36,584
4106431,0,0,0,0
4106432,0,0,0,0
4106433,38,286,30,354
4106501,20,98,9,127
4106502,55,293,10,358
4106503,40,323,17,380
4106504,41,258,3,302
4106505,40,276,22,338
4106506,33,262,9,304
4106507,35,373,23,431
4106508,23,195,24,242
4106509,52,237,22,311
4106510,40,213,6,259
4106511,63,368,31,462
4106512,32,204,14,250
4106513,3,20,3,26
4106601,31,362,30,423
4106602,31,419,29,479
4106603,30,233,10,273
4106604,17,417,46,480
4106605,43,285,18,346
4106606,45,268,7,320
4106607,32,188,3,223
4106608,31,262,18,311
4106609,28,220,18,266
4106610,52,283,10,345
4106611,29,199,23,251
4106612,46,326,15,387
4106613,47,269,13,329
4106614,43,271,21,335
4106615,39,306,0,345
4106616,31,191,3,225
4106617,46,214,9,269
4106618,41,155,12,208
4106619,0,0,0,0
4106620,47,345,35,427
4106701,35,316,21,372
4106702,62,384,15,461
4106703,32,159,3,194
4106704,53,236,12,301
4106705,43,277,12,332
4106706,63,306,16,385
4106707,55,225,4,284
4106708,47,304,10,361
4106709,39,287,12,338
4106710,76,372,7,455
4106711,50,363,15,428
4106712,46,292,16,354
4106713,38,324,21,383
4106714,61,478,7,546
4106715,57,401,12,470
4106716,72,445,25,542
4106717,57,321,19,397
4106718,43,324,31,398
4106719,45,338,24,407
4106720,46,211,18,275
4106721,49,311,14,374
4106722,65,422,25,512
4106723,25,167,0,192
4106724,27,261,12,300
4106725,0,0,0,0
4106801,52,263,12,327
4106802,18,168,9,195
4106803,70,392,23,485
4106804,42,376,45,463
4106805,19,186,21,226
4106806,0,12,3,15
4106807,19,227,13,259
4106808,23,172,18,213
4106809,36,236,19,291
4106810,56,438,25,519
4106811,53,348,16,417
4106812,33,214,9,256
4106813,54,438,23,515
4106814,40,241,40,321
4106815,41,273,36,350
4106816,46,184,3,233
4106817,32,299,21,352
4106818,66,368,14,448
4106819,49,200,24,273
4106820,32,265,10,307
4106821,38,319,15,372
4106822,41,300,12,353
4106823,30,234,21,285
4106824,54,392,14,460
4106825,57,328,23,408
4106826,44,280,19,343
4106827,46,372,18,436
4106828,42,324,15,381
4106829,60,331,25,416
4106830,78,435,27,540
4106831,52,375,25,452
4106832,34,213,9,256
4106833,30,234,15,279
4106834,42,285,14,341
4106835,29,264,17,310
4106901,24,147,12,183
4106902,38,257,14,309
4106903,46,233,9,288
4106904,65,305,15,385
4106905,20,239,18,277
4106906,74,291,15,380
4106907,46,285,19,350
4106908,31,227,6,264
4106909,31,245,27,303
4106910,43,339,23,405
4106911,38,238,10,286
4106912,47,319,24,390
4106913,36,193,18,247
4106914,61,356,24,441
4106915,46,218,6,270
4106916,41,222,12,275
4106917,63,362,22,447
4106918,53,365,28,446
4106919,55,351,31,437
4106920,32,203,15,250
4106921,41,231,18,290
4106922,56,365,12,433
4106923,84,399,31,514
4106924,42,195,7,244
4106925,73,355,21,449
4106926,53,272,9,334
4106927,54,275,17,346
4106928,32,208,23,263
4106929,45,443,15,503
4106930,43,240,28,311
4106931,81,404,47,532
4106932,0,3,0,3
4106933,31,187,15,233
4106934,47,326,9,382
4106935,33,184,9,226
4106936,45,299,16,360
4106937,56,342,16,414
4106938,34,225,18,277
4106939,47,258,20,325
4107001,48,277,33,358
4107002,43,266,15,324
4107003,31,232,28,291
4107004,33,254,25,312
4107005,49,247,15,311
4107006,79,353,19,451
4107007,48,342,27,417
4107008,24,232,32,288
4107009,68,366,25,459
4107010,66,394,24,484
4107011,59,255,21,335
4107012,50,339,19,408
4107013,24,239,15,278
4107014,35,308,19,362
4107015,50,297,18,365
4107016,21,162,18,201
4107017,31,285,25,341
4107018,36,230,18,284
4107019,51,313,21,385
4107101,35,241,6,282
4107102,35,335,10,380
4107103,26,240,12,278
4107104,39,206,12,257
4107105,40,368,13,421
4107106,50,257,15,322
4107107,43,297,7,347
4107108,40,243,12,295
4107109,47,291,7,345
4107110,43,393,10,446
4107111,28,188,4,220
4107112,54,300,9,363
4107113,51,305,3,359
4107114,37,321,9,367
4107115,47,328,31,406
4107116,59,295,0,354
4107117,21,202,10,233
4107118,30,251,12,293
4107119,36,271,15,322
4107120,32,300,7,339
4107121,37,261,12,310
4107122,42,380,10,432
4107123,58,400,15,473
4107124,50,286,10,346
4107125,17,185,3,205
4107126,19,287,6,312
4107127,17,112,3,132
4107128,31,246,6,283
4107129,22,108,6,136
4107130,0,0,0,0
4107131,37,231,9,277
4107201,70,382,54,506
4107202,61,334,27,422
4107203,52,533,28,613
4107204,63,428,65,556
4107205,35,186,6,227
4107206,100,820,65,985
4107207,76,722,82,880
4107208,88,599,36,723
4107209,44,283,29,356
4107210,50,300,21,371
4107211,40,224,28,292
4107212,27,191,30,248
4107213,29,296,27,352
4107214,79,458,22,559
4107215,51,328,39,418
4107216,19,129,3,151
4107217,53,291,22,366
4107218,29,232,21,282
4107219,35,300,28,363
4107220,56,383,32,471
4107221,64,341,37,442
4107222,16,287,24,327
4107223,33,176,0,209
4107224,48,269,16,333
4107225,37,157,12,206
4107226,16,143,17,176
4107301,66,306,12,384
4107302,31,212,22,265
4107303,30,229,34,293
4107304,33,330,28,391
4107305,60,279,29,368
4107306,37,239,48,324
4107307,37,174,29,240
4107308,52,216,28,296
4107309,45,241,21,307
4107310,61,441,34,536
4107311,25,184,20,229
4107312,0,3,0,3
4107313,36,288,7,331
4107314,22,195,11,228
4107315,54,490,13,557
4107316,43,266,20,329
4107317,73,368,50,491
4107318,43,240,20,303
4107319,35,326,57,418
4107320,67,271,29,367
4107321,11,81,3,95
4107322,0,0,0,0
4107323,32,182,13,227
4107401,0,0,0,0
4107402,40,223,31,294
4107403,48,250,39,337
4107404,26,257,11,294
4107405,48,284,47,379
4107406,36,232,38,306
4107407,25,179,18,222
4107408,31,291,26,348
4107409,46,249,33,328
4107410,52,318,26,396
4107411,37,233,23,293
4107412,0,0,0,0
4107413,49,274,22,345
4107414,31,241,12,284
4107415,37,270,20,327
4107416,33,186,25,244
4107417,30,198,36,264
4107418,33,252,15,300
4107419,25,207,27,259
4107420,46,243,33,322
4107421,28,243,19,290
4107422,44,236,27,307
4107423,44,256,22,322
4107424,43,327,39,409
4107425,40,271,29,340
4107426,53,480,23,556
4107427,37,314,51,402
4107501,42,207,13,262
4107502,41,297,6,344
4107503,33,110,3,146
4107504,50,256,0,306
4107505,26,152,12,190
4107506,44,267,11,322
4107507,17,142,3,162
4107508,46,354,18,418
4107601,59,406,9,474
4107602,47,276,9,332
4107603,30,216,5,251
4107604,52,398,12,462
4107605,48,380,11,439
4107606,28,258,12,298
4107607,33,236,14,283
4107608,39,222,3,264
4107609,41,237,12,290
4107610,42,207,12,261
4107701,37,225,9,271
4107702,51,454,24,529
4107703,56,380,16,452
4107704,30,227,18,275
4107705,44,314,4,362
4107706,40,244,19,303
4107707,20,249,18,287
4107708,42,238,9,289
4107709,41,279,0,320
4107710,57,423,11,491
4107711,56,351,30,437
4107712,0,0,0,0
4107713,82,394,19,495
4107714,36,149,10,195
4107715,38,212,0,250
4107716,30,266,98,394
4107717,23,197,20,240
4107718,66,327,22,415
4107719,67,387,5,459
4107720,70,433,9,512
4107721,36,327,8,371
4107722,24,184,6,214
4107723,38,206,12,256
4107724,0,0,0,0
4107725,0,3,0,3
4107726,45,333,10,388
4107727,24,246,9,279
4107801,24,179,4,207
4107802,28,136,15,179
4107803,58,360,39,457
4107804,43,317,27,387
4107805,35,336,24,395
4107806,45,292,21,358
4107807,31,158,12,201
4107808,36,234,17,287
4107809,32,391,25,448
4107810,45,308,19,372
4107811,16,189,12,217
4107812,31,280,23,334
4107813,31,269,6,306
4107814,43,322,12,377
4107815,16,154,9,179
4107816,0,0,0,0
4107817,48,163,23,234
4107818,23,175,12,210
4107901,21,158,16,195
4107902,59,306,21,386
4107903,55,216,36,307
4107904,48,234,41,323
4107905,52,255,38,345
4107906,46,317,24,387
4107907,24,151,9,184
4107908,27,163,24,214
4107909,56,292,28,376
4107910,18,254,10,282
4107911,62,317,25,404
4107912,56,290,44,390
4107913,38,161,32,231
4107914,38,156,18,212
4107915,56,341,30,427
4107916,50,339,21,410
4107917,60,337,15,412
4107918,31,255,6,292
4107919,25,192,6,223
4108001,50,289,19,358
4108002,18,61,3,82
4108003,32,235,24,291
4108004,51,374,20,445
4108005,49,263,12,324
4108006,58,316,18,392
4108007,48,298,12,358
4108008,28,165,8,201
4108009,49,396,14,459
4108010,39,237,8,284
4108011,35,233,4,272
4108012,27,222,22,271
4108013,33,332,12,377
4108014,44,235,6,285
4108015,45,241,12,298
4108016,49,265,17,331
4108017,31,219,10,260
4108018,23,214,9,246
4108019,50,291,15,356
4108020,45,428,13,486
4108021,55,385,18,458
4108022,72,446,24,542
4108023,46,261,10,317
4108024,62,331,27,420
4108025,65,386,126,577
4108026,44,255,9,308
4108027,20,166,6,192
4108028,54,299,9,362
4108029,49,415,45,509
4108030,44,234,6,284
4108031,19,150,3,172
4108032,25,231,9,265
4108033,51,314,6,371
4108101,0,0,0,0
4108201,3,20,0,23
4108301,17,174,12,203
4108302,51,381,14,446
4108303,26,180,21,227
4108304,47,415,26,488
4108305,58,453,37,548
4108306,3,54,5,62
4108307,33,281,8,322
4108308,33,357,20,410
4108309,65,273,15,353
4108310,19,145,3,167
4108311,39,192,15,246
4108312,44,346,25,415
4108313,26,198,3,227
4108314,21,197,17,235
4108315,54,229,3,286
4108401,36,235,12,283
4108402,18,165,6,189
4108403,43,286,43,372
4108404,53,262,41,356
4108405,23,158,3,184
4108406,54,291,15,360
4108407,34,217,9,260
4108408,43,273,12,328
4108409,55,346,25,426
4108410,43,376,35,454
4108411,43,233,10,286
4108412,34,226,6,266
4108413,70,346,38,454
4108414,37,319,16,372
4108415,44,246,14,304
4108416,26,227,34,287
4108417,48,412,22,482
4108418,52,312,21,385
4108419,56,419,49,524
4108420,57,353,21,431
4108421,73,387,32,492
4108422,41,274,22,337
4108423,60,279,10,349
4108424,49,416,41,506
4108425,31,168,12,211
4108426,29,205,12,246
4108427,27,248,16,291
4108428,55,332,17,404
4108429,26,197,22,245
4108430,32,214,21,267
4108431,23,203,12,238
4108432,0,0,0,0
4108433,24,237,15,276
4108434,15,140,22,177
4108501,30,164,17,211
4108502,38,178,21,237
4108503,26,188,37,251
4108504,48,333,42,423
4108505,46,214,27,287
4108506,58,364,30,452
4108507,17,144,11,172
4108508,45,250,13,308
4108509,51,317,30,398
4108510,55,290,48,393
4108511,53,329,39,421
4108512,53,339,35,427
4108513,46,255,65,366
4108514,21,210,28,259
4108515,49,264,19,332
4108516,42,239,18,299
4108517,35,233,12,280
4108518,41,264,25,330
4108519,51,399,20,470
4108520,31,208,25,264
4108521,27,258,12,297
4108522,63,351,29,443
4108523,28,202,18,248
4108601,27,289,16,332
4108602,62,477,30,569
4108603,48,384,21,453
4108604,37,272,10,319
4108605,33,308,6,347
4108606,29,131,15,175
4108607,51,373,31,455
4108608,36,322,27,385
4108609,66,366,37,469
4108610,38,271,21,330
4108611,65,380,33,478
4108612,30,282,22,334
4108613,40,305,33,378
4108614,49,314,28,391
4108615,62,494,51,607
4108616,34,212,6,252
4108617,68,327,16,411
4108618,35,321,17,373
4108619,31,296,21,348
4108620,34,224,21,279
4108621,0,0,0,0
4108622,49,286,17,352
4108701,46,233,37,316
4108702,42,316,24,382
4108703,39,336,18,393
4108704,47,350,49,446
4108705,43,307,34,384
4108706,52,292,13,357
4108707,51,259,54,364
4108708,30,297,25,352
4108709,54,326,31,411
4108710,63,453,76,592
4108711,60,359,23,442
4108712,39,248,17,304
4108713,30,272,37,339
4108714,57,290,35,382
4108715,52,377,26,455
4108716,48,327,26,401
4108717,47,517,43,607
4108718,50,291,47,388
4108719,26,237,32,295
4108720,28,140,9,177
4108721,58,403,41,502
4108722,28,245,12,285
4108723,64,414,22,500
4108724,51,409,31,491
4108725,24,265,31,320
4108726,41,237,20,298
4108727,33,201,24,258
4108728,46,206,16,268
4108729,32,257,26,315
4108730,53,332,30,415
4108731,38,196,18,252
4108732,38,284,25,347
4108733,47,264,34,345
4108734,48,325,27,400
4108735,60,315,23,398
4108736,54,405,24,483
4108737,108,973,111,1192
4108738,21,155,6,182
4108801,53,267,5,325
4108802,29,235,16,280
4108803,32,284,10,326
4108804,47,314,13,374
4108805,28,174,0,202
4108806,25,102,6,133
4108807,39,222,12,273
4108808,48,247,16,311
4108809,32,157,3,192
4108810,36,187,14,237
4108901,0,0,0,0
4108902,58,369,15,442
4108903,54,404,47,505
4108904,57,327,37,421
4108905,40,275,9,324
4108906,31,253,7,291
4108907,42,253,6,301
4108908,59,325,3,387
4108909,25,244,20,289
4108910,21,145,0,166
4108911,43,283,9,335
4108912,30,252,12,294
4108913,21,259,19,299
4108914,28,224,3,255
4108915,42,254,19,315
4108916,48,332,14,394
4108917,37,341,15,393
4108918,31,154,0,185
4108919,41,281,9,331
4108920,73,497,27,597
4108921,28,214,3,245
4108922,38,368,6,412
4108923,47,367,22,436
4108924,25,200,3,228
4108925,27,245,13,285
4108926,45,245,11,301
4108927,26,206,0,232
4108928,0,0,0,0
4109001,27,174,16,217
4109002,46,224,12,282
4109003,52,352,20,424
4109004,42,296,17,355
4109005,38,279,12,329
4109006,28,161,12,201
4109007,27,275,19,321
4109008,50,298,35,383
4109009,47,274,26,347
4109010,46,306,21,373
4109011,30,195,3,228
4109012,36,255,30,321
4109013,42,308,107,457
4109014,39,337,20,396
4109015,36,268,30,334
4109016,25,291,21,337
4109017,19,167,13,199
4109018,9,156,18,183
4109019,35,201,15,251
4109101,45,302,20,367
4109102,41,305,32,378
4109103,64,358,14,436
4109104,52,301,12,365
4109105,39,262,8,309
4109106,59,321,24,404
4109107,27,270,18,315
4109108,42,228,19,289
4109109,34,235,12,281
4109110,39,207,15,261
4109111,36,302,24,362
4109112,44,286,18,348
4109113,75,436,39,550
4109114,43,254,19,316
4109115,53,358,9,420
4109116,27,223,13,263
4109117,77,427,26,530
4109118,67,405,12,484
4109119,60,444,75,579
4109120,36,202,20,258
4109121,48,271,14,333
4109122,59,401,58,518
4109123,42,388,117,547
4109124,37,191,9,237
4109125,43,276,18,337
4109126,63,365,70,498
4109127,52,277,61,390
4109128,40,283,50,373
4109129,51,263,47,361
4109130,44,250,89,383
4109201,57,400,36,493
4109202,61,278,17,356
4109203,22,148,9,179
4109204,42,269,15,326
4109205,34,223,11,268
4109206,53,322,19,394
4109207,59,257,12,328
4109208,41,225,21,287
4109209,65,320,33,418
4109210,78,466,16,560
4109211,40,234,21,295
4109212,37,193,5,235
4109213,43,264,21,328
4109214,50,295,39,384
4109215,47,283,27,357
4109216,38,258,15,311
4109217,35,213,10,258
4109218,68,401,23,492
4109219,52,320,24,396
4109220,60,403,35,498
4109221,53,344,29,426
4109222,61,432,31,524
4109223,30,167,18,215
4109224,33,255,18,306
4109225,31,323,25,379
4109226,46,211,21,278
4109227,25,211,16,252
4109228,19,149,13,181
4109229,43,225,39,307
4109230,34,228,15,277
4109231,35,245,30,310
4109232,47,264,12,323
4109233,43,291,56,390
4109234,34,305,45,384
4109301,52,323,13,388
4109302,72,368,32,472
4109303,13,110,18,141
4109304,45,247,14,306
4109305,61,495,44,600
4109306,47,268,19,334
4109307,52,313,37,402
4109308,43,221,36,300
4109309,42,265,46,353
4109310,22,251,30,303
4109311,40,349,48,437
4109312,34,221,12,267
4109313,29,226,6,261
4109314,36,259,27,322
4109315,36,241,24,301
4109316,43,350,33,426
4109317,30,271,28,329
4109318,28,174,18,220
4109319,25,238,61,324
4109320,23,256,54,333
4109321,24,357,45,426
4109322,24,240,27,291
4109323,61,339,14,414
4109324,30,279,10,319
4109325,32,218,6,256
4109326,28,172,3,203
4109327,55,384,24,463
4109328,44,280,0,324
4109329,38,218,21,277
4109330,18,166,10,194
4109331,27,186,13,226
4109332,27,203,21,251
4109333,28,240,21,289
4109334,30,234,24,288
4109335,67,325,33,425
4109336,32,167,15,214
4109337,33,238,55,326
4109338,32,208,15,255
4109339,38,237,18,293
4109340,35,268,3,306
4109341,42,197,15,254
4109342,37,215,29,281
4109343,37,191,29,257
4109344,29,230,90,349
4109401,50,350,42,442
4109402,46,254,15,315
4109403,39,273,24,336
4109404,55,393,42,490
4109405,37,312,42,391
4109406,37,318,47,402
4109407,68,434,35,537
4109408,63,515,50,628
4109409,0,0,0,0
4109410,0,0,0,0
4109411,49,333,20,402
4109412,33,207,22,262
4109413,27,198,12,237
4109414,61,207,3,271
4109501,0,0,0,0
4109502,41,260,22,323
4109503,52,370,21,443
4109504,65,268,34,367
4109505,65,390,30,485
4109506,43,279,76,398
4109507,24,189,10,223
4109508,39,253,30,322
4109509,67,363,52,482
4109510,38,241,39,318
4109511,48,460,25,533
4109512,60,318,29,407
4109513,47,235,11,293
4109514,41,182,18,241
4109515,46,251,18,315
4109516,60,298,34,392
4109517,0,0,0,0
4109518,19,182,22,223
4109519,42,318,39,399
4109520,48,223,21,292
4109521,57,319,28,404
4109522,57,276,25,358
4109523,43,324,36,403
4109524,55,323,19,397
4109525,42,353,45,440
4109526,45,175,26,246
4109527,35,230,5,270
4109528,36,226,12,274
4109529,40,297,21,358
4109530,49,424,17,490
4109531,51,327,29,407
4109532,55,342,27,424
4109533,52,266,9,327
4109534,21,139,3,163
4109535,42,311,16,369
4109536,24,209,4,237
4109537,43,240,5,288
4109538,11,225,21,257
4109539,48,239,18,305
4109540,24,152,38,214
4109541,19,174,13,206
4109601,50,304,22,376
4109602,38,285,22,345
4109603,52,243,27,322
4109604,35,280,34,349
4109605,67,467,61,595
4109606,72,392,24,488
4109607,36,183,27,246
4109608,31,257,25,313
4109609,37,290,138,465
4109610,78,342,44,464
4109611,24,183,13,220
4109612,40,272,25,337
4109613,31,229,36,296
4109614,53,266,28,347
4109615,44,212,15,271
4109616,46,187,0,233
4109617,41,347,18,406
4109618,33,243,17,293
4109619,67,386,21,474
4109620,58,340,14,412
4109621,67,376,29,472
4109622,73,349,24,446
4109623,51,271,26,348
4109624,65,377,19,461
4109625,67,419,25,511
4109626,52,382,21,455
4109627,26,186,9,221
4109628,36,214,9,259
4109629,53,252,27,332
4109630,32,223,18,273
4109631,31,277,24,332
4109632,34,237,7,278
4109633,25,238,28,291
4109634,44,293,29,366
4109701,38,203,37,278
4109702,38,293,26,357
4109703,29,227,68,324
4109704,38,336,43,417
4109705,44,300,33,377
4109706,53,224,33,310
4109707,48,319,33,400
4109708,22,161,20,203
4109709,46,299,53,398
4109710,33,221,18,272
4109711,4,71,8,83
4109712,37,408,23,468
4109713,42,269,9,320
4109714,37,201,7,245
4109715,67,337,38,442
4109716,35,261,12,308
4109717,62,245,30,337
4109718,67,430,54,551
4109719,40,270,24,334
4109720,44,270,65,379
4109721,45,419,57,521
4109722,33,207,9,249
4109723,64,446,41,551
4109724,23,255,24,302
4109725,50,238,6,294
4109726,45,323,34,402
4109727,36,222,12,270
4109728,42,251,17,310
4109729,58,292,36,386
4109730,44,300,37,381
4109731,65,345,48,458
4109732,44,234,19,297
4109733,21,222,7,250
4109734,33,195,11,239
4109735,23,183,11,217
4109736,37,211,28,276
4109737,35,218,13,266
4109801,0,0,0,0
4109901,21,249,55,325
4109902,25,253,44,322
4109903,36,232,23,291
4109904,56,249,20,325
4109905,45,356,33,434
4109906,29,176,17,222
4109907,36,278,25,339
4109908,31,310,18,359
4109909,36,249,22,307
4109910,39,266,25,330
4109911,60,359,27,446
4109912,45,363,31,439
4109913,43,409,34,486
4109914,52,406,29,487
4109915,55,342,28,425
4109916,31,203,12,246
4109917,37,252,12,301
4109918,40,258,13,311
4109919,56,402,36,494
4109920,27,243,27,297
4109921,43,277,16,336
4109922,0,0,0,0
4109923,22,153,63,238
4109924,36,200,28,264
4109925,31,403,48,482
4109926,55,343,29,427
4109927,36,180,22,238
4109928,67,335,33,435
4109929,18,198,31,247
4109930,27,209,49,285
4109931,37,237,41,315
4109932,47,278,26,351
4109933,53,302,65,420
4109934,37,366,43,446
4109935,38,237,38,313
4109936,0,0,0,0
4109937,11,153,12,176
4110001,28,191,24,243
4110002,38,233,35,306
4110003,50,236,12,298
4110004,19,207,19,245
4110005,43,208,9,260
4110006,25,176,9,210
4110007,46,277,17,340
4110008,36,308,20,364
4110009,31,279,23,333
4110010,52,316,22,390
4110011,42,316,23,381
4110012,41,233,11,285
4110013,37,287,9,333
4110014,29,211,8,248
4110015,39,316,23,378
4110016,26,223,19,268
4110017,21,192,22,235
4110018,31,216,22,269
4110019,33,291,15,339
4110020,45,267,34,346
4110021,42,328,35,405
4110022,0,20,0,20
4110023,48,331,26,405
4110024,48,348,15,411
4110025,59,334,39,432
4110026,47,328,46,421
4110027,48,575,58,681
4110028,0,0,0,0
4110029,35,245,17,297
4110030,42,286,15,343
4110031,36,198,15,249
4110032,36,168,18,222
4110033,43,344,23,410
4110034,29,235,58,322
4110035,23,212,20,255
4110036,35,252,18,305
4110037,28,193,15,236
4110038,32,196,13,241
4110101,37,225,26,288
4110102,32,278,36,346
4110103,24,133,16,173
4110104,53,281,33,367
4110105,56,379,24,459
4110106,34,174,36,244
4110107,59,364,46,469
4110108,44,354,30,428
4110109,28,205,24,257
4110110,30,237,29,296
4110111,55,306,19,380
4110112,35,226,35,296
4110113,54,254,15,323
4110114,47,302,30,379
4110115,47,257,29,333
4110116,23,123,6,152
4110117,44,399,34,477
4110118,62,383,45,490
4110119,33,206,10,249
4110120,51,342,41,434
4110121,54,411,42,507
4110122,0,3,0,3
4110123,45,263,38,346
4110124,39,171,18,228
4110125,47,318,47,412
4110126,56,363,37,456
4110127,30,210,21,261
4110201,15,187,16,218
4110202,0,3,0,3
4110203,4,92,18,114
4110204,31,215,26,272
4110205,40,227,44,311
4110206,40,237,39,316
4110207,40,312,39,391
4110208,39,243,27,309
4110209,30,269,26,325
4110210,31,298,49,378
4110211,108,964,125,1197
4110212,32,205,42,279
4110213,41,308,41,390
4110214,36,227,23,286
4110215,43,329,57,429
4110216,30,296,69,395
4110217,51,387,42,480
4110218,0,160,9,169
4110219,0,0,0,0
4110220,106,669,69,844
4110221,0,8,0,8
4110222,52,341,42,435
4110223,22,263,27,312
4110224,0,3,0,3
4110225,60,360,45,465
4110226,25,224,29,278
4110227,57,353,35,445
4110228,52,327,28,407
4110229,47,277,33,357
4110230,0,0,0,0
4110231,44,258,37,339
4110232,44,267,28,339
4110233,25,300,20,345
4110234,53,303,31,387
4110235,42,293,41,376
4110236,49,262,13,324
4110237,46,267,35,348
4110238,51,425,82,558
4110239,30,227,39,296
4110240,53,319,37,409
4110241,30,230,23,283
4110242,31,211,28,270
4110301,0,12,0,12
4110401,0,0,0,0
4110501,18,126,10,154
4110502,39,287,12,338
4110503,69,394,17,480
4110504,28,281,36,345
4110505,45,286,37,368
4110506,43,263,19,325
4110507,32,160,12,204
4110601,58,386,32,476
4110602,50,345,31,426
4110603,41,284,49,374
4110604,37,319,16,372
4110605,32,294,36,362
4110606,48,293,54,395
4110607,55,318,18,391
4110608,52,423,76,551
4110609,56,245,16,317
4110610,40,306,44,390
4110611,24,275,21,320
4110612,33,255,21,309
4110613,58,293,18,369
4110614,28,166,27,221
4110615,28,222,9,259
4110616,43,283,23,349
4110617,52,340,17,409
4110618,29,308,22,359
4110619,25,260,25,310
4110620,41,353,29,423
4110621,36,198,14,248
4110622,39,305,24,368
4110623,50,395,21,466
4110624,30,171,29,230
4110625,27,268,18,313
4110626,48,325,26,399
4110627,60,337,24,421
4110628,29,162,0,191
4110629,31,247,15,293
4110701,0,0,0,0
4110702,30,344,24,398
4110703,28,269,15,312
4110704,41,410,24,475
4110705,18,115,4,137
4110706,23,123,18,164
4110707,32,175,22,229
4110708,64,424,27,515
4110709,43,269,25,337
4110710,52,302,32,386
4110711,63,296,21,380
4110712,0,0,0,0
4110713,44,280,31,355
4110714,19,214,21,254
4110715,52,392,30,474
4110716,33,265,22,320
4110717,26,400,138,564
4110718,40,439,46,525
4110719,47,382,29,458
4110720,24,198,12,234
4110721,42,384,25,451
4110722,76,443,28,547
4110723,52,359,50,461
4110724,50,390,32,472
4110725,40,230,30,300
4110726,31,181,19,231
4110727,26,341,23,390
4110728,40,369,39,448
4110729,42,412,36,490
4110730,56,435,40,531
4110731,55,354,39,448
4110732,21,229,16,266
4110733,36,427,31,494
4110734,29,249,15,293
4110735,30,373,45,448
4110736,61,493,26,580
4110737,50,394,28,472
4110738,42,383,30,455
4110739,0,5,0,5
4110740,25,306,30,361
4110741,48,315,21,384
4110742,40,308,17,365
4110743,39,276,29,344
4110744,34,258,27,319
4110745,37,185,161,383
4110746,32,247,24,303
4110747,28,298,19,345
4110748,31,201,19,251
4110749,52,292,13,357
4110750,42,234,23,299
4110751,34,318,24,376
4110752,66,349,41,456
4110753,28,234,11,273
4110754,24,152,23,199
4110755,19,165,9,193
4110801,49,311,36,396
4110802,42,299,43,384
4110803,43,270,29,342
4110804,40,345,47,432
4110805,37,300,40,377
4110806,42,281,9,332
4110807,34,240,13,287
4110808,63,349,22,434
4110809,0,0,0,0
4110810,42,277,22,341
4110811,52,335,45,432
4110812,58,335,28,421
4110813,48,362,33,443
4110814,32,307,21,360
4110815,55,373,31,459
4110816,44,295,28,367
4110817,41,251,24,316
4110818,57,408,39,504
4110819,70,448,30,548
4110820,50,454,40,544
4110821,40,350,34,424
4110822,61,456,27,544
4110823,32,249,19,300
4110824,38,245,35,318
4110825,66,388,27,481
4110826,56,272,15,343
4110827,23,248,15,286
4110828,33,304,24,361
4110829,61,422,48,531
4110830,22,293,38,353
4110831,25,236,27,288
4110832,29,193,17,239
4110833,24,181,18,223
4110834,38,222,15,275
4110835,28,195,21,244
4110836,33,267,20,320
4110837,56,228,18,302
4110901,43,209,19,271
4110902,44,335,34,413
4110903,20,147,12,179
4110904,26,228,27,281
4110905,0,0,0,0
4110906,35,311,31,377
4110907,54,349,12,415
4110908,38,284,14,336
4110909,39,271,12,322
4110910,34,303,21,358
4110911,56,239,8,303
4110912,0,8,0,8
4110913,31,268,33,332
4110914,17,171,22,210
4111001,38,270,0,308
4111002,53,304,25,382
4111003,35,226,44,305
4111004,47,244,40,331
4111005,20,115,19,154
4111006,41,186,3,230
4111007,24,140,14,178
4111008,34,213,18,265
4111009,50,271,12,333
4111010,33,179,18,230
4111011,32,213,9,254
4111012,43,214,72,329
4111013,38,249,21,308
4111014,41,213,25,279
4111015,32,263,18,313
4111016,25,208,12,245
4111017,33,282,15,330
4111101,53,184,27,264
4111102,30,199,17,246
4111103,41,263,21,325
4111104,29,196,9,234
4111105,20,183,0,203
4111106,23,158,18,199
4111107,25,112,4,141
4111108,55,344,29,428
4111109,45,234,11,290
4111110,29,184,3,216
4111111,45,245,9,299
4111112,36,220,21,277
4111113,31,157,14,202
4111114,58,235,13,306
4111115,21,141,9,171
4111116,27,253,18,298
4111117,27,179,9,215
4111118,44,308,18,370
4111119,17,148,21,186
4111120,24,186,19,229
4111121,40,204,26,270
4111122,28,241,31,300
4111123,46,267,35,348
4111124,38,150,12,200
4111125,36,214,16,266
4111201,28,145,3,176
4111202,25,190,18,233
4111203,18,121,0,139
4111204,32,284,16,332
4111205,22,156,8,186
4111206,48,344,16,408
4111207,44,261,18,323
4111208,25,187,15,227
4111209,18,119,3,140
4111210,27,182,21,230
4111211,21,177,3,201
4111212,37,302,15,354
4111213,34,202,4,240
4111214,51,398,27,476
4111215,48,245,9,302
4111216,44,258,3,305
4111217,13,118,3,134
4111301,33,239,9,281
4111302,40,282,13,335
4111303,28,197,10,235
4111304,39,144,5,188
4111305,26,219,45,290
4111306,26,234,19,279
4111307,30,212,35,277
4111308,37,247,13,297
4111309,18,134,15,167
4111310,16,136,18,170
4111401,20,180,9,209
4111402,39,202,19,260
4111403,12,133,3,148
4111404,30,250,12,292
4111405,37,232,29,298
4111406,35,265,6,306
4111407,48,279,24,351
4111408,29,165,9,203
4111409,74,604,11,689
4111410,38,352,21,411
4111411,42,257,15,314
4111412,56,332,32,420
4111413,33,256,19,308
4111414,29,203,26,258
4111415,32,285,27,344
4111501,53,265,4,322
4111502,53,413,38,504
4111503,79,476,20,575
4111504,59,455,25,539
4111505,25,126,9,160
4111506,50,281,21,352
4111507,44,303,22,369
4111508,42,281,21,344
4111509,29,213,15,257
4111510,27,158,12,197
4111601,25,167,3,195
4111602,42,224,24,290
4111603,22,133,6,161
4111604,25,207,13,245
4111605,40,219,21,280
4111606,47,435,32,514
4111607,23,199,9,231
4111608,14,161,12,187
4111609,32,236,15,283
4111610,27,215,20,262
4111611,50,430,27,507
4111701,47,242,9,298
4111702,23,113,3,139
4111703,58,282,19,359
4111704,19,136,6,161
4111705,25,92,12,129
4111706,26,127,3,156
4111707,15,177,9,201
4111708,33,249,18,300
4111709,38,233,7,278
4111710,25,179,16,220
4111711,14,144,38,196
4111712,46,244,32,322
4111713,30,276,27,333
4111714,24,154,9,187
4111715,22,192,22,236
4111716,43,268,21,332
4111801,25,206,23,254
4111802,21,164,15,200
4111803,42,247,31,320
4111804,52,273,27,352
4111805,42,223,20,285
4111806,12,101,7,120
4111807,42,302,20,364
4111808,40,241,25,306
4111809,27,136,24,187
4111810,37,144,15,196
4111811,28,214,26,268
4111812,39,204,15,258
4111813,0,0,0,0
4111814,28,249,16,293
4111901,48,258,18,324
4111902,35,116,6,157
4111903,19,150,6,175
4111904,31,221,35,287
4111905,35,289,28,352
4111906,39,227,22,288
4111907,49,254,12,315
4111908,42,292,27,361
4111909,62,438,37,537
4111910,35,340,77,452
4111911,34,260,27,321
4111912,27,195,19,241
4111913,22,173,18,213
4111914,40,214,15,269
4111915,36,158,18,212
4111916,25,251,12,288
4111917,23,186,7,216
4111918,36,216,16,268
4111919,20,118,15,153
4111920,16,86,12,114
4111921,45,286,23,354
4111922,6,98,19,123
4111923,62,423,33,518
4111924,53,269,34,356
4111925,31,137,6,174
4111926,18,155,4,177
4111927,23,148,13,184
4112001,32,196,17,245
4112002,18,113,3,134
4112003,24,119,4,147
4112004,32,202,4,238
4112005,22,122,3,147
4112006,25,145,0,170
4112007,30,204,18,252
4112008,16,143,15,174
4112009,28,282,21,331
4112010,26,220,15,261
4112011,13,128,12,153
4112012,68,395,41,504
4112013,71,330,27,428
4112014,27,145,15,187
4112015,31,160,15,206
4112016,16,116,3,135
4112101,38,212,25,275
4112102,24,135,27,186
4112103,22,175,31,228
4112104,56,286,33,375
4112105,40,144,20,204
4112106,50,292,52,394
4112107,33,207,7,247
4112108,21,149,27,197
4112109,27,190,39,256
4112110,23,169,12,204
4112111,33,220,15,268
4112112,50,201,19,270
4112113,30,269,26,325
4112114,45,207,24,276
4112115,22,180,12,214
4112116,26,143,18,187
4112117,30,192,38,260
4112118,25,138,18,181
4112201,31,165,31,227
4112202,0,0,0,0
4112203,13,202,15,230
4112204,32,213,27,272
4112205,57,331,50,438
4112206,0,6,0,6
4112207,33,266,26,325
4112208,49,336,25,410
4112209,34,304,27,365
4112210,26,214,13,253
4112211,24,215,32,271
4112212,22,174,21,217
4112213,27,124,9,160
4112214,29,229,13,271
4112215,50,305,17,372
4112216,39,296,25,360
4112217,21,187,9,217
4112218,0,0,0,0
4112219,49,337,26,412
4112220,25,114,15,154
4112221,22,142,15,179
4112222,35,205,11,251
4112223,16,216,24,256
4112224,38,326,41,405
4112225,46,245,30,321
4112226,35,364,29,428
4112227,70,419,72,561
4112228,21,183,17,221
4112229,64,347,33,444
4112230,22,185,22,229
4112231,27,155,10,192
4112232,32,178,15,225
4112233,48,300,21,369
4112234,53,244,39,336
4112235,23,160,20,203
4112236,35,211,22,268
4112237,25,128,9,162
4112238,33,156,27,216
4112239,18,153,16,187
4112240,0,0,0,0
4112241,23,181,10,214
4112242,18,132,12,162
4112243,24,162,28,214
4112244,33,191,4,228
4112301,32,225,26,283
4112302,41,182,22,245
4112303,70,426,44,540
4112304,48,229,14,291
4112305,31,128,6,165
4112306,4,142,13,159
4112307,34,225,15,274
4112308,33,190,6,229
4112309,24,234,18,276
4112310,19,118,8,145
4112401,0,0,0,0
4112402,18,43,6,67
4112403,44,337,32,413
4112404,29,171,15,215
4112405,48,217,9,274
4112406,43,371,45,459
4112407,29,285,21,335
4112408,33,209,16,258
4112409,29,245,29,303
4112410,53,290,25,368
4112411,38,230,16,284
4112412,43,266,17,326
4112413,49,270,24,343
4112414,56,298,36,390
4112501,18,166,19,203
4112502,53,409,33,495
4112503,36,240,15,291
4112504,52,309,14,375
4112505,36,167,12,215
4112506,75,453,31,559
4112507,34,233,17,284
4112508,34,240,24,298
4112509,33,241,13,287
4112510,37,145,3,185
4112511,38,179,16,233
4112512,12,119,27,158
4112601,27,154,25,206
4112602,33,207,37,277
4112603,56,276,27,359
4112604,41,243,10,294
4112605,27,193,13,233
4112606,58,331,45,434
4112607,35,260,19,314
4112608,37,257,42,336
4112609,40,332,20,392
4112610,7,21,3,31
4112611,41,194,25,260
4112701,25,146,17,188
4112702,23,184,10,217
4112703,31,265,39,335
4112704,44,228,21,293
4112705,47,363,39,449
4112706,27,280,24,331
4112707,32,243,31,306
4112708,77,423,30,530
4112709,37,197,29,263
4112710,41,194,14,249
4112711,21,148,11,180
4112712,54,307,16,377
4112713,44,248,22,314
4112714,37,246,3,286
4112715,32,195,9,236
4112716,37,204,26,267
4112717,47,300,9,356
4112718,57,350,18,425
4112719,25,143,11,179
4112720,9,51,3,63
4112721,0,72,0,72
4112801,8,170,15,193
4112802,48,317,30,395
4112803,13,146,15,174
4112804,27,180,18,225
4112805,15,152,21,188
4112806,30,204,21,255
4112807,34,242,36,312
4112808,63,391,23,477
4112809,0,0,0,0
4112810,15,84,11,110
4112811,58,323,36,417
4112812,88,410,28,526
4112813,20,114,3,137
4112901,23,218,10,251
4112902,52,296,36,384
4112903,33,297,37,367
4112904,67,363,41,471
4112905,31,307,43,381
4112906,22,198,5,225
4112907,0,0,0,0
4113001,27,189,15,231
4113002,25,134,7,166
4113003,27,184,14,225
4113004,8,147,3,158
4113005,33,173,3,209
4113006,10,143,17,170
4113007,22,136,6,164
4113008,40,323,16,379
4113009,24,94,9,127
4113010,36,203,15,254
4113011,53,247,20,320
4113012,40,317,26,383
4113013,39,212,11,262
4113014,0,0,0,0
4113015,0,0,0,0
4113016,47,283,15,345
4113017,26,111,3,140
4113018,41,218,30,289
4113019,30,212,18,260
4113020,28,234,7,269
4113021,32,189,6,227
4113022,37,255,18,310
4113023,24,148,15,187
4113101,38,294,12,344
4113102,22,148,14,184
4113103,17,169,6,192
4113104,47,314,80,441
4113105,29,283,16,328
4113106,30,146,0,176
4113107,51,365,27,443
4113108,25,154,9,188
4113109,27,188,31,246
4113110,29,271,25,325
4113111,19,163,6,188
4113112,30,195,15,240
4113113,18,81,4,103
4113201,56,359,27,442
4113202,23,227,20,270
4113203,38,218,16,272
4113204,35,277,14,326
4113205,23,194,3,220
4113206,14,221,9,244
4113301,22,272,21,315
4113302,22,347,30,399
4113303,34,247,6,287
4113304,52,298,10,360
4113305,59,304,31,394
4113306,19,209,23,251
4113307,52,262,20,334
4113308,22,219,21,262
4113309,21,187,14,222
4113310,43,341,29,413
4113311,54,318,43,415
4113312,54,412,35,501
4113313,35,165,32,232
4113314,34,195,26,255
4113315,49,321,38,408
4113316,52,304,33,389
4113317,46,259,40,345
4113318,23,177,12,212
4113319,30,214,24,268
4113320,23,238,15,276
4113321,27,227,39,293
4113322,34,260,35,329
4113323,29,161,7,197
4113324,24,236,35,295
4113325,43,279,13,335
4113326,17,121,12,150
4113327,21,177,6,204
4113328,12,159,13,184
4113329,21,153,18,192
4113330,21,209,27,257
4113331,13,104,128,245
4113332,35,222,9,266
4113333,44,294,8,346
4113334,27,176,21,224
4113335,0,0,0,0
4113336,17,84,12,113
4113337,27,328,18,373
4113338,36,212,36,284
4113339,21,168,28,217
4113340,43,362,22,427
4113341,26,250,27,303
4113342,21,295,25,341
4113401,34,210,30,274
4113402,26,223,40,289
4113403,30,201,28,259
4113404,52,394,24,470
4113405,44,305,26,375
4113406,17,147,9,173
4113407,30,334,26,390
4113408,3,79,0,82
4113409,22,199,57,278
4113410,6,75,124,205
4113501,3,51,3,57
4113502,3,28,4,35
4113601,32,239,28,299
4113602,24,178,20,222
4113603,59,422,10,491
4113604,55,343,33,431
4113605,33,201,23,257
4113606,28,289,12,329
4113607,36,275,26,337
4113608,40,309,54,403
4113609,48,227,26,301
4113610,0,3,0,3
4113611,29,180,35,244
4113612,37,290,34,361
4113613,36,311,19,366
4113614,75,384,46,505
4113615,28,311,4,343
4113616,72,599,38,709
4113617,0,0,0,0
4113618,25,199,30,254
4113619,28,376,24,428
4113620,33,249,34,316
4113621,22,184,50,256
4113622,21,161,21,203
4113623,43,258,24,325
4113624,26,222,25,273
4113625,24,213,21,258
4113626,30,240,33,303
4113627,52,232,53,337
4113628,40,216,41,297
4113629,18,275,33,326
4113630,45,356,51,452
4113631,38,230,25,293
4113632,29,254,42,325
4113633,28,172,39,239
4113634,35,211,27,273
4113635,33,145,31,209
4113636,28,172,20,220
4113637,60,290,27,377
4113638,52,323,45,420
4113639,43,264,31,338
4113640,34,212,26,272
4113641,35,240,25,300
4113642,47,233,18,298
4113643,57,382,30,469
4113644,41,306,25,372
4113645,33,234,30,297
4113646,24,217,30,271
4113647,3,32,6,41
4113648,44,307,33,384
4113649,0,11,5,16
4113650,0,0,0,0
4113651,38,205,26,269
4113652,23,163,15,201
4113653,30,226,39,295
4113654,0,6,0,6
4113655,34,215,25,274
4113656,18,121,20,159
4113657,32,240,16,288
4113658,35,260,34,329
4113659,41,236,52,329
4113660,39,284,27,350
4113701,0,0,0,0
4113801,13,40,0,53
4113802,0,0,0,0
4113803,15,53,12,80
4113804,0,7,0,7
4113805,0,0,0,0
4113806,12,53,7,72
4113807,26,64,8,98
4113808,0,0,0,0
4113809,6,51,7,64
4113810,0,12,0,12
4113811,9,78,3,90
4113812,13,309,24,346
4113813,63,287,14,364
4113814,3,139,7,149
4113815,30,177,6,213
4113816,25,182,16,223
4113817,6,22,0,28
4113901,13,159,15,187
4113902,0,22,0,22
4113903,24,159,64,247
4113904,30,205,54,289
4113905,4,131,29,164
4113906,12,71,9,92
4113907,21,159,30,210
4113908,12,162,18,192
4114001,9,35,0,44
4114002,9,42,6,57
4114003,39,187,23,249
4114004,35,280,23,338
4114005,23,180,36,239
4114006,45,294,43,382
4114007,22,183,13,218
4114008,29,151,16,196
4114009,23,97,24,144
4114101,38,350,83,471
4114102,6,80,27,113
4114103,0,38,3,41
4114104,16,49,13,78
4114105,19,357,6,382
4114106,37,489,78,604
4114107,41,472,55,568
4114108,36,322,69,427
4114109,15,123,35,173
4114201,37,262,39,338
4114202,27,204,55,286
4114203,36,255,28,319
4114204,50,330,21,401
4114205,22,129,5,156
4114206,32,204,29,265
4114207,6,70,373,449
4114208,28,218,18,264
4114209,52,366,54,472
4114210,3,70,6,79
4114211,32,183,19,234
4114212,45,287,37,369
4114213,25,219,21,265
4114214,48,346,57,451
4114215,30,212,34,276
4114216,35,192,27,254
4114217,4,32,0,36
4114218,42,250,28,320
4114219,21,239,89,349
4114220,50,309,33,392
4114221,29,175,70,274
4114222,49,338,76,463
4114223,31,187,49,267
4114224,26,164,45,235
4114225,47,295,101,443
4114226,32,220,25,277
4114227,34,283,58,375
4114228,37,263,56,356
4114229,6,117,9,132
4114230,29,257,26,312
4114231,39,241,65,345
4114232,31,273,75,379
4114233,19,140,24,183
4114234,57,388,53,498
4114235,0,4,0,4
4114236,32,296,16,344
4114301,8,353,39,400
4114302,17,331,24,372
4114303,12,216,100,328
4114304,18,215,9,242
4114305,18,152,9,179
4114306,38,539,42,619
4114307,16,358,23,397
4114308,17,244,185,446
4114309,0,11,6,17
4114310,25,568,48,641
4114401,34,161,23,218
4114402,24,195,24,243
4114403,41,231,30,302
4114404,23,89,8,120
4114405,56,288,28,372
4114406,43,182,14,239
4114407,28,122,9,159
4114408,53,272,26,351
4114409,48,301,33,382
4114410,31,167,13,211
4114411,38,229,24,291
4114412,41,256,44,341
4114413,35,208,26,269
4114414,42,326,16,384
4114415,49,317,19,385
4114416,58,306,30,394
4114417,46,154,21,221
4114418,53,351,44,448
4114419,44,177,11,232
4114420,29,169,32,230
4114421,26,201,27,254
4114422,59,288,33,380
4114423,87,447,37,571
4114424,48,418,28,494
4114425,13,149,10,172
4114426,47,174,31,252
4114427,42,271,26,339
4114428,63,358,23,444
4114429,28,218,21,267
4114430,0,4,0,4
4114501,23,129,6,158
4114502,29,190,22,241
4114503,24,257,49,330
4114504,18,166,15,199
4114505,38,311,28,377
4114506,41,189,26,256
4114507,37,207,11,255
4114508,34,195,9,238
4114509,43,305,21,369
4114510,22,162,26,210
4114511,8,90,10,108
4114512,52,360,22,434
4114513,28,223,26,277
4114514,25,145,15,185
4114601,43,196,10,249
4114602,32,226,14,272
4114603,28,200,12,240
4114604,69,423,24,516
4114605,55,303,18,376
4114606,29,259,15,303
4114607,85,475,23,583
4114608,38,200,20,258
4114609,51,352,21,424
4114610,42,273,27,342
4114611,59,317,17,393
4114612,57,359,23,439
4114613,30,170,12,212
4114614,51,417,24,492
4114615,27,131,3,161
4114701,24,219,11,254
4114702,45,208,29,282
4114703,43,264,18,325
4114704,37,318,21,376
4114705,32,300,15,347
4114706,18,122,4,144
4114707,13,89,15,117
4114708,59,445,30,534
4114709,46,259,15,320
4114710,38,163,18,219
4114711,33,162,9,204
4114712,23,262,17,302
4114713,53,301,7,361
4114714,35,276,16,327
4114715,57,366,28,451
4114716,32,181,21,234
4114717,33,244,15,292
4114718,30,201,8,239
4114801,37,130,17,184
4114802,53,315,34,402
4114803,46,220,23,289
4114804,55,404,61,520
4114805,66,322,35,423
4114806,47,273,34,354
4114807,58,262,53,373
4114808,68,277,37,382
4114809,36,189,31,256
4114810,66,343,27,436
4114811,36,217,29,282
4114812,30,171,61,262
4114813,74,374,147,595
4114814,52,375,79,506
4114815,50,292,27,369
4114816,65,401,33,499
4114817,45,233,12,290
4114818,51,261,42,354
4114819,78,479,62,619
4114820,34,151,10,195
4114821,75,450,23,548
4114822,84,434,61,579
4114823,71,342,71,484
4114824,50,339,42,431
4114825,30,218,15,263
4114826,38,252,15,305
4114827,42,306,40,388
4114828,66,296,26,388
4114829,66,354,54,474
4114830,29,175,16,220
4114901,36,208,18,262
4114902,24,141,15,180
4114903,42,192,15,249
4114904,45,248,18,311
4114905,35,216,6,257
4114906,47,304,21,372
4114907,50,257,23,330
4114908,60,393,21,474
4114909,22,192,21,235
4114910,47,332,22,401
4114911,40,276,16,332
4114912,66,326,35,427
4114913,21,146,3,170
4114914,38,184,14,236
4115001,29,184,28,241
4115002,45,247,32,324
4115003,13,168,12,193
4115004,46,241,0,287
4115005,22,207,19,248
4115006,35,197,11,243
4115007,36,235,30,301
4115008,28,143,18,189
4115009,42,302,186,530
4115010,30,230,15,275
4115011,41,184,15,240
4115012,17,156,15,188
4115013,0,29,6,35
4115014,35,259,58,352
4115015,12,114,17,143
4115016,15,132,19,166
4115017,15,119,0,134
4115018,28,171,14,213
4115101,39,271,15,325
4115102,30,249,15,294
4115103,15,139,16,170
4115104,29,235,22,286
4115105,9,140,20,169
4115106,38,207,16,261
4115107,21,135,9,165
4115108,23,185,15,223
4115109,33,270,20,323
4115110,5,55,9,69
4115111,14,89,3,106
4115112,33,297,29,359
4115113,20,156,28,204
4115114,12,114,7,133
4115201,40,142,13,195
4115202,45,245,14,304
4115203,21,189,12,222
4115204,18,190,20,228
4115205,20,232,30,282
4115206,35,174,14,223
4115207,14,113,9,136
4115208,54,341,44,439
4115209,25,202,32,259
4115210,38,298,27,363
4115211,33,160,11,204
4115212,34,173,0,207
4115213,41,299,6,346
4115214,48,199,7,254
4115215,39,241,21,301
4115216,35,233,19,287
4115301,27,148,38,213
4115302,30,225,22,277
4115303,0,23,0,23
4115304,55,506,87,648
4115305,23,172,12,207
4115306,62,291,18,371
4115307,30,166,16,212
4115308,44,229,21,294
4115309,32,210,16,258
4115310,41,379,35,455
4115311,33,255,3,291
4115312,40,307,10,357
4115313,60,270,15,345
4115314,37,260,9,306
4115315,43,317,18,378
4115316,54,342,36,432
4115317,46,341,24,411
4115318,58,476,40,574
4115319,61,387,22,470
4115320,40,253,27,320
4115321,35,214,9,258
4115322,29,226,10,265
4115323,44,362,34,440
4115324,38,387,30,455
4115325,46,347,20,413
4115326,28,290,27,345
4115327,35,303,21,359
4115328,39,343,33,415
4115329,45,281,28,354
4115330,39,352,38,429
4115331,37,361,35,433
4115332,21,212,24,257
4115333,37,407,30,474
4115334,46,298,12,356
4115335,43,448,10,501
4115336,24,279,19,322
4115337,30,196,13,239
4115338,26,215,3,244
4115339,50,395,27,472
4115340,54,324,21,399
4115341,52,330,22,404
4115342,28,213,24,265
4115343,45,261,21,327
4115344,48,281,12,341
4115345,41,334,8,383
4115346,21,164,21,206
4115347,24,223,40,287
4115348,48,309,21,378
4115349,30,206,21,257
4115350,24,152,6,182
4115351,24,167,10,201
4115352,49,394,20,463
4115353,53,326,27,406
4115354,19,162,6,187
4115355,49,376,20,445
4115356,36,272,22,330
4115357,28,184,11,223
4115358,38,382,44,464
4115359,24,150,15,189
4115360,46,254,12,312
4115361,25,181,6,212
4115362,24,275,12,311
4115363,21,171,7,199
4115364,30,201,0,231
4115365,36,174,18,228
4115366,26,186,11,223
4115401,24,225,19,268
4115402,20,278,39,337
4115403,31,154,12,197
4115404,35,305,27,367
4115405,0,0,0,0
4115406,0,0,0,0
4115407,27,293,16,336
4115408,18,224,27,269
4115409,36,235,20,291
4115410,18,184,20,222
4115411,12,207,21,240
4115412,37,340,16,393
4115413,21,269,29,319
4115414,21,257,25,303
4115415,16,221,23,260
4115416,23,186,18,227
4115417,24,225,6,255
4115418,43,252,34,329
4115501,65,416,26,507
4115502,41,241,13,295
4115503,31,237,6,274
4115504,22,161,0,183
4115505,23,161,20,204
4115506,39,343,28,410
4115601,22,163,29,214
4115602,39,328,42,409
4115603,24,201,21,246
4115604,31,235,24,290
4115605,25,187,12,224
4115606,28,246,54,328
4115607,28,218,18,264
4115608,36,245,9,290
4115609,29,156,18,203
4115701,9,90,6,105
4115702,23,287,9,319
4115703,22,177,6,205
4115704,32,363,13,408
4115705,20,131,0,151
4115706,33,226,12,271
4115707,21,162,6,189
4115708,18,182,6,206
4115709,23,161,9,193
4115710,18,165,18,201
4115711,35,164,6,205
4115712,32,170,17,219
4115713,32,234,25,291
4115714,33,204,10,247
4115715,18,190,12,220
4115716,37,331,12,380
4115717,9,115,5,129
4115718,23,247,21,291
4115719,32,313,18,363
4115720,22,265,17,304
4115721,22,219,19,260
4115801,71,446,21,538
4115802,27,117,6,150
4115803,33,233,21,287
4115804,30,281,19,330
4115805,22,185,8,215
4115806,32,170,6,208
4115807,27,164,12,203
4115808,41,221,12,274
4115809,44,333,15,392
4115901,13,103,3,119
4115902,3,53,3,59
4115903,0,0,0,0
4115904,11,128,6,145
4115905,18,104,3,125
4115906,10,92,9,111
4115907,31,224,31,286
4115908,27,178,30,235
4115909,40,277,70,387
4115910,32,282,25,339
4115911,40,244,44,328
4115912,16,165,5,186
4115913,32,211,23,266
4115914,30,148,7,185
4115915,23,140,12,175
4115916,33,196,18,247
4115917,40,255,33,328
4115918,14,130,7,151
4115919,0,9,0,9
4115920,22,217,25,264
4115921,21,155,31,207
4115922,49,266,23,338
4115923,26,176,12,214
4115924,49,260,29,338
4115925,26,182,7,215
4116001,46,254,38,338
4116002,30,273,55,358
4116003,31,243,30,304
4116004,24,229,43,296
4116005,42,278,37,357
4116006,44,301,35,380
4116007,55,331,21,407
4116008,31,201,72,304
4116009,32,158,10,200
4116010,42,248,25,315
4116101,15,147,18,180
4116102,43,367,31,441
4116103,27,158,12,197
4116104,32,174,3,209
4116105,21,249,23,293
4116106,32,220,18,270
4116107,21,151,21,193
4116108,18,92,20,130
4116109,25,207,6,238
4116110,41,263,15,319
4116111,0,0,0,0
4116201,5,89,9,103
4116202,31,228,9,268
4116203,23,116,9,148
4116204,84,543,39,666
4116205,51,354,29,434
4116206,27,234,22,283
4116207,71,405,41,517
4116208,47,246,32,325
4116209,36,296,21,353
4116210,54,338,21,413
4116211,44,240,28,312
4116212,41,224,22,287
4116213,29,130,21,180
4116301,7,73,13,93
4116302,24,117,21,162
4116303,56,430,34,520
4116304,19,76,9,104
4116305,10,77,0,87
4116306,27,178,16,221
4116307,4,42,0,46
4116308,12,100,15,127
4116309,4,31,0,35
4116401,27,194,21,242
4116402,44,201,21,266
4116403,63,299,32,394
4116404,55,399,47,501
4116405,35,243,15,293
4116406,24,148,18,190
4116407,60,354,21,435
4116408,54,292,40,386
4116409,43,275,52,370
4116410,67,265,34,366
4116411,43,182,16,241
4116412,35,125,32,192
4116413,58,376,45,479
4116414,23,166,23,212
4116415,0,49,9,58
4116416,38,206,39,283
4116501,54,416,87,557
4116502,29,181,24,234
4116503,41,275,24,340
4116504,18,188,23,229
4116505,52,310,12,374
4116506,76,373,24,473
4116507,26,213,15,254
4116508,19,153,16,188
4116509,43,323,33,399
4116510,56,330,23,409
4116511,27,131,49,207
4116512,33,175,32,240
4116513,48,340,27,415
4116514,44,365,34,443
4116515,52,264,57,373
4116516,31,272,23,326
4116517,25,207,26,258
4116518,43,214,17,274
4116519,64,397,49,510
4116520,36,268,14,318
4116521,35,295,27,357
4116522,38,243,61,342
4116523,48,246,35,329
4116524,32,236,46,314
4116525,0,0,0,0
4116526,44,258,46,348
4116527,22,246,24,292
4116528,25,180,19,224
4116529,46,333,25,404
4116530,63,350,34,447
4116531,56,363,36,455
4116532,61,290,34,385
4116533,65,277,36,378
4116534,10,147,25,182
4116535,23,154,9,186
4116536,45,235,26,306
4116537,0,0,323,323
4116538,52,351,38,441
4116539,60,412,37,509
4116540,9,190,44,243
4116541,26,199,27,252
4116601,22,112,10,144
4116602,50,387,29,466
4116603,3,39,0,42
4116604,32,179,18,229
4116605,53,340,22,415
4116606,75,439,29,543
4116607,30,216,36,282
4116608,40,311,23,374
4116609,12,127,4,143
4116610,4,47,4,55
4116701,31,216,29,276
4116702,35,265,50,350
4116703,33,234,26,293
4116704,15,134,19,168
4116705,25,175,14,214
4116706,7,100,3,110
4116707,39,220,43,302
4116708,21,185,15,221
4116709,55,290,68,413
4116710,72,372,68,512
4116711,0,0,0,0
4116712,24,244,15,283
4116713,41,283,127,451
4116801,50,262,37,349
4116802,28,227,15,270
4116803,24,187,10,221
4116804,13,120,15,148
4116805,34,210,33,277
4116806,55,381,37,473
4116807,0,3,3,6
4116808,17,220,18,255
4116809,31,211,16,258
4116810,66,407,26,499
4116811,56,424,33,513
4116812,39,236,14,289
4116813,42,262,34,338
4116901,18,88,6,112
4116902,36,263,73,372
4116903,23,171,5,199
4116904,24,141,15,180
4116905,25,222,29,276
4116906,44,182,16,242
4116907,20,169,18,207
4116908,24,155,24,203
4116909,19,142,9,170
4116910,49,374,28,451
4116911,7,56,0,63
4116912,26,183,36,245
4116913,34,202,18,254
4116914,44,277,84,405
4116915,18,187,23,228
4116916,30,200,18,248
4116917,48,248,25,321
4116918,28,257,20,305
4117001,25,132,29,186
4117002,18,176,196,390
4117003,46,291,15,352
4117004,44,266,22,332
4117005,54,394,44,492
4117006,34,194,16,244
4117007,15,184,21,220
4117008,34,254,7,295
4117009,39,188,15,242
4117010,26,247,25,298
4117011,36,247,23,306
4117012,22,168,16,206
4117013,36,230,22,288
4117014,35,305,18,358
4117015,34,221,20,275
4117016,32,145,18,195
4117017,27,173,14,214
4117018,18,260,35,313
4949999,249,2044,473,2766
4979991,0,0,0,0
4979992,0,0,0,0
4979993,0,6,0,6
5100101,27,213,34,274
5100102,11,201,21,233
5100103,51,323,29,403
5100104,39,236,31,306
5100105,22,169,13,204
5100106,0,0,0,0
5100107,37,245,26,308
5100108,0,6,6,12
5100109,33,279,38,350
5100110,17,185,8,210
5100111,32,208,45,285
5100112,14,213,37,264
5100113,31,174,18,223
5100114,13,295,20,328
5100115,34,223,16,273
5100116,0,0,0,0
5100201,9,113,0,122
5100202,26,244,15,285
5100203,23,211,9,243
5100204,33,274,46,353
5100205,26,246,12,284
5100206,31,287,54,372
5100207,24,171,37,232
5100208,45,512,34,591
5100209,40,300,46,386
5100210,51,465,59,575
5100211,46,429,47,522
5100212,76,724,51,851
5100213,25,225,35,285
5100214,28,301,27,356
5100215,75,443,63,581
5100216,55,271,36,362
5100217,30,207,13,250
5100218,28,157,17,202
5100219,44,295,31,370
5100220,40,310,37,387
5100221,54,405,65,524
5100222,30,262,9,301
5100223,34,210,16,260
5100224,31,224,13,268
5100225,51,555,30,636
5100226,40,229,25,294
5100227,3,9,0,12
5100228,50,428,39,517
5100229,18,248,23,289
5100230,23,271,23,317
5100231,36,257,9,302
5100232,12,154,6,172
5100233,41,260,11,312
5100234,37,176,24,237
5100235,36,344,47,427
5100236,42,288,38,368
5100237,35,256,25,316
5100238,27,231,22,280
5100239,18,136,11,165
5100240,20,205,19,244
5100241,19,252,20,291
5100242,39,347,46,432
5100243,45,279,19,343
5100244,25,291,19,335
5100245,56,395,36,487
5100246,22,158,3,183
5100247,26,286,15,327
5100248,37,293,27,357
5100249,17,158,12,187
5100250,30,188,17,235
5100251,20,169,20,209
5100301,25,119,10,154
5100302,9,162,19,190
5100303,19,192,21,232
5100304,31,150,19,200
5100305,31,185,10,226
5100306,33,236,24,293
5100307,31,172,12,215
5100308,17,198,12,227
5100309,31,466,38,535
5100310,29,213,10,252
5100311,16,146,13,175
5100312,25,238,18,281
5100313,18,159,24,201
5100314,16,157,23,196
5100315,35,262,25,322
5100316,32,182,10,224
5100317,24,214,7,245
5100318,21,238,25,284
5100319,30,217,24,271
5100320,30,362,22,414
5100321,19,218,19,256
5100322,23,78,9,110
5100323,16,171,9,196
5100324,26,202,23,251
5100325,34,290,11,335
5100326,13,185,19,217
5100401,19,297,38,354
5100402,21,370,48,439
5100403,28,392,44,464
5100404,40,377,40,457
5100405,20,221,19,260
5100406,29,278,54,361
5100407,19,237,54,310
5100408,23,175,19,217
5100409,22,274,21,317
5100410,15,221,10,246
5100411,9,168,18,195
5100412,21,251,18,290
5100413,39,307,47,393
5100414,40,252,31,323
5100415,15,126,22,163
5100416,22,301,42,365
5100417,32,269,27,328
5100418,12,109,21,142
5100501,33,387,21,441
5100502,10,152,33,195
5100503,46,455,53,554
5100504,16,177,14,207
5100505,0,0,0,0
5100506,3,64,6,73
5100507,0,0,0,0
5100508,19,260,21,300
5100509,40,380,32,452
5100510,12,280,18,310
5100511,34,195,19,248
5100512,26,143,10,179
5100513,25,258,11,294
5100514,19,252,40,311
5100515,0,0,0,0
5100516,27,202,13,242
5100517,32,175,37,244
5100518,43,394,24,461
5100519,53,356,25,434
5100520,30,203,12,245
5100521,22,282,17,321
5100522,25,198,29,252
5100523,25,231,26,282
5100524,24,218,42,284
5100525,16,208,21,245
5100526,19,154,15,188
5100527,31,243,9,283
5100528,27,162,15,204
5100529,21,214,9,244
5100530,41,380,25,446
5100531,42,265,21,328
5100532,35,282,39,356
5100533,24,256,9,289
5100534,33,328,28,389
5100535,34,383,17,434
5100536,18,185,22,225
5100537,31,208,17,256
5100538,46,253,15,314
5100539,20,192,11,223
5100540,36,292,18,346
5100541,9,50,0,59
5100542,7,69,6,82
5100601,14,201,33,248
5100602,25,238,42,305
5100603,39,213,23,275
5100604,14,171,4,189
5100605,44,200,43,287
5100606,18,172,21,211
5100607,48,366,40,454
5100608,30,231,18,279
5100609,31,290,27,348
5100610,51,398,41,490
5100611,33,245,10,288
5100612,26,271,34,331
5100613,25,179,10,214
5100614,36,288,32,356
5100615,64,456,37,557
5100616,23,270,60,353
5100617,39,364,34,437
5100618,29,210,5,244
5100619,46,388,20,454
5100620,62,497,28,587
5100621,38,264,31,333
5100622,35,236,36,307
5100623,43,374,31,448
5100624,27,236,21,284
5100625,17,261,13,291
5100626,23,185,16,224
5100627,28,234,39,301
5100628,27,259,21,307
5100629,29,329,75,433
5100630,33,205,74,312
5100631,37,329,30,396
5100632,33,230,20,283
5100633,61,300,72,433
5100634,53,409,35,497
5100635,32,331,24,387
5100636,39,239,21,299
5100637,20,276,38,334
5100638,15,229,58,302
5100639,35,282,38,355
5100640,23,308,37,368
5100641,34,311,30,375
5100701,22,202,15,239
5100702,19,160,27,206
5100703,27,226,19,272
5100704,44,256,36,336
5100705,18,153,21,192
5100706,32,165,9,206
5100707,23,283,8,314
5100708,51,304,20,375
5100709,30,202,16,248
5100710,25,314,46,385
5100711,20,166,30,216
5100712,61,443,106,610
5100801,34,305,19,358
5100802,53,403,73,529
5100803,31,184,24,239
5100804,44,296,21,361
5100805,26,299,19,344
5100806,0,0,331,331
5100807,50,298,53,401
5100808,0,0,0,0
5100809,49,431,65,545
5100810,39,315,48,402
5100811,28,128,108,264
5100812,11,244,60,315
5100813,32,286,67,385
5100814,26,234,27,287
5100815,36,292,65,393
5100816,30,216,33,279
5100901,15,188,13,216
5100902,30,298,33,361
5100903,40,260,22,322
5100904,38,190,18,246
5100905,47,378,40,465
5100906,11,180,23,214
5100907,26,153,13,192
5100908,29,221,12,262
5100909,24,172,19,215
5100910,0,0,0,0
5100911,26,170,9,205
5100912,39,246,28,313
5100913,22,179,19,220
5100914,43,212,10,265
5100915,0,9,3,12
5100916,63,318,30,411
5100917,0,0,0,0
5100918,18,131,20,169
5100919,64,625,169,858
5100920,45,318,29,392
5100921,0,4,0,4
5100922,20,135,10,165
5100923,39,240,11,290
5100924,28,131,0,159
5100925,28,176,24,228
5100926,27,148,16,191
5100927,31,233,50,314
5100928,48,328,41,417
5100929,42,200,16,258
5101001,23,210,9,242
5101002,54,326,33,413
5101003,24,225,15,264
5101004,40,202,18,260
5101005,27,307,35,369
5101006,36,329,40,405
5101007,35,258,21,314
5101101,0,8,3,11
5101201,30,325,43,398
5101202,33,303,31,367
5101203,30,239,19,288
5101204,19,244,21,284
5101205,17,171,14,202
5101206,20,213,13,246
5101207,26,290,20,336
5101208,15,164,22,201
5101209,56,381,25,462
5101210,24,175,0,199
5101211,71,780,52,903
5101212,75,797,73,945
5101213,0,0,0,0
5101214,42,294,31,367
5101215,20,255,11,286
5101216,45,371,13,429
5101217,19,190,25,234
5101218,28,305,29,362
5101219,37,301,28,366
5101220,35,317,31,383
5101221,26,247,15,288
5101222,32,358,22,412
5101301,18,125,6,149
5101302,50,465,34,549
5101303,26,171,15,212
5101304,19,211,6,236
5101305,28,202,3,233
5101306,22,134,5,161
5101307,44,369,28,441
5101308,37,207,8,252
5101309,31,311,12,354
5101310,24,229,21,274
5101311,27,350,20,397
5101312,34,311,23,368
5101313,25,229,23,277
5101314,23,372,31,426
5101315,26,362,28,416
5101316,32,260,24,316
5101317,13,271,21,305
5101318,26,242,10,278
5101319,23,169,10,202
5101320,18,247,3,268
5101321,60,793,67,920
5101322,0,0,0,0
5101401,27,210,36,273
5101402,42,235,14,291
5101403,40,363,24,427
5101404,36,186,24,246
5101405,39,249,28,316
5101406,24,240,55,319
5101407,39,276,39,354
5101408,14,162,26,202
5101409,11,153,21,185
5101410,27,250,16,293
5101411,31,216,33,280
5101412,32,211,21,264
5101413,11,109,16,136
5101414,15,162,49,226
5101415,33,294,34,361
5101416,24,154,14,192
5101417,42,274,25,341
5101418,29,157,15,201
5101419,38,221,25,284
5101420,32,276,46,354
5101421,35,317,67,419
5101422,31,255,52,338
5101423,34,271,45,350
5101501,34,207,19,260
5101502,24,268,16,308
5101503,39,348,63,450
5101504,32,197,8,237
5101505,41,399,40,480
5101506,0,0,0,0
5101507,43,445,34,522
5101508,39,280,54,373
5101509,38,178,18,234
5101510,60,433,58,551
5101511,48,449,30,527
5101512,41,413,61,515
5101513,43,322,39,404
5101514,37,408,38,483
5101515,20,158,45,223
5101516,0,0,0,0
5101601,23,136,7,166
5101602,46,251,21,318
5101603,27,132,12,171
5101604,27,137,9,173
5101605,34,264,31,329
5101606,24,136,9,169
5101607,37,325,21,383
5101608,58,365,23,446
5101609,20,138,3,161
5101610,0,3,0,3
5101611,40,258,27,325
5101612,22,162,15,199
5101701,21,212,12,245
5101702,61,349,41,451
5101703,47,331,16,394
5101704,31,235,18,284
5101705,33,216,12,261
5101706,35,231,31,297
5101707,26,174,9,209
5101708,16,170,5,191
5101709,30,214,8,252
5101710,39,291,34,364
5101711,36,230,18,284
5101712,16,135,20,171
5101713,16,160,10,186
5101714,41,209,11,261
5101715,28,173,11,212
5101716,16,149,9,174
5101717,13,101,6,120
5101718,16,129,15,160
5101719,20,137,7,164
5101801,9,158,9,176
5101802,37,263,23,323
5101803,36,198,15,249
5101804,19,163,21,203
5101805,24,216,21,261
5101806,41,341,22,404
5101807,23,186,7,216
5101808,30,223,21,274
5101809,16,190,6,212
5101810,30,169,11,210
5101811,35,216,21,272
5101812,33,281,38,352
5101813,37,270,29,336
5101814,19,184,18,221
5101815,21,219,6,246
5101816,28,259,34,321
5101901,35,329,28,392
5101902,22,142,25,189
5101903,11,271,21,303
5101904,22,180,15,217
5101905,30,225,13,268
5101906,14,90,0,104
5101907,34,323,25,382
5101908,42,268,8,318
5101909,36,295,13,344
5101910,21,198,12,231
5101911,31,181,26,238
5101912,20,139,25,184
5101913,31,245,30,306
5101914,30,287,12,329
5101915,28,156,43,227
5101916,26,122,14,162
5102001,33,242,25,300
5102002,12,125,8,145
5102003,37,166,16,219
5102004,50,314,46,410
5102005,42,335,23,400
5102006,48,244,17,309
5102007,23,182,14,219
5102008,23,191,21,235
5102009,56,327,23,406
5102010,36,352,31,419
5102011,16,174,14,204
5102012,24,153,7,184
5102013,20,179,12,211
5102014,50,303,24,377
5102101,36,289,22,347
5102102,33,328,36,397
5102103,19,255,31,305
5102104,31,364,18,413
5102105,25,266,28,319
5102106,18,145,22,185
5102107,6,129,10,145
5102108,21,130,16,167
5102109,36,193,9,238
5102110,0,6,0,6
5102111,3,39,3,45
5102112,18,142,10,170
5102113,37,382,31,450
5102114,24,178,6,208
5102115,53,320,38,411
5102116,39,290,24,353
5102117,12,139,7,158
5102201,33,220,22,275
5102202,36,172,9,217
5102203,15,185,21,221
5102204,55,447,49,551
5102205,40,377,59,476
5102206,11,164,14,189
5102207,35,241,33,309
5102208,15,150,4,169
5102209,44,217,28,289
5102210,40,309,41,390
5102211,15,241,21,277
5102212,34,236,30,300
5102213,34,286,22,342
5102214,47,294,31,372
5102215,32,214,20,266
5102216,36,196,29,261
5102217,29,173,30,232
5102218,19,231,18,268
5102219,42,308,20,370
5102220,27,212,20,259
5102301,41,382,39,462
5102302,23,97,0,120
5102303,33,176,10,219
5102304,65,403,64,532
5102305,61,357,75,493
5102306,32,259,30,321
5102307,29,241,45,315
5102308,47,343,34,424
5102309,41,363,20,424
5102310,34,270,40,344
5102311,52,345,41,438
5102312,20,192,18,230
5102313,78,480,43,601
5102314,41,263,35,339
5102315,26,186,35,247
5102316,51,398,54,503
5102317,16,206,15,237
5102318,35,341,42,418
5102319,43,377,37,457
5102320,39,346,39,424
5102321,0,3,0,3
5102322,34,368,66,468
5102401,40,395,54,489
5102402,38,279,53,370
5102403,28,207,9,244
5102404,25,200,17,242
5102405,31,209,12,252
5102406,58,371,36,465
5102407,43,352,21,416
5102408,71,601,49,721
5102409,29,256,30,315
5102410,26,332,10,368
5102411,33,299,25,357
5102412,26,187,23,236
5102413,32,259,16,307
5102414,24,284,18,326
5102415,38,287,21,346
5102416,47,502,28,577
5102417,30,369,24,423
5102418,0,0,0,0
5102419,33,227,33,293
5102420,37,260,59,356
5102421,27,304,23,354
5102422,30,256,28,314
5102423,43,318,36,397
5102424,23,232,18,273
5102425,33,302,43,378
5102426,30,241,37,308
5102427,28,290,27,345
5102428,32,289,27,348
5102429,53,322,47,422
5102430,36,318,33,387
5102431,31,192,12,235
5102432,46,392,40,478
5102433,35,351,61,447
5102434,11,172,110,293
5102435,0,0,0,0
5102436,23,244,13,280
5102437,34,210,29,273
5102438,45,301,79,425
5102439,19,266,20,305
5102440,28,391,26,445
5102501,21,268,40,329
5102502,53,548,143,744
5102503,19,209,31,259
5102504,40,383,80,503
5102505,36,312,51,399
5102506,25,201,39,265
5102507,31,286,53,370
5102508,27,255,37,319
5102509,24,168,20,212
5102510,46,266,161,473
5102511,51,358,36,445
5102512,29,286,44,359
5102513,27,272,46,345
5102514,41,278,26,345
5102515,35,215,35,285
5102516,39,319,38,396
5102517,39,202,30,271
5102518,34,262,32,328
5102519,34,242,41,317
5102520,62,388,34,484
5102521,0,0,0,0
5102601,25,143,12,180
5102602,40,241,24,305
5102603,41,328,56,425
5102604,54,278,38,370
5102605,43,327,47,417
5102606,42,213,27,282
5102607,19,219,21,259
5102608,9,145,19,173
5102609,18,145,12,175
5102610,0,6,0,6
5102611,24,152,12,188
5102612,22,166,31,219
5102613,49,394,62,505
5102614,29,252,16,297
5102615,18,130,30,178
5102616,21,137,7,165
5102701,45,464,72,581
5102702,28,379,30,437
5102703,27,414,35,476
5102704,0,0,0,0
5102705,21,275,30,326
5102706,32,180,18,230
5102707,31,272,47,350
5102708,58,363,26,447
5102709,27,299,45,371
5102710,28,215,12,255
5102711,38,430,30,498
5102712,28,157,16,201
5102713,51,380,103,534
5102714,62,517,50,629
5102715,43,398,93,534
5102716,37,361,40,438
5102717,25,246,25,296
5102718,36,369,44,449
5102719,26,373,32,431
5102720,18,177,15,210
5102721,40,353,31,424
5102722,30,245,35,310
5102723,24,376,24,424
5102724,39,336,41,416
5102725,36,317,41,394
5102801,24,236,25,285
5102802,30,177,46,253
5102803,60,355,96,511
5102804,48,313,62,423
5102805,39,224,42,305
5102806,54,651,47,752
5102807,19,146,18,183
5102808,29,254,40,323
5102809,39,340,23,402
5102810,13,136,12,161
5102811,56,324,28,408
5102812,59,370,25,454
5102813,54,346,33,433
5102814,41,207,24,272
5102815,22,188,27,237
5102816,44,329,56,429
5102817,33,283,73,389
5102818,28,223,28,279
5102819,46,344,19,409
5102820,41,193,67,301
5102821,38,329,46,413
5102822,18,179,22,219
5102901,36,270,56,362
5102902,49,351,28,428
5102903,39,234,32,305
5102904,3,125,12,140
5102905,12,109,14,135
5102906,15,154,11,180
5102907,27,211,30,268
5102908,56,602,37,695
5102909,31,309,33,373
5102910,45,335,50,430
5102911,36,306,29,371
5102912,20,157,19,196
5102913,50,238,33,321
5102914,36,276,58,370
5102915,42,275,46,363
5102916,46,328,31,405
5102917,28,204,18,250
5102918,30,314,43,387
5102919,28,174,24,226
5103001,15,189,34,238
5103002,22,247,4,273
5103003,0,0,0,0
5103004,0,48,0,48
5103005,0,0,0,0
5103006,0,0,0,0
5103007,41,294,28,363
5103008,46,304,26,376
5103009,37,293,21,351
5103010,49,371,27,447
5103011,73,436,25,534
5103012,37,255,16,308
5103013,43,307,9,359
5103014,24,188,10,222
5103015,50,398,20,468
5103016,38,357,21,416
5103017,19,213,21,253
5103018,56,341,24,421
5103101,13,126,27,166
5103102,0,0,0,0
5103103,33,286,34,353
5103104,47,221,32,300
5103105,38,248,35,321
5103106,59,372,102,533
5103107,25,263,21,309
5103108,39,379,47,465
5103109,24,188,9,221
5103110,23,223,15,261
5103111,17,315,51,383
5103112,29,188,21,238
5103113,41,265,7,313
5103114,79,396,53,528
5103115,40,268,15,323
5103116,0,0,0,0
5103117,31,271,24,326
5103118,22,172,59,253
5103119,50,294,19,363
5103120,26,330,41,397
5103121,41,315,49,405
5103201,37,220,39,296
5103202,31,198,77,306
5103203,41,276,30,347
5103204,32,222,24,278
5103205,33,265,19,317
5103206,31,225,16,272
5103207,33,296,52,381
5103208,27,188,18,233
5103209,59,400,52,511
5103210,31,230,28,289
5103211,53,280,61,394
5103212,24,216,31,271
5103213,37,362,41,440
5103214,34,255,28,317
5103215,41,353,75,469
5103216,34,196,34,264
5103217,32,267,34,333
5103218,47,339,14,400
5103301,21,217,13,251
5103302,31,203,19,253
5103303,41,339,27,407
5103304,41,174,11,226
5103305,35,297,27,359
5103306,32,257,11,300
5103307,59,274,18,351
5103308,0,0,0,0
5103309,27,190,0,217
5103310,27,208,13,248
5103311,24,161,12,197
5103312,44,285,20,349
5103313,19,147,3,169
5103314,0,0,0,0
5103315,50,304,13,367
5103316,37,191,3,231
5103317,31,179,7,217
5103318,32,174,3,209
5103319,26,215,13,254
5103320,52,345,13,410
5103321,28,222,15,265
5103322,36,190,12,238
5103401,21,160,46,227
5103402,24,144,15,183
5103403,53,403,54,510
5103404,27,229,9,265
5103405,43,320,21,384
5103406,57,340,17,414
5103407,38,288,20,346
5103408,27,220,24,271
5103409,42,316,24,382
5103410,30,275,6,311
5103411,30,189,14,233
5103412,36,231,15,282
5103413,37,451,41,529
5103414,27,250,50,327
5103415,19,370,65,454
5103416,41,268,16,325
5103417,42,321,47,410
5103418,30,190,16,236
5103419,22,182,21,225
5103420,38,299,33,370
5103421,70,473,87,630
5103422,36,230,21,287
5103423,46,213,10,269
5103424,46,388,51,485
5103501,26,161,15,202
5103502,0,3,0,3
5103503,35,291,16,342
5103504,19,374,50,443
5103505,31,376,26,433
5103506,15,270,30,315
5103507,17,205,3,225
5103508,0,0,0,0
5103509,15,126,18,159
5103510,41,370,44,455
5103511,37,342,13,392
5103512,67,460,46,573
5103513,55,430,16,501
5103514,50,339,24,413
5103515,37,216,10,263
5103516,45,276,15,336
5103517,34,334,15,383
5103518,32,243,16,291
5103519,13,196,27,236
5103520,60,246,14,320
5103521,43,544,42,629
5103522,18,405,16,439
5103523,47,424,36,507
5103524,9,496,28,533
5103525,49,318,32,399
5103526,25,185,12,222
5103527,33,297,18,348
5103528,39,326,43,408
5103529,33,255,7,295
5103530,35,205,24,264
5103531,44,257,21,322
5103532,53,407,36,496
5103533,67,448,28,543
5103534,25,178,104,307
5103535,59,350,10,419
5103536,33,318,22,373
5103537,41,241,9,291
5103538,46,337,22,405
5103539,39,335,21,395
5103540,33,324,23,380
5103541,49,283,12,344
5103601,0,0,0,0
5103602,37,289,32,358
5103603,38,277,21,336
5103604,14,173,10,197
5103605,49,219,21,289
5103606,42,310,23,375
5103607,0,0,7,7
5103608,22,149,12,183
5103609,39,327,37,403
5103610,27,145,7,179
5103611,33,292,6,331
5103612,52,364,26,442
5103613,27,167,10,204
5103614,37,272,16,325
5103615,6,102,3,111
5103616,25,194,18,237
5103617,43,394,24,461
5103618,31,225,9,265
5103619,52,381,30,463
5103620,45,236,12,293
5103621,40,188,69,297
5103622,0,0,0,0
5103623,30,232,15,277
5103624,26,219,35,280
5103625,0,0,0,0
5103701,9,17,3,29
5103801,25,202,27,254
5103802,30,310,40,380
5103803,21,376,58,455
5103804,15,204,32,251
5103805,25,219,27,271
5103806,30,406,74,510
5103807,16,171,20,207
5103808,6,198,30,234
5103809,34,342,43,419
5103810,25,306,20,351
5103811,37,289,23,349
5103812,0,0,0,0
5103813,40,299,26,365
5103814,29,216,15,260
5103815,46,189,21,256
5103816,21,179,7,207
5103817,53,347,25,425
5103818,20,207,4,231
5103819,14,191,8,213
5103820,19,188,36,243
5103821,12,161,18,191
5103822,46,388,45,479
5103823,31,174,13,218
5103824,26,262,20,308
5103825,37,183,23,243
5103826,52,405,43,500
5103827,23,203,9,235
5103828,40,259,21,320
5103901,24,165,16,205
5103902,53,310,24,387
5103903,43,285,21,349
5103904,0,0,0,0
5103905,37,307,35,379
5103906,29,236,11,276
5103907,26,285,6,317
5103908,42,390,45,477
5103909,18,228,53,299
5103910,40,415,39,494
5103911,14,283,33,330
5103912,29,292,42,363
5103913,36,226,28,290
5103914,30,359,26,415
5103915,15,230,16,261
5103916,33,287,27,347
5103917,37,359,24,420
5103918,53,346,12,411
5103919,28,393,39,460
5103920,35,327,21,383
5103921,42,313,23,378
5103922,60,390,19,469
5103923,34,336,116,486
5103924,36,397,47,480
5103925,35,351,49,435
5103926,28,179,16,223
5103927,31,237,34,302
5103928,35,349,12,396
5103929,48,414,43,505
5103930,41,437,38,516
5103931,21,236,15,272
5103932,35,327,35,397
5103933,42,378,24,444
5103934,36,225,28,289
5103935,28,380,34,442
5103936,30,232,15,277
5103937,34,223,9,266
5103938,18,206,21,245
5103939,15,207,28,250
5104001,28,290,29,347
5104002,32,320,37,389
5104003,34,330,28,392
5104004,21,194,14,229
5104005,45,317,25,387
5104006,25,422,34,481
5104007,47,298,19,364
5104008,24,215,27,266
5104009,18,312,22,352
5104010,39,312,36,387
5104011,39,313,35,387
5104012,15,168,15,198
5104013,26,262,18,306
5104014,33,240,22,295
5104015,25,273,27,325
5104016,18,235,13,266
5104017,26,346,47,419
5104018,27,241,18,286
5104019,25,258,38,321
5104020,32,240,36,308
5104021,43,363,44,450
5104101,52,504,63,619
5104102,15,379,79,473
5104103,16,372,41,429
5104104,19,346,70,435
5104105,27,364,71,462
5104106,18,290,95,403
5104107,12,324,87,423
5104108,45,851,127,1023
5104109,18,504,125,647
5104110,35,534,180,749
5104111,31,831,289,1151
5104112,52,1208,300,1560
5104113,36,337,33,406
5104114,17,289,41,347
5104115,14,208,61,283
5104116,35,215,35,285
5104117,13,173,56,242
5104118,9,142,19,170
5104119,30,193,27,250
5104120,31,434,60,525
5104121,31,639,111,781
5104122,31,406,42,479
5104123,27,420,54,501
5104124,21,306,67,394
5104125,27,234,77,338
5104126,32,597,90,719
5104127,18,329,79,426
5104128,21,403,88,512
5104129,39,465,50,554
5104130,35,454,48,537
5104131,38,488,98,624
5104132,28,322,44,394
5104133,23,331,49,403
5104134,36,430,58,524
5104135,19,393,76,488
5104136,38,543,68,649
5104137,35,481,70,586
5104138,15,140,48,203
5104139,31,256,77,364
5104140,24,217,49,290
5104141,18,533,121,672
5104142,41,467,114,622
5104143,25,317,51,393
5104144,37,563,98,698
5104145,26,308,130,464
5104146,11,312,89,412
5104201,31,335,21,387
5104202,43,305,18,366
5104203,41,444,107,592
5104204,82,532,34,648
5104205,34,383,27,444
5104206,49,358,21,428
5104207,19,250,20,289
5104208,59,428,46,533
5104209,32,220,85,337
5104210,30,298,15,343
5104211,24,226,15,265
5104212,31,228,45,304
5104213,36,280,18,334
5104214,25,226,26,277
5104215,41,295,25,361
5104216,31,245,18,294
5104217,51,285,9,345
5104218,23,146,5,174
5104219,26,276,32,334
5104220,41,245,12,298
5104221,44,284,30,358
5104222,28,294,22,344
5104223,41,362,22,425
5104224,26,300,23,349
5104225,39,242,32,313
5104226,35,308,23,366
5104227,0,119,9,128
5104228,22,196,19,237
5104229,33,221,30,284
5104230,28,283,20,331
5104231,39,373,81,493
5104232,16,205,29,250
5104233,36,428,64,528
5104234,25,323,21,369
5104235,22,215,21,258
5104236,24,401,63,488
5104301,23,209,7,239
5104302,36,460,133,629
5104303,18,294,29,341
5104304,45,285,101,431
5104305,31,233,82,346
5104306,41,373,38,452
5104307,15,190,26,231
5104308,22,318,21,361
5104309,0,0,0,0
5104310,34,347,30,411
5104311,0,0,0,0
5104312,34,445,76,555
5104313,21,391,102,514
5104314,24,307,43,374
5104315,9,222,33,264
5104316,34,420,27,481
5104317,47,320,44,411
5104318,18,245,12,275
5104319,34,288,24,346
5104320,39,314,10,363
5104321,46,291,6,343
5104322,27,265,10,302
5104323,45,322,18,385
5104324,55,403,44,502
5104325,41,256,22,319
5104326,22,221,17,260
5104327,40,207,3,250
5104328,22,278,9,309
5104329,47,349,10,406
5104330,53,331,34,418
5104331,34,363,15,412
5104332,25,271,44,340
5104333,41,280,9,330
5104334,44,296,11,351
5104335,37,291,62,390
5104336,18,283,21,322
5104337,28,421,44,493
5104338,30,229,19,278
5104339,33,282,22,337
5104401,33,203,15,251
5104402,31,291,16,338
5104403,27,179,10,216
5104404,38,295,34,367
5104405,38,305,30,373
5104406,32,223,23,278
5104407,34,340,28,402
5104408,40,340,29,409
5104409,36,205,21,262
5104410,13,192,18,223
5104411,24,336,22,382
5104412,27,206,14,247
5104413,26,243,29,298
5104414,50,253,32,335
5104415,57,440,48,545
5104416,35,304,15,354
5104417,17,229,24,270
5104418,26,261,31,318
5104419,47,338,43,428
5104420,21,231,31,283
5104421,40,372,42,454
5104422,37,373,23,433
5104423,53,376,32,461
5104424,23,226,18,267
5104425,37,211,6,254
5104426,39,325,57,421
5104427,28,221,33,282
5104428,46,286,16,348
5104429,59,409,30,498
5104430,31,251,25,307
5104431,38,228,30,296
5104432,0,4,0,4
5104433,42,456,37,535
5104434,0,0,0,0
5104435,23,285,20,328
5104436,14,183,9,206
5104437,15,135,21,171
5104501,27,228,18,273
5104502,22,194,10,226
5104503,42,323,13,378
5104504,39,279,30,348
5104505,48,335,40,423
5104506,29,244,12,285
5104507,29,250,17,296
5104508,29,200,15,244
5104509,31,281,21,333
5104510,24,199,46,269
5104511,52,412,37,501
5104512,6,23,0,29
5104513,31,321,23,375
5104514,33,249,18,300
5104515,28,293,43,364
5104516,32,279,19,330
5104517,38,383,14,435
5104518,28,164,19,211
5104519,0,0,0,0
5104520,68,462,40,570
5104521,21,222,29,272
5104522,25,190,24,239
5104523,12,188,18,218
5104524,47,396,31,474
5104525,44,308,12,364
5104526,50,442,30,522
5104527,27,222,82,331
5104528,37,343,26,406
5104529,30,213,39,282
5104530,39,365,47,451
5104531,33,230,21,284
5104532,26,331,15,372
5104533,24,333,24,381
5104534,34,351,12,397
5104535,25,231,24,280
5104536,25,227,14,266
5104537,53,391,36,480
5104538,35,251,38,324
5104539,25,256,8,289
5104540,38,268,15,321
5104541,50,280,57,387
5104542,39,267,40,346
5104543,29,319,21,369
5104544,37,274,24,335
5104545,18,241,10,269
5104546,46,310,41,397
5104547,41,274,29,344
5104548,25,230,51,306
5104549,48,458,108,614
5104550,45,264,43,352
5104551,19,241,25,285
5104552,18,176,16,210
5104553,32,188,29,249
5104601,19,210,27,256
5104602,30,440,57,527
5104603,20,214,14,248
5104604,31,262,22,315
5104605,45,350,43,438
5104606,37,287,24,348
5104607,21,220,22,263
5104608,0,0,3,3
5104609,37,383,47,467
5104610,34,427,39,500
5104611,14,261,40,315
5104612,24,250,30,304
5104613,33,294,34,361
5104614,29,417,58,504
5104615,25,311,49,385
5104616,43,402,42,487
5104617,24,302,37,363
5104618,31,267,53,351
5104619,15,233,53,301
5104620,22,255,38,315
5104621,35,464,62,561
5104622,38,381,95,514
5104623,45,462,85,592
5104624,27,273,39,339
5104625,31,331,60,422
5104626,31,387,47,465
5104627,44,337,46,427
5104628,31,400,45,476
5104701,48,281,30,359
5104702,38,308,15,361
5104703,37,286,12,335
5104704,29,285,12,326
5104705,39,303,61,403
5104706,37,302,25,364
5104707,31,332,30,393
5104708,38,294,25,357
5104709,60,438,34,532
5104710,28,219,9,256
5104711,26,352,37,415
5104712,31,322,41,394
5104713,38,349,65,452
5104714,33,240,26,299
5104715,0,0,0,0
5104716,46,256,40,342
5104717,40,351,41,432
5104718,26,318,5,349
5104719,30,165,6,201
5104720,20,264,18,302
5104721,36,274,40,350
5104722,58,275,14,347
5104723,34,303,26,363
5104724,35,248,21,304
5104725,24,297,17,338
5104726,52,381,39,472
5104727,44,416,35,495
5104728,41,311,19,371
5104729,33,368,45,446
5104730,31,261,15,307
5104731,22,196,21,239
5104732,57,366,32,455
5104733,44,440,46,530
5104734,28,272,21,321
5104735,40,446,37,523
5104736,35,307,18,360
5104737,36,347,22,405
5104738,61,386,31,478
5104739,44,355,27,426
5104740,32,281,27,340
5104741,60,400,32,492
5104742,32,317,26,375
5104743,52,400,36,488
5104744,43,351,21,415
5104745,24,273,33,330
5104801,0,0,0,0
5104802,80,358,35,473
5104803,35,326,21,382
5104804,35,243,17,295
5104805,29,266,15,310
5104806,48,333,23,404
5104807,45,374,25,444
5104808,34,386,22,442
5104809,39,342,25,406
5104810,36,233,14,283
5104811,48,321,24,393
5104812,44,302,17,363
5104813,23,174,3,200
5104814,26,201,9,236
5104815,43,320,27,390
5104816,40,240,17,297
5104817,38,325,37,400
5104818,19,204,17,240
5104819,51,253,16,320
5104820,26,185,7,218
5104821,26,192,14,232
5104901,27,208,25,260
5104902,21,204,13,238
5104903,6,120,6,132
5104904,29,229,13,271
5104905,3,40,1387,1430
5104906,36,216,17,269
5104907,43,267,10,320
5104908,30,245,16,291
5104909,9,30,9,48
5104910,28,134,24,186
5104911,12,21,3,36
5105001,29,197,17,243
5105002,37,185,41,263
5105003,0,0,0,0
5105004,29,248,11,288
5105005,24,259,7,290
5105006,39,284,18,341
5105007,40,194,25,259
5105008,29,233,10,272
5105009,28,198,6,232
5105010,41,293,25,359
5105011,42,201,17,260
5105012,36,207,21,264
5105013,45,343,24,412
5105014,40,204,5,249
5105015,55,371,33,459
5105016,18,180,9,207
5105017,19,109,8,136
5105018,45,299,34,378
5105019,34,194,31,259
5105020,50,353,55,458
5105101,34,187,18,239
5105102,49,534,29,612
5105103,27,184,28,239
5105104,37,287,63,387
5105105,37,339,49,425
5105106,48,251,18,317
5105107,30,238,17,285
5105108,51,290,24,365
5105109,27,213,14,254
5105110,66,466,41,573
5105201,0,9,7,16
5105301,34,249,25,308
5105302,18,201,10,229
5105303,32,373,20,425
5105304,47,288,17,352
5105305,52,405,36,493
5105306,10,100,21,131
5105307,23,138,28,189
5105308,35,289,22,346
5105309,18,169,11,198
5105310,14,195,34,243
5105311,24,175,16,215
5105312,33,278,12,323
5105313,31,133,6,170
5105314,70,356,19,445
5105315,3,28,3,34
5105316,33,262,21,316
5105317,35,282,23,340
5105318,25,186,18,229
5105319,25,190,33,248
5105320,36,197,4,237
5105321,31,251,16,298
5105322,29,247,34,310
5105323,43,257,12,312
5105324,46,318,21,385
5105325,33,215,19,267
5105326,19,177,25,221
5105327,16,148,16,180
5105328,22,166,28,216
5105329,32,271,15,318
5105330,25,125,10,160
5105331,44,217,29,290
5105332,0,3,0,3
5105333,20,119,9,148
5105334,34,214,24,272
5105335,50,348,41,439
5105336,22,156,8,186
5105337,34,237,73,344
5105338,24,165,11,200
5105401,20,231,15,266
5105402,12,160,31,203
5105403,32,307,35,374
5105404,47,297,22,366
5105405,28,179,25,232
5105406,19,143,12,174
5105407,47,395,22,464
5105408,51,309,29,389
5105409,31,287,26,344
5105410,15,158,34,207
5105411,40,257,19,316
5105412,19,172,23,214
5105413,16,242,46,304
5105414,30,161,12,203
5105415,64,362,39,465
5105416,44,315,33,392
5105417,27,214,44,285
5105418,22,190,6,218
5105419,45,289,22,356
5105420,30,256,24,310
5105421,45,331,41,417
5105422,33,264,23,320
5105423,47,312,17,376
5105424,17,190,18,225
5105425,48,270,24,342
5105426,31,311,25,367
5105427,50,333,31,414
5105428,43,325,41,409
5105429,12,156,54,222
5105430,28,205,25,258
5105431,10,125,33,168
5105432,28,203,25,256
5105501,0,0,0,0
5105601,8,127,13,148
5105602,26,207,28,261
5105603,27,197,16,240
5105604,17,144,12,173
5105605,22,286,27,335
5105606,26,184,16,226
5105607,40,349,25,414
5105608,31,387,26,444
5105609,27,132,12,171
5105610,30,228,32,290
5105611,28,196,18,242
5105612,23,183,20,226
5105613,45,354,21,420
5105614,26,273,27,326
5105615,16,190,12,218
5105616,29,268,27,324
5105617,32,238,15,285
5105618,41,278,18,337
5105619,42,396,23,461
5105620,25,266,15,306
5105621,31,227,10,268
5105622,35,270,22,327
5105623,45,281,15,341
5105624,17,171,10,198
5105625,31,293,25,349
5105626,37,267,33,337
5105627,26,283,21,330
5105628,32,343,11,386
5105629,30,269,40,339
5105630,24,202,27,253
5105631,24,254,27,305
5105632,7,73,10,90
5105633,34,280,24,338
5105634,35,240,12,287
5105635,31,282,5,318
5105636,30,234,12,276
5105637,40,375,31,446
5105638,29,206,18,253
5105639,29,244,6,279
5105640,18,227,20,265
5105641,41,382,19,442
5105642,28,261,18,307
5105643,22,208,15,245
5105644,20,155,18,193
5105645,21,250,23,294
5105646,41,409,40,490
5105647,33,218,26,277
5105648,36,314,11,361
5105649,15,158,9,182
5105650,0,0,0,0
5105651,22,252,12,286
5105701,14,153,26,193
5105702,42,313,46,401
5105703,24,290,26,340
5105704,37,253,20,310
5105705,31,446,33,510
5105706,48,473,44,565
5105707,33,246,22,301
5105708,35,356,46,437
5105709,0,0,0,0
5105710,32,345,22,399
5105711,14,181,21,216
5105712,12,203,16,231
5105713,23,225,22,270
5105714,59,404,35,498
5105715,52,291,30,373
5105716,30,326,19,375
5105717,22,287,36,345
5105718,35,306,42,383
5105719,28,317,31,376
5105720,39,325,35,399
5105721,22,202,21,245
5105722,27,244,26,297
5105723,61,353,9,423
5105724,38,331,49,418
5105725,36,316,39,391
5105726,52,545,42,639
5105727,64,354,43,461
5105728,21,180,16,217
5105729,32,403,36,471
5105730,39,253,41,333
5105731,15,100,234,349
5105732,36,240,61,337
5105733,40,307,50,397
5105801,0,5,0,5
5105802,36,244,19,299
5105803,44,413,49,506
5105804,6,147,9,162
5105805,15,126,26,167
5105806,15,92,22,129
5105807,18,111,15,144
5105808,31,267,35,333
5105809,32,363,19,414
5105810,38,261,9,308
5105811,24,292,33,349
5105812,19,187,17,223
5105813,28,275,33,336
5105901,34,599,39,672
5105902,25,303,9,337
5105903,37,401,30,468
5105904,45,491,27,563
5105905,23,193,7,223
5105906,19,164,9,192
5105907,0,0,0,0
5105908,6,61,0,67
5105909,34,271,28,333
5105910,31,372,27,430
5105911,12,79,0,91
5105912,36,171,19,226
5105913,33,209,18,260
5105914,22,180,21,223
5105915,32,243,16,291
5105916,21,177,12,210
5105917,16,227,11,254
5105918,22,226,24,272
5105919,19,220,7,246
5105920,26,329,21,376
5105921,15,179,15,209
5105922,22,246,12,280
5105923,19,309,26,354
5105924,23,357,16,396
5105925,14,147,0,161
5105926,27,317,19,363
5105927,14,177,9,200
5105928,0,115,8,123
5105929,20,126,9,155
5105930,19,180,11,210
5105931,39,437,56,532
5105932,38,254,24,316
5105933,25,317,24,366
5105934,19,239,43,301
5105935,11,127,12,150
5105936,9,152,7,168
5105937,29,414,30,473
5105938,16,254,5,275
5105939,12,153,0,165
5105940,29,289,9,327
5105941,30,278,11,319
5105942,18,235,12,265
5105943,28,243,19,290
5105944,29,200,31,260
5105945,29,226,23,278
5105946,33,270,19,322
5105947,18,110,0,128
5105948,15,195,15,225
5105949,40,328,10,378
5105950,19,415,32,466
5105951,0,0,0,0
5105952,20,186,25,231
5105953,37,293,37,367
5105954,26,234,12,272
5105955,15,157,9,181
5105956,29,340,25,394
5105957,26,189,11,226
5105958,37,445,25,507
5105959,19,203,4,226
5106001,17,168,20,205
5106002,21,190,18,229
5106003,19,149,24,192
5106004,27,202,23,252
5106005,36,306,32,374
5106006,15,221,18,254
5106007,28,165,26,219
5106008,27,241,24,292
5106101,36,255,19,310
5106102,52,491,59,602
5106103,3,0,0,3
5106104,27,191,32,250
5106105,49,409,40,498
5106106,0,0,0,0
5106107,48,337,36,421
5106108,42,257,35,334
5106109,22,293,12,327
5106110,22,146,7,175
5106201,30,195,23,248
5106202,27,161,22,210
5106203,27,213,25,265
5106204,38,273,11,322
5106205,37,294,31,362
5106206,23,180,3,206
5106207,27,233,29,289
5106208,27,173,28,228
5106209,36,307,27,370
5106210,20,177,26,223
5106211,20,195,33,248
5106212,29,270,26,325
5106213,29,242,20,291
5106214,30,176,26,232
5106215,47,370,71,488
5106216,50,406,15,471
5106217,49,450,24,523
5106218,48,293,32,373
5106219,3,159,15,177
5106220,53,369,41,463
5106301,3,12,0,15
5106401,0,4,0,4
5106501,0,24,0,24
5106502,31,241,27,299
5106503,36,222,36,294
5106504,28,197,21,246
5106505,44,332,79,455
5106506,22,154,102,278
5106507,30,215,29,274
5106508,46,370,47,463
5106509,28,264,56,348
5106510,3,56,31,90
5106511,31,269,31,331
5106512,34,354,36,424
5106513,69,398,48,515
5106514,15,180,21,216
5106601,26,238,48,312
5106602,22,157,44,223
5106603,45,358,72,475
5106604,33,306,30,369
5106605,20,320,152,492
5106606,32,296,27,355
5106607,43,318,32,393
5106608,56,478,85,619
5106609,42,418,86,546
5106610,21,191,4,216
5106611,36,168,5,209
5106612,53,419,64,536
5106613,46,257,47,350
5106614,27,245,54,326
5106615,62,463,29,554
5106616,23,197,11,231
5106617,9,46,12,67
5106618,15,144,42,201
5106619,48,285,70,403
5106620,34,314,39,387
5106621,55,463,36,554
5106622,31,279,25,335
5106701,42,358,37,437
5106702,23,232,55,310
5106703,29,185,12,226
5106704,43,287,13,343
5106705,43,275,15,333
5106706,25,180,18,223
5106707,12,141,3,156
5106708,29,254,9,292
5106709,52,294,9,355
5106710,4,66,4,74
5106711,15,254,35,304
5106712,30,235,18,283
5106713,33,245,32,310
5106714,18,168,20,206
5106715,29,264,45,338
5106716,61,362,26,449
5106717,17,159,12,188
5106718,0,0,0,0
5106719,0,0,0,0
5106720,24,160,5,189
5106801,12,142,21,175
5106802,21,174,12,207
5106803,29,194,21,244
5106804,26,278,15,319
5106805,30,186,10,226
5106806,46,475,13,534
5106807,48,323,42,413
5106808,18,199,15,232
5106809,62,432,19,513
5106810,22,128,14,164
5106811,38,251,16,305
5106812,27,162,18,207
5106813,23,330,18,371
5106814,42,267,22,331
5106901,0,0,0,0
5107001,21,143,18,182
5107002,42,301,25,368
5107003,15,187,9,211
5107004,30,277,15,322
5107005,34,336,21,391
5107006,29,290,17,336
5107007,37,393,22,452
5107008,36,410,37,483
5107009,29,229,25,283
5107010,19,205,15,239
5107011,26,232,26,284
5107012,23,274,20,317
5107013,13,235,14,262
5107014,47,403,38,488
5107015,48,441,29,518
5107016,36,384,40,460
5107017,32,290,18,340
5107018,35,387,27,449
5107019,30,192,21,243
5107020,18,299,39,356
5107021,35,260,18,313
5107022,24,285,15,324
5107023,0,0,0,0
5107024,16,161,19,196
5107101,27,285,12,324
5107102,16,252,12,280
5107103,20,276,18,314
5107104,16,231,3,250
5107105,35,390,12,437
5107106,12,159,3,174
5107107,33,307,22,362
5107108,26,252,18,296
5107109,18,164,12,194
5107110,23,327,13,363
5107111,19,229,6,254
5107112,30,255,26,311
5107113,23,300,18,341
5107114,26,326,14,366
5107115,27,214,27,268
5107116,36,402,15,453
5107117,32,320,33,385
5107118,26,496,25,547
5107119,18,256,10,284
5107120,22,240,9,271
5107121,12,209,9,230
5107122,20,294,18,332
5107123,41,370,8,419
5107124,36,376,12,424
5107125,0,0,0,0
5107126,30,279,0,309
5107127,32,257,12,301
5107128,9,264,15,288
5107129,43,271,6,320
5107130,24,217,13,254
5107131,29,160,9,198
5107132,33,300,18,351
5107133,3,26,6,35
5107134,29,339,11,379
5107135,19,382,19,420
5107201,22,172,0,194
5107202,11,137,9,157
5107203,22,198,12,232
5107204,52,405,15,472
5107205,57,462,21,540
5107206,45,384,16,445
5107207,37,310,16,363
5107208,27,242,22,291
5107209,35,271,15,321
5107210,30,274,4,308
5107211,24,158,15,197
5107212,43,294,6,343
5107213,46,397,13,456
5107214,61,444,40,545
5107215,73,453,20,546
5107216,55,407,22,484
5107217,48,335,14,397
5107218,42,275,6,323
5107219,45,332,24,401
5107220,19,326,21,366
5107221,19,148,3,170
5107222,22,192,5,219
5107223,49,349,14,412
5107224,38,353,26,417
5107225,36,290,12,338
5107226,49,333,12,394
5107227,40,298,19,357
5107228,52,391,16,459
5107229,26,187,5,218
5107230,28,177,18,223
5107231,43,385,19,447
5107232,48,322,19,389
5107233,34,299,16,349
5107234,27,242,10,279
5107301,44,320,14,378
5107302,26,270,15,311
5107303,38,290,14,342
5107304,34,330,18,382
5107305,35,299,35,369
5107306,22,171,8,201
5107307,24,221,11,256
5107308,47,357,20,424
5107309,30,199,7,236
5107310,40,405,18,463
5107311,44,368,32,444
5107312,28,158,9,195
5107313,24,138,7,169
5107314,43,314,24,381
5107315,33,228,15,276
5107316,34,250,12,296
5107317,43,349,28,420
5107318,24,242,4,270
5107319,56,395,25,476
5107320,36,295,21,352
5107321,50,416,26,492
5107322,23,147,20,190
5107323,25,267,39,331
5107324,40,241,9,290
5107325,22,202,6,230
5107326,33,238,19,290
5107327,45,252,13,310
5107328,28,229,10,267
5107329,24,224,10,258
5107330,28,195,16,239
5107331,38,337,9,384
5107332,25,237,21,283
5107333,0,0,0,0
5107334,30,228,22,280
5107335,32,392,25,449
5107401,35,283,12,330
5107402,30,388,18,436
5107403,36,343,12,391
5107404,50,457,28,535
5107405,48,369,24,441
5107406,30,288,21,339
5107407,31,205,6,242
5107408,32,313,26,371
5107409,30,397,45,472
5107410,30,220,14,264
5107411,36,286,24,346
5107412,34,500,53,587
5107413,33,279,9,321
5107414,35,398,24,457
5107415,27,341,19,387
5107416,56,455,33,544
5107417,36,330,34,400
5107418,26,287,27,340
5107419,28,368,26,422
5107420,28,315,15,358
5107421,33,392,35,460
5107501,58,375,14,447
5107502,31,259,17,307
5107503,22,260,12,294
5107504,40,381,19,440
5107505,33,195,18,246
5107506,42,401,24,467
5107507,25,180,19,224
5107508,36,236,17,289
5107509,25,284,12,321
5107510,55,482,21,558
5107511,42,371,24,437
5107512,42,333,35,410
5107513,60,374,26,460
5107514,31,323,23,377
5107515,43,395,24,462
5107516,31,287,6,324
5107517,22,167,3,192
5107518,30,328,6,364
5107519,6,163,15,184
5107520,63,484,22,569
5107521,36,304,20,360
5107522,43,375,15,433
5107523,35,321,13,369
5107601,13,254,9,276
5107602,38,254,12,304
5107603,36,321,9,366
5107604,36,288,25,349
5107605,58,823,31,912
5107606,7,181,9,197
5107607,18,220,4,242
5107608,38,419,16,473
5107609,36,383,5,424
5107610,81,1073,45,1199
5107701,0,3,0,3
5107702,25,207,15,247
5107703,26,348,12,386
5107704,25,364,92,481
5107705,15,264,58,337
5107706,36,267,12,315
5107707,29,234,21,284
5107708,45,368,33,446
5107709,22,134,9,165
5107710,32,256,23,311
5107711,14,245,20,279
5107712,24,306,15,345
5107713,18,392,63,473
5107714,26,432,66,524
5107715,21,298,33,352
5107716,0,0,3,3
5107717,26,193,18,237
5107718,9,202,18,229
5107719,30,523,63,616
5107720,24,313,31,368
5107721,42,364,22,428
5107722,38,310,22,370
5107723,38,382,31,451
5107724,41,311,19,371
5107725,24,298,27,349
5107726,26,263,23,312
5107727,30,367,16,413
5107728,32,231,16,279
5107729,25,245,21,291
5107730,12,260,19,291
5107731,31,287,17,335
5107732,38,414,53,505
5107733,0,0,0,0
5107734,0,0,0,0
5107735,23,256,10,289
5107736,29,415,18,462
5107801,42,376,18,436
5107802,25,234,9,268
5107803,27,315,22,364
5107804,57,295,29,381
5107805,28,315,18,361
5107806,32,230,12,274
5107807,26,329,15,370
5107808,54,362,22,438
5107809,17,215,9,241
5107810,24,142,9,175
5107811,47,392,20,459
5107812,46,379,18,443
5107813,28,229,3,260
5107814,39,184,0,223
5107815,37,258,24,319
5107816,37,260,82,379
5107817,25,317,21,363
5107818,43,327,6,376
5107819,33,264,12,309
5107820,26,164,16,206
5107821,41,336,25,402
5107822,27,199,13,239
5107823,42,402,28,472
5107824,30,306,9,345
5107825,39,226,7,272
5107826,0,3,3,6
5107827,26,220,14,260
5107828,18,183,3,204
5107829,41,312,12,365
5107830,33,264,11,308
5107831,26,202,25,253
5107832,0,0,0,0
5107833,73,450,94,617
5107834,21,135,111,267
5107835,22,132,12,166
5107901,44,294,17,355
5107902,32,359,22,413
5107903,15,153,12,180
5107904,47,383,59,489
5107905,34,367,20,421
5107906,44,431,30,505
5107907,23,275,17,315
5107908,36,402,13,451
5107909,49,302,13,364
5107910,41,287,20,348
5107911,26,282,29,337
5107912,39,303,17,359
5107913,39,317,34,390
5107914,0,0,0,0
5107915,33,287,31,351
5107916,25,216,6,247
5107917,28,255,25,308
5107918,38,215,18,271
5107919,28,170,18,216
5107920,18,177,16,211
5107921,36,357,13,406
5107922,30,266,12,308
5107923,20,297,16,333
5107924,0,0,0,0
5107925,38,340,28,406
5107926,28,358,23,409
5107927,49,375,33,457
5108001,26,286,18,330
5108002,25,240,6,271
5108003,36,274,11,321
5108004,16,125,3,144
5108005,27,289,27,343
5108006,16,220,9,245
5108007,36,340,20,396
5108008,30,258,10,298
5108009,16,172,14,202
5108010,19,227,25,271
5108011,32,278,13,323
5108012,29,213,9,251
5108013,16,182,12,210
5108014,44,410,56,510
5108015,24,194,10,228
5108016,0,0,0,0
5108017,33,238,3,274
5108018,34,177,31,242
5108019,38,324,25,387
5108020,32,263,17,312
5108021,20,275,7,302
5108022,29,309,21,359
5108023,23,235,15,273
5108101,24,246,23,293
5108102,33,265,16,314
5108103,36,309,14,359
5108104,0,0,0,0
5108105,28,172,15,215
5108106,21,267,27,315
5108107,29,353,18,400
5108108,37,253,14,304
5108109,12,242,15,269
5108110,29,208,18,255
5108111,34,231,33,298
5108112,30,253,42,325
5108113,23,204,26,253
5108114,47,343,15,405
5108115,29,318,18,365
5108116,0,0,0,0
5108117,36,327,29,392
5108118,25,214,15,254
5108119,39,239,11,289
5108120,27,173,10,210
5108121,46,348,18,412
5108122,19,155,6,180
5108123,35,317,29,381
5108124,16,195,18,229
5108201,22,234,15,271
5108202,34,256,35,325
5108203,33,224,24,281
5108204,37,223,15,275
5108205,34,190,12,236
5108206,56,293,37,386
5108207,36,275,25,336
5108208,15,178,7,200
5108209,47,359,45,451
5108210,20,189,4,213
5108211,50,376,21,447
5108212,27,287,7,321
5108213,14,211,10,235
5108214,31,226,11,268
5108215,39,267,14,320
5108216,33,210,21,264
5108217,38,271,3,312
5108218,47,261,14,322
5108219,33,274,33,340
5108220,25,243,21,289
5108221,29,200,43,272
5108222,39,254,17,310
5108223,51,323,44,418
5108224,33,292,40,365
5108225,52,323,49,424
5108301,28,272,8,308
5108302,41,362,29,432
5108303,24,284,11,319
5108304,20,288,6,314
5108305,33,294,23,350
5108306,21,228,6,255
5108307,26,211,10,247
5108308,22,228,4,254
5108309,0,0,0,0
5108310,36,280,12,328
5108311,37,196,7,240
5108312,30,223,12,265
5108313,28,160,12,200
5108314,45,376,26,447
5108315,19,168,13,200
5108316,16,157,8,181
5108317,29,324,18,371
5108318,30,239,13,282
5108319,17,218,0,235
5108320,23,205,32,260
5108321,32,250,17,299
5108322,33,357,9,399
5108323,30,198,19,247
5108324,25,131,6,162
5108325,33,328,30,391
5108326,3,13,0,16
5108327,24,197,17,238
5108328,0,0,0,0
5108329,0,0,0,0
5108330,0,0,0,0
5108331,17,183,10,210
5108401,44,339,15,398
5108402,46,284,23,353
5108403,52,328,33,413
5108404,44,304,27,375
5108405,34,413,36,483
5108406,20,203,9,232
5108407,21,169,18,208
5108408,23,161,8,192
5108409,45,236,21,302
5108410,33,240,6,279
5108411,35,262,12,309
5108412,37,520,55,612
5108413,27,234,30,291
5108414,34,319,50,403
5108415,29,270,21,320
5108416,49,299,10,358
5108417,37,223,25,285
5108418,49,348,24,421
5108419,35,226,20,281
5108420,34,276,19,329
5108421,45,355,27,427
5108422,0,3,0,3
5108423,32,197,19,248
5108424,32,191,12,235
5108425,27,234,27,288
5108426,15,217,20,252
5108427,44,252,11,307
5108428,40,291,33,364
5108429,49,328,112,489
5108430,49,262,21,332
5108431,38,283,25,346
5108432,23,270,20,313
5108433,31,317,52,400
5108434,45,375,81,501
5108435,39,302,53,394
5108436,24,291,40,355
5108437,34,394,40,468
5108501,34,285,47,366
5108502,15,261,30,306
5108503,44,290,42,376
5108504,30,245,27,302
5108505,19,195,53,267
5108506,39,341,56,436
5108507,40,308,28,376
5108508,50,320,51,421
5108509,39,311,35,385
5108510,36,246,49,331
5108511,22,215,40,277
5108512,33,223,32,288
5108513,39,338,85,462
5108514,29,249,21,299
5108515,17,226,56,299
5108516,52,297,55,404
5108517,23,241,56,320
5108518,21,194,43,258
5108519,32,248,48,328
5108520,39,286,71,396
5108521,47,333,42,422
5108522,24,202,24,250
5108523,45,327,71,443
5108524,29,366,68,463
5108525,17,190,43,250
5108526,44,326,56,426
5108527,25,225,37,287
5108528,11,200,35,246
5108529,32,259,62,353
5108530,18,187,49,254
5108531,31,310,78,419
5108532,33,173,10,216
5108533,0,0,0,0
5108534,0,0,0,0
5108535,27,318,61,406
5108536,8,189,9,206
5108537,37,313,36,386
5108538,0,0,0,0
5108539,37,320,34,391
5108540,18,200,21,239
5108541,33,249,29,311
5108542,25,291,35,351
5108543,36,231,43,310
5108544,20,182,31,233
5108601,15,59,12,86
5108602,31,323,41,395
5108603,27,189,21,237
5108604,25,177,10,212
5108605,36,365,80,481
5108606,20,254,41,315
5108607,34,291,29,354
5108608,42,288,21,351
5108609,38,343,36,417
5108610,22,185,15,222
5108611,25,169,21,215
5108612,37,289,26,352
5108613,25,283,14,322
5108614,49,358,32,439
5108615,43,319,36,398
5108616,68,405,25,498
5108617,44,366,31,441
5108618,50,324,32,406
5108619,25,186,10,221
5108620,0,0,0,0
5108621,35,320,18,373
5108622,56,298,18,372
5108623,35,350,17,402
5108624,36,269,21,326
5108625,41,236,20,297
5108626,44,289,28,361
5108627,41,165,9,215
5108628,36,172,22,230
5108629,52,297,40,389
5108630,55,291,27,373
5108631,31,270,49,350
5108632,51,397,23,471
5108633,13,252,28,293
5108634,46,316,35,397
5108635,38,326,34,398
5108636,35,247,25,307
5108637,40,245,24,309
5108638,28,199,16,243
5108639,24,220,3,247
5108640,35,318,33,386
5108641,41,333,38,412
5108642,46,453,80,579
5108643,30,236,38,304
5108644,21,158,7,186
5108645,46,308,33,387
5108646,39,390,25,454
5108647,42,195,15,252
5108648,62,373,10,445
5108649,25,181,18,224
5108650,48,389,46,483
5108651,37,316,18,371
5108652,34,218,14,266
5108653,45,288,24,357
5108654,33,226,10,269
5108655,30,258,9,297
5108656,30,229,16,275
5108657,26,272,15,313
5108658,0,0,0,0
5108659,25,224,14,263
5108701,0,3,0,3
5108801,31,309,27,367
5108802,0,21,0,21
5108803,21,327,15,363
5108804,24,229,61,314
5108805,14,248,13,275
5108806,36,226,21,283
5108807,32,158,15,205
5108808,27,212,46,285
5108809,21,275,63,359
5108810,29,271,26,326
5108811,33,317,24,374
5108812,16,241,41,298
5108813,32,316,36,384
5108814,40,400,39,479
5108815,52,330,30,412
5108816,37,305,16,358
5108817,31,203,19,253
5108818,74,512,79,665
5108819,54,527,63,644
5108820,27,361,37,425
5108821,21,290,29,340
5108822,42,412,43,497
5108823,32,263,33,328
5108824,36,466,30,532
5108825,38,280,59,377
5108826,15,250,38,303
5108827,10,172,71,253
5108828,42,376,45,463
5108829,24,274,40,338
5108830,43,291,35,369
5108831,45,340,33,418
5108832,24,286,27,337
5108833,31,287,18,336
5108834,41,363,30,434
5108835,49,338,15,402
5108901,44,343,20,407
5108902,26,248,13,287
5108903,13,117,18,148
5108904,0,0,0,0
5108905,27,201,12,240
5108906,30,214,22,266
5108907,23,213,16,252
5108908,44,387,14,445
5108909,33,366,32,431
5108910,10,223,24,257
5108911,37,178,31,246
5108912,38,247,12,297
5108913,46,335,94,475
5108914,49,358,28,435
5108915,0,47,3,50
5108916,29,278,21,328
5108917,47,255,10,312
5108918,50,310,11,371
5108919,15,125,15,155
5108920,27,231,12,270
5108921,36,317,47,400
5108922,51,418,89,558
5108923,38,278,27,343
5108924,19,246,18,283
5108925,34,260,10,304
5108926,28,314,9,351
5108927,31,235,17,283
5108928,0,0,0,0
5108929,50,327,45,422
5108930,47,383,11,441
5108931,50,230,9,289
5108932,25,310,31,366
5108933,48,369,21,438
5108934,25,118,3,146
5108935,63,319,20,402
5108936,27,270,19,316
5108937,0,0,0,0
5108938,38,282,7,327
5108939,25,197,12,234
5108940,18,172,12,202
5108941,39,388,8,435
5108942,41,324,6,371
5108943,52,361,10,423
5108944,30,277,12,319
5108945,12,126,6,144
5108946,27,264,12,303
5108947,19,214,6,239
5108948,68,337,15,420
5108949,28,237,12,277
5108950,29,246,15,290
5109001,56,530,49,635
5109002,21,221,30,272
5109003,38,265,20,323
5109004,53,451,54,558
5109005,56,375,26,457
5109006,23,230,17,270
5109007,37,373,33,443
5109008,23,278,39,340
5109009,35,325,26,386
5109010,43,280,17,340
5109011,30,206,40,276
5109012,49,294,55,398
5109013,44,368,53,465
5109014,33,293,63,389
5109015,32,424,116,572
5109016,47,411,46,504
5109017,40,364,48,452
5109018,49,606,59,714
5109019,27,292,35,354
5109020,33,378,74,485
5109021,25,258,53,336
5109022,59,448,37,544
5109023,47,405,70,522
5109024,36,266,20,322
5109025,61,428,44,533
5109026,42,462,95,599
5109027,48,376,65,489
5109028,44,408,57,509
5109101,0,7,0,7
5109201,25,272,51,348
5109202,42,292,37,371
5109203,26,265,62,353
5109204,33,339,55,427
5109205,29,310,27,366
5109206,14,241,25,280
5109207,45,379,76,500
5109208,27,296,31,354
5109209,23,336,78,437
5109210,13,218,96,327
5109211,20,205,104,329
5109212,18,345,39,402
5109213,17,243,25,285
5109214,30,212,53,295
5109215,18,247,58,323
5109216,33,447,151,631
5109217,46,357,97,500
5109218,46,325,49,420
5109219,49,381,48,478
5109220,24,283,26,333
5109221,26,369,58,453
5109222,35,399,46,480
5109223,33,273,49,355
5109224,35,459,36,530
5109225,28,298,22,348
5109226,39,290,36,365
5109227,33,238,25,296
5109228,32,349,23,404
5109229,14,175,35,224
5109230,45,276,36,357
5109231,38,368,25,431
5109232,32,430,54,516
5109301,35,321,127,483
5109302,45,377,82,504
5109303,26,279,21,326
5109304,22,233,15,270
5109305,43,347,21,411
5109306,50,381,15,446
5109307,56,341,34,431
5109308,41,413,13,467
5109309,20,220,56,296
5109310,19,392,79,490
5109311,35,261,28,324
5109312,35,396,41,472
5109313,24,263,36,323
5109314,27,245,50,322
5109315,24,282,50,356
5109316,39,274,15,328
5109317,56,393,21,470
5109318,44,362,23,429
5109319,30,191,18,239
5109320,27,260,10,297
5109321,48,392,42,482
5109322,48,272,33,353
5109323,49,310,23,382
5109324,27,208,18,253
5109325,33,207,7,247
5109326,38,266,23,327
5109327,38,370,12,420
5109328,36,234,22,292
5109329,71,468,27,566
5109330,0,3,0,3
5109401,23,190,10,223
5109402,28,232,8,268
5109403,53,349,29,431
5109404,46,225,12,283
5109405,42,358,26,426
5109406,45,452,29,526
5109407,33,246,31,310
5109408,33,237,10,280
5109409,54,280,24,358
5109410,48,281,31,360
5109411,40,242,24,306
5109412,51,310,35,396
5109413,19,142,6,167
5109414,51,234,30,315
5109415,37,193,18,248
5109416,0,0,0,0
5109417,27,268,39,334
5109418,29,167,9,205
5109419,32,202,18,252
5109501,15,250,27,292
5109502,26,323,40,389
5109503,24,355,27,406
5109504,24,213,32,269
5109505,38,296,33,367
5109506,26,352,15,393
5109507,28,309,27,364
5109508,44,359,50,453
5109509,21,209,21,251
5109510,24,277,19,320
5109511,49,441,66,556
5109512,39,301,46,386
5109513,50,329,32,411
5109514,32,399,49,480
5109515,26,265,19,310
5109516,27,305,76,408
5109517,35,282,29,346
5109518,18,165,26,209
5109519,26,224,33,283
5109520,41,324,34,399
5109521,29,189,25,243
5109522,28,263,20,311
5109523,32,307,34,373
5109524,25,291,30,346
5109525,18,235,88,341
5109526,34,269,39,342
5109527,26,219,18,263
5109528,35,283,51,369
5109601,27,280,30,337
5109602,30,262,41,333
5109603,40,227,12,279
5109604,35,248,10,293
5109605,46,411,21,478
5109606,29,188,0,217
5109607,20,277,6,303
5109608,43,409,30,482
5109609,25,162,0,187
5109610,34,262,5,301
5109611,29,300,24,353
5109612,53,320,18,391
5109613,35,285,12,332
5109614,30,209,9,248
5109615,30,220,9,259
5109616,45,344,20,409
5109617,38,321,16,375
5109618,35,345,8,388
5109619,31,264,15,310
5109620,44,292,8,344
5109621,42,305,7,354
5109622,16,188,9,213
5109623,51,321,22,394
5109624,54,377,18,449
5109625,43,299,14,356
5109626,46,277,22,345
5109627,0,0,0,0
5109628,60,343,9,412
5109629,27,255,12,294
5109630,39,284,13,336
5109631,46,339,15,400
5109701,13,164,15,192
5109702,31,193,21,245
5109703,23,205,15,243
5109704,44,363,28,435
5109705,49,254,18,321
5109706,53,322,27,402
5109707,34,197,27,258
5109708,36,238,15,289
5109709,27,258,35,320
5109710,38,431,120,589
5109711,18,259,28,305
5109712,37,411,31,479
5109713,43,429,35,507
5109714,24,205,24,253
5109715,47,366,42,455
5109716,53,496,54,603
5109717,35,344,15,394
5109718,40,255,18,313
5109719,42,383,44,469
5109720,30,378,36,444
5109721,46,351,45,442
5109722,51,409,47,507
5109723,44,436,81,561
5109724,37,260,25,322
5109725,12,198,9,219
5109726,36,274,72,382
5109727,41,308,43,392
5109728,27,353,31,411
5109729,23,197,21,241
5109730,66,341,7,414
5109731,59,340,13,412
5109732,46,335,9,390
5109733,70,376,19,465
5109734,0,0,0,0
5109801,44,351,43,438
5109802,32,331,18,381
5109803,40,289,28,357
5109804,9,205,12,226
5109805,46,248,23,317
5109806,30,227,51,308
5109807,28,238,52,318
5109808,29,237,18,284
5109809,27,166,12,205
5109810,53,307,64,424
5109811,29,242,27,298
5109812,23,126,27,176
5109813,21,178,33,232
5109814,45,291,22,358
5109815,22,265,24,311
5109816,23,202,12,237
5109817,31,236,19,286
5109818,0,0,0,0
5109819,34,302,43,379
5109820,44,361,20,425
5109821,40,337,33,410
5109822,32,265,23,320
5109823,44,327,37,408
5109824,37,301,27,365
5109825,54,299,20,373
5109826,16,126,6,148
5109827,28,311,27,366
5109828,42,352,18,412
5109829,32,311,12,355
5109901,48,346,53,447
5109902,21,396,53,470
5109903,32,352,52,436
5109904,20,210,31,261
5109905,28,290,15,333
5109906,21,285,28,334
5109907,11,329,23,363
5109908,0,0,0,0
5109909,52,460,27,539
5109910,30,343,30,403
5109911,13,142,13,168
5109912,41,407,57,505
5109913,17,223,30,270
5109914,0,0,0,0
5109915,46,350,32,428
5109916,12,184,21,217
5109917,43,265,33,341
5109918,17,284,25,326
5109919,18,307,31,356
5109920,3,114,9,126
5109921,24,308,31,363
5109922,39,307,66,412
5109923,19,189,42,250
5109924,30,425,39,494
5109925,36,380,31,447
5109926,40,603,46,689
5109927,40,332,16,388
5109928,65,1231,82,1378
5109929,45,372,71,488
5109930,35,214,37,286
5109931,29,254,41,324
5109932,35,289,61,385
5109933,25,217,42,284
5109934,43,395,57,495
5109935,56,727,146,929
5110001,23,331,18,372
5110002,17,257,22,296
5110003,46,359,32,437
5110004,56,770,67,893
5110005,30,259,29,318
5110006,23,286,25,334
5110007,30,555,30,615
5110008,15,311,23,349
5110009,35,280,36,351
5110010,38,392,31,461
5110011,25,344,26,395
5110012,0,3,3,6
5110013,16,161,18,195
5110014,35,390,38,463
5110015,23,231,8,262
5110016,38,368,12,418
5110017,25,322,0,347
5110018,24,332,12,368
5110019,21,263,16,300
5110020,29,361,40,430
5110021,33,432,49,514
5110101,14,182,13,209
5110102,22,213,15,250
5110103,0,0,0,0
5110104,45,271,34,350
5110105,26,252,21,299
5110106,17,193,3,213
5110107,39,531,44,614
5110108,21,244,98,363
5110109,37,297,68,402
5110110,31,382,29,442
5110111,15,388,46,449
5110112,27,413,34,474
5110113,42,689,123,854
5110114,29,497,54,580
5110115,43,255,48,346
5110116,35,351,42,428
5110117,25,229,37,291
5110118,10,258,24,292
5110119,28,210,18,256
5110120,26,236,38,300
5110121,12,155,19,186
5110122,26,279,18,323
5110123,32,293,17,342
5110124,20,209,32,261
5110125,14,212,18,244
5110201,26,260,46,332
5110202,39,344,35,418
5110203,24,173,10,207
5110204,32,272,43,347
5110205,27,173,18,218
5110206,20,156,23,199
5110207,34,199,31,264
5110208,38,267,30,335
5110209,18,198,10,226
5110210,23,173,34,230
5110211,32,214,34,280
5110212,18,246,31,295
5110213,18,201,21,240
5110214,28,289,27,344
5110215,19,239,42,300
5110216,36,259,26,321
5110217,35,205,18,258
5110218,44,299,48,391
5110219,39,316,59,414
5110220,21,272,23,316
5110221,25,186,29,240
5110222,47,255,38,340
5110301,86,938,65,1089
5110302,48,577,24,649
5110303,3,12,0,15
5110304,0,3,0,3
5110305,0,0,0,0
5110306,21,248,11,280
5110307,21,219,4,244
5110308,47,380,12,439
5110309,24,217,16,257
5110310,21,252,12,285
5110311,25,185,6,216
5110312,22,259,9,290
5110313,35,278,15,328
5110314,49,382,47,478
5110315,49,351,18,418
5110316,33,259,13,305
5110317,0,0,0,0
5110318,0,18,3,21
5110319,33,244,18,295
5110320,18,196,12,226
5110321,29,265,6,300
5110322,28,286,7,321
5110323,25,322,133,480
5110324,36,431,18,485
5110325,61,627,33,721
5110326,32,349,16,397
5110327,94,862,27,983
5110328,36,214,18,268
5110329,31,326,17,374
5110330,58,729,36,823
5110331,79,770,65,914
5110332,70,857,31,958
5110333,57,378,12,447
5110334,40,322,10,372
5110335,27,270,18,315
5110336,0,0,0,0
5110401,0,3,0,3
5110402,20,194,19,233
5110403,43,386,26,455
5110404,34,263,21,318
5110405,40,428,57,525
5110406,36,216,27,279
5110407,36,284,27,347
5110408,23,226,22,271
5110409,41,234,12,287
5110410,28,287,24,339
5110411,28,273,23,324
5110412,17,252,26,295
5110413,36,314,27,377
5110414,33,221,33,287
5110415,22,336,21,379
5110416,35,317,38,390
5110417,21,241,61,323
5110418,18,245,15,278
5110419,14,134,15,163
5110420,45,325,24,394
5110421,24,276,15,315
5110422,27,310,34,371
5110423,28,296,16,340
5110424,33,319,24,376
5110425,12,180,9,201
5110426,33,375,26,434
5110501,35,270,25,330
5110502,27,184,12,223
5110503,15,121,18,154
5110504,18,174,8,200
5110505,25,304,20,349
5110506,34,304,28,366
5110507,40,362,25,427
5110508,18,224,33,275
5110509,27,242,9,278
5110510,27,362,40,429
5110511,35,505,39,579
5110512,16,215,10,241
5110513,31,190,7,228
5110514,44,412,17,473
5110515,18,161,9,188
5110516,39,489,42,570
5110517,32,402,26,460
5110518,38,338,19,395
5110519,29,304,15,348
5110520,19,276,14,309
5110521,58,775,25,858
5110522,31,415,64,510
5110523,26,348,14,388
5110524,21,211,22,254
5110525,34,406,27,467
5110526,16,257,22,295
5110527,45,455,49,549
5110528,24,250,10,284
5110529,27,453,39,519
5110530,37,351,68,456
5110531,6,297,44,347
5110532,0,0,0,0
5110533,0,0,0,0
5110534,35,276,42,353
5110535,25,432,18,475
5110536,26,158,15,199
5110537,29,253,24,306
5110601,0,0,0,0
5110701,22,319,23,364
5110702,26,343,28,397
5110703,45,208,37,290
5110704,20,162,4,186
5110705,42,212,18,272
5110706,32,183,14,229
5110707,33,335,28,396
5110708,34,371,20,425
5110709,47,330,43,420
5110710,16,280,12,308
5110711,25,254,17,296
5110712,16,212,13,241
5110713,18,237,13,268
5110714,17,247,12,276
5110715,31,477,21,529
5110716,36,422,21,479
5110717,34,544,42,620
5110718,32,566,50,648
5110719,18,333,19,370
5110720,28,267,39,334
5110721,24,377,16,417
5110722,35,339,41,415
5110723,22,340,22,384
5110724,19,160,3,182
5110725,27,401,27,455
5110801,25,206,21,252
5110802,18,219,6,243
5110803,0,0,0,0
5110804,30,475,34,539
5110805,66,631,43,740
5110806,39,249,4,292
5110807,27,246,19,292
5110808,18,153,12,183
5110809,84,1058,66,1208
5110810,15,205,6,226
5110811,30,370,14,414
5110812,20,340,18,378
5110813,42,351,46,439
5110814,25,219,22,266
5110815,39,593,21,653
5110816,36,174,27,237
5110817,40,366,24,430
5110818,21,172,30,223
5110819,50,482,24,556
5110820,37,277,17,331
5110821,37,321,55,413
5110822,21,161,22,204
5110823,31,320,35,386
5110824,36,217,24,277
5110825,18,173,14,205
5110826,22,161,24,207
5110827,53,506,41,600
5110828,35,317,27,379
5110829,39,343,43,425
5110830,34,227,32,293
5110831,39,341,34,414
5110832,46,281,34,361
5110833,47,362,24,433
5110834,48,451,47,546
5110835,43,308,24,375
5110836,64,867,75,1006
5110837,17,303,32,352
5110838,29,162,3,194
5110839,24,201,26,251
5110840,32,203,23,258
5110841,43,440,38,521
5110842,36,375,21,432
5110843,32,232,17,281
5110844,43,431,21,495
5110845,24,242,12,278
5110846,33,261,27,321
5110847,29,283,8,320
5110901,35,182,34,251
5110902,19,167,17,203
5110903,27,245,27,299
5110904,21,150,27,198
5110905,37,198,32,267
5110906,28,280,33,341
5110907,40,389,15,444
5110908,48,226,33,307
5110909,32,186,21,239
5110910,23,197,33,253
5110911,11,188,23,222
5110912,15,225,29,269
5110913,39,601,209,849
5110914,66,454,64,584
5110915,47,462,62,571
5110916,24,158,24,206
5110917,16,102,9,127
5110918,14,152,18,184
5111001,48,375,71,494
5111002,32,262,12,306
5111003,33,259,48,340
5111004,30,334,19,383
5111005,55,405,45,505
5111006,13,132,13,158
5111007,28,133,16,177
5111008,30,145,21,196
5111009,28,266,50,344
5111010,21,180,21,222
5111011,37,308,64,409
5111012,52,426,56,534
5111013,30,242,21,293
5111014,52,466,84,602
5111015,47,403,46,496
5111016,32,188,43,263
5111017,63,522,90,675
5111018,54,378,39,471
5111019,33,347,53,433
5111020,48,305,36,389
5111021,27,248,50,325
5111022,44,277,41,362
5111023,24,261,47,332
5111024,37,270,33,340
5111025,45,218,37,300
5111026,36,214,40,290
5111027,30,227,36,293
5111028,11,121,6,138
5111029,25,320,50,395
5111030,38,290,123,451
5111031,40,231,17,288
5111032,72,446,33,551
5111033,42,387,53,482
5111034,23,184,27,234
5111035,25,195,28,248
5111101,0,0,0,0
5111201,26,259,37,322
5111202,21,199,25,245
5111203,24,217,27,268
5111204,36,239,21,296
5111205,28,233,24,285
5111206,25,267,23,315
5111207,23,269,25,317
5111208,18,201,11,230
5111209,11,218,75,304
5111210,23,250,28,301
5111211,42,317,39,398
5111212,30,183,25,238
5111213,23,183,32,238
5111214,6,112,15,133
5111215,27,177,14,218
5111301,36,285,25,346
5111302,33,263,39,335
5111303,18,152,18,188
5111304,46,613,36,695
5111305,40,502,49,591
5111306,51,639,20,710
5111307,68,819,34,921
5111308,49,471,25,545
5111309,61,554,28,643
5111310,55,639,22,716
5111401,28,250,16,294
5111402,30,318,39,387
5111403,24,229,54,307
5111404,40,201,27,268
5111405,37,324,33,394
5111406,33,352,24,409
5111407,40,292,9,341
5111408,30,158,16,204
5111409,23,319,17,359
5111410,37,224,33,294
5111411,41,291,52,384
5111412,32,312,46,390
5111413,37,234,22,293
5111414,50,332,56,438
5111415,39,291,57,387
5111416,18,274,54,346
5111417,39,357,50,446
5111418,0,0,0,0
5111419,38,297,35,370
5111420,35,203,16,254
5111421,35,238,15,288
5111422,28,159,14,201
5111423,26,202,21,249
5111424,30,183,14,227
5111425,39,264,83,386
5111426,34,247,19,300
5111501,24,111,8,143
5111502,49,465,73,587
5111503,30,255,48,333
5111504,33,292,11,336
5111505,82,691,27,800
5111506,48,342,26,416
5111507,38,430,76,544
5111508,46,316,18,380
5111509,0,0,0,0
5111510,37,235,24,296
5111511,50,362,22,434
5111512,36,268,15,319
5111513,35,234,12,281
5111514,49,370,28,447
5111515,42,280,18,340
5111516,32,301,33,366
5111601,21,158,6,185
5111602,29,167,5,201
5111603,52,353,12,417
5111604,25,195,9,229
5111605,32,214,17,263
5111606,31,309,9,349
5111607,15,142,3,160
5111608,48,312,28,388
5111609,27,145,11,183
5111610,36,328,11,375
5111611,34,289,10,333
5111612,57,380,30,467
5111613,44,260,31,335
5111614,24,219,13,256
5111615,39,375,14,428
5111616,45,343,9,397
5111617,28,166,9,203
5111618,43,223,12,278
5111701,33,269,9,311
5111702,37,479,35,551
5111703,19,248,23,290
5111704,35,213,20,268
5111705,62,543,46,651
5111706,24,333,46,403
5111707,42,507,66,615
5111708,31,274,51,356
5111709,24,310,23,357
5111710,50,324,19,393
5111711,14,147,15,176
5111712,38,282,24,344
5111713,65,387,37,489
5111714,33,356,31,420
5111715,30,254,43,327
5111716,27,198,32,257
5111717,26,208,19,253
5111718,27,238,21,286
5111801,22,237,38,297
5111802,18,201,68,287
5111803,41,412,76,529
5111804,42,349,64,455
5111805,13,255,30,298
5111806,19,278,30,327
5111807,45,439,57,541
5111808,36,276,30,342
5111809,32,298,35,365
5111810,48,402,64,514
5111811,60,587,48,695
5111812,26,311,41,378
5111813,33,301,43,377
5111814,42,416,33,491
5111815,40,336,61,437
5111816,31,346,46,423
5111817,48,466,78,592
5111818,64,454,71,589
5111819,34,302,49,385
5111820,45,499,49,593
5111821,41,311,54,406
5111822,28,252,69,349
5111823,23,319,48,390
5111824,53,322,94,469
5111825,59,446,49,554
5111901,15,212,23,250
5111902,34,224,22,280
5111903,26,189,33,248
5111904,37,349,66,452
5111905,0,0,0,0
5111906,0,3,0,3
5111907,14,173,19,206
5111908,25,305,13,343
5111909,24,459,90,573
5111910,35,235,14,284
5111911,29,319,22,370
5111912,29,244,9,282
5111913,27,228,9,264
5111914,44,265,9,318
5111915,19,224,18,261
5111916,23,265,24,312
5111917,28,281,15,324
5111918,34,312,31,377
5111919,37,303,39,379
5111920,20,314,28,362
5111921,22,203,15,240
5111922,31,322,48,401
5111923,31,247,14,292
5111924,17,322,26,365
5111925,12,263,41,316
5111926,39,338,57,434
5111927,28,241,22,291
5111928,18,221,39,278
5111929,29,223,30,282
5111930,38,348,52,438
5111931,16,253,41,310
5111932,22,343,27,392
5111933,27,292,29,348
5111934,24,237,45,306
5111935,49,516,40,605
5111936,35,265,36,336
5111937,28,268,24,320
5111938,21,276,21,318
5111939,11,214,42,267
5111940,15,220,24,259
5112001,0,0,0,0
5112101,0,0,54,54
5112201,25,186,21,232
5112202,31,293,34,358
5112203,34,253,20,307
5112204,33,306,24,363
5112205,34,277,29,340
5112206,52,420,34,506
5112207,29,247,18,294
5112208,42,432,42,516
5112209,31,248,32,311
5112210,20,233,28,281
5112211,35,278,35,348
5112212,33,278,27,338
5112213,54,459,42,555
5112214,22,243,32,297
5112215,33,370,45,448
5112216,24,221,31,276
5112217,34,242,22,298
5112218,27,287,38,352
5112219,31,358,57,446
5112220,23,194,25,242
5112221,44,642,105,791
5112222,35,408,94,537
5112223,11,178,30,219
5112224,35,256,27,318
5112225,31,391,43,465
5112226,21,279,30,330
5112227,26,327,38,391
5112228,51,337,64,452
5112229,26,277,24,327
5112230,42,370,24,436
5112231,25,254,71,350
5112232,37,256,68,361
5112233,46,412,54,512
5112234,47,366,47,460
5112235,21,221,45,287
5112236,39,318,32,389
5112237,48,341,45,434
5112238,27,244,38,309
5112239,47,435,45,527
5112240,57,377,84,518
5112241,26,235,29,290
5112242,36,301,38,375
5112243,38,282,27,347
5112244,25,233,25,283
5112245,36,249,21,306
5112246,51,381,36,468
5112247,33,211,36,280
5112248,49,252,58,359
5112301,9,200,9,218
5112302,34,201,20,255
5112303,40,318,23,381
5112304,16,299,29,344
5112305,19,212,23,254
5112306,22,234,52,308
5112307,32,351,69,452
5112308,41,440,142,623
5112309,28,294,111,433
5112310,56,701,77,834
5112311,29,383,32,444
5112312,30,291,19,340
5112313,19,174,24,217
5112314,41,307,33,381
5112315,34,320,18,372
5112316,45,316,30,391
5112317,20,268,18,306
5112318,43,480,53,576
5112319,21,224,38,283
5112320,42,348,32,422
5112321,13,215,13,241
5112322,25,269,23,317
5112323,25,302,20,347
5112324,23,203,4,230
5112325,28,550,57,635
5112326,29,363,61,453
5112327,32,296,46,374
5112328,18,408,38,464
5112329,11,235,68,314
5112330,12,230,78,320
5112331,0,0,0,0
5112332,25,347,90,462
5112401,26,250,39,315
5112402,36,181,61,278
5112403,26,309,46,381
5112404,26,331,43,400
5112405,21,341,54,416
5112406,26,435,49,510
5112407,18,228,29,275
5112408,30,231,53,314
5112409,46,614,83,743
5112410,26,339,32,397
5112411,40,403,62,505
5112412,11,449,18,478
5112413,37,238,31,306
5112414,34,215,29,278
5112415,53,379,49,481
5112416,40,465,23,528
5112417,30,232,268,530
5112418,37,362,60,459
5112419,20,415,52,487
5112420,50,572,241,863
5112421,19,224,15,258
5112422,25,291,44,360
5112423,52,360,38,450
5112424,30,207,20,257
5112425,65,551,33,649
5112426,13,540,100,653
5112427,43,333,87,463
5112428,27,505,43,575
5112429,24,173,27,224
5112430,40,379,55,474
5112431,25,294,32,351
5112432,27,425,83,535
5112433,34,241,44,319
5112434,51,423,53,527
5112435,34,318,55,407
5112436,45,300,27,372
5112437,36,484,40,560
5112438,37,492,50,579
5112439,16,183,26,225
5112501,39,250,12,301
5112502,34,262,5,301
5112503,59,582,33,674
5112504,28,341,10,379
5112505,15,246,15,276
5112506,36,385,21,442
5112507,49,328,22,399
5112508,25,316,16,357
5112509,20,231,6,257
5112510,35,162,19,216
5112511,49,292,9,350
5112512,32,260,10,302
5112513,23,243,12,278
5112514,38,244,0,282
5112515,28,285,7,320
5112516,12,137,11,160
5112517,33,377,9,419
5112518,20,174,9,203
5112519,30,403,18,451
5112520,31,257,21,309
5112521,9,201,6,216
5112522,33,369,26,428
5112523,37,368,18,423
5112524,27,207,11,245
5112601,0,0,0,0
5112701,26,218,19,263
5112702,29,295,23,347
5112703,44,600,95,739
5112704,32,333,15,380
5112705,44,537,72,653
5112706,37,382,51,470
5112707,37,383,28,448
5112708,25,281,27,333
5112709,52,525,39,616
5112710,31,461,79,571
5112711,64,536,55,655
5112712,63,525,48,636
5112713,46,547,67,660
5112714,31,343,35,409
5112715,43,346,27,416
5112716,28,278,18,324
5112717,47,532,86,665
5112718,45,423,82,550
5112719,26,265,50,341
5112720,42,347,67,456
5112721,58,380,51,489
5112722,46,181,19,246
5112723,17,226,32,275
5112724,29,384,92,505
5112725,25,341,70,436
5112726,31,373,76,480
5112801,16,144,6,166
5112802,33,232,9,274
5112803,18,220,12,250
5112804,23,204,21,248
5112805,24,230,27,281
5112806,32,192,15,239
5112807,25,187,13,225
5112808,0,0,0,0
5112809,56,409,41,506
5112810,16,202,34,252
5112811,42,173,3,218
5112812,30,268,18,316
5112813,42,372,43,457
5112814,36,271,28,335
5112815,44,265,31,340
5112816,34,212,18,264
5112817,62,528,30,620
5112818,27,363,21,411
5112819,63,392,32,487
5112820,25,231,15,271
5112821,24,134,5,163
5112822,25,255,31,311
5112823,23,261,18,302
5112824,29,277,21,327
5112825,46,391,27,464
5112826,35,341,15,391
5112827,39,240,22,301
5112828,15,187,3,205
5112829,16,242,6,264
5112830,37,375,37,449
5112831,44,407,30,481
5112832,51,367,20,438
5112833,31,209,15,255
5112834,25,273,18,316
5112835,44,343,15,402
5112901,36,305,56,397
5112902,28,210,19,257
5112903,26,262,15,303
5112904,23,249,30,302
5112905,24,207,12,243
5112906,63,404,32,499
5112907,26,203,18,247
5112908,16,290,19,325
5112909,31,311,19,361
5112910,6,122,12,140
5112911,33,282,27,342
5112912,41,339,23,403
5112913,67,412,33,512
5112914,23,268,22,313
5112915,25,257,17,299
5112916,16,177,23,216
5112917,40,410,49,499
5112918,21,214,12,247
5112919,9,160,13,182
5112920,34,335,27,396
5112921,45,264,37,346
5112922,45,258,30,333
5112923,46,353,36,435
5112924,28,309,34,371
5112925,48,349,29,426
5112926,81,404,23,508
5112927,36,443,35,514
5112928,35,225,13,273
5112929,14,195,34,243
5112930,21,164,9,194
5112931,21,174,5,200
5112932,32,316,32,380
5112933,3,98,20,121
5113001,0,15,3,18
5113101,19,294,16,329
5113102,40,329,18,387
5113103,24,241,21,286
5113104,23,215,21,259
5113105,46,317,20,383
5113106,29,238,12,279
5113107,16,238,11,265
5113108,24,352,18,394
5113109,42,358,15,415
5113110,49,361,19,429
5113111,41,227,3,271
5113112,53,322,7,382
5113113,37,318,24,379
5113114,40,314,18,372
5113115,39,271,24,334
5113116,39,237,18,294
5113117,33,255,9,297
5113118,38,349,14,401
5113119,36,278,14,328
5113120,53,408,29,490
5113121,20,174,6,200
5113122,27,203,7,237
5113123,63,335,12,410
5113124,33,229,3,265
5113125,72,345,27,444
5113126,47,299,3,349
5113127,33,337,7,377
5113128,35,289,14,338
5113129,43,446,15,504
5113130,47,336,22,405
5113131,57,402,33,492
5113132,45,408,21,474
5113133,43,369,16,428
5113134,47,352,10,409
5113135,27,244,12,283
5113136,49,294,16,359
5113137,39,443,13,495
5113138,46,369,17,432
5113139,38,279,13,330
5113201,26,285,40,351
5113202,20,263,12,295
5113203,24,260,33,317
5113204,34,326,59,419
5113205,35,315,55,405
5113206,47,359,54,460
5113207,21,138,9,168
5113208,30,149,17,196
5113209,0,0,0,0
5113210,24,166,25,215
5113211,38,332,39,409
5113212,21,223,14,258
5113213,37,288,26,351
5113214,38,265,26,329
5113215,23,210,17,250
5113216,17,230,25,272
5113217,49,388,33,470
5113218,49,340,26,415
5113219,37,306,23,366
5113220,28,227,24,279
5113221,23,226,38,287
5113222,31,252,62,345
5113223,26,251,20,297
5113224,46,343,63,452
5113225,29,245,54,328
5113226,50,362,47,459
5113227,23,187,30,240
5113228,24,178,41,243
5113229,18,250,25,293
5113230,45,439,59,543
5113231,32,232,15,279
5113232,42,275,62,379
5113233,31,441,66,538
5113234,33,309,42,384
5113235,8,238,28,274
5113236,24,332,80,436
5113237,17,202,13,232
5113238,37,330,27,394
5113239,37,251,24,312
5113240,58,330,41,429
5113241,16,137,12,165
5113242,21,231,21,273
5113243,15,137,28,180
5113301,17,252,13,282
5113302,36,408,60,504
5113303,25,239,16,280
5113304,73,674,65,812
5113305,13,361,90,464
5113306,24,226,9,259
5113307,19,287,15,321
5113308,53,731,67,851
5113309,40,232,25,297
5113310,41,372,20,433
5113311,35,252,9,296
5113312,34,304,15,353
5113313,33,352,17,402
5113314,63,658,102,823
5113315,47,527,51,625
5113316,26,388,22,436
5113317,23,341,16,380
5113318,42,436,26,504
5113319,41,489,43,573
5113320,23,564,42,629
5113321,54,667,39,760
5113322,44,357,14,415
5113323,43,288,13,344
5113324,28,381,9,418
5113325,27,253,0,280
5113326,18,222,3,243
5113327,20,257,0,277
5113328,33,350,24,407
5113329,21,203,9,233
5113330,44,562,48,654
5113331,36,379,51,466
5113332,9,206,12,227
5113333,51,585,60,696
5113334,0,0,0,0
5113335,0,9,765,774
5113401,16,151,10,177
5113402,41,209,25,275
5113403,49,345,37,431
5113404,18,180,21,219
5113405,25,195,120,340
5113406,6,263,15,284
5113407,29,158,25,212
5113408,38,278,117,433
5113409,27,208,32,267
5113410,33,228,23,284
5113411,56,349,22,427
5113412,35,290,25,350
5113413,33,267,28,328
5113414,54,416,96,566
5113415,0,3,0,3
5113416,33,401,57,491
5113417,33,214,20,267
5113418,43,268,36,347
5113419,14,157,15,186
5113420,44,304,31,379
5113421,42,366,54,462
5113422,30,250,42,322
5113423,26,80,3,109
5113424,30,348,44,422
5113425,40,265,63,368
5113426,36,263,38,337
5113427,38,290,30,358
5113428,28,206,26,260
5113429,34,192,25,251
5113430,33,218,31,282
5113431,20,149,25,194
5113432,35,237,49,321
5113433,49,368,70,487
5113434,42,241,40,323
5113435,26,169,30,225
5113436,50,375,107,532
5113437,17,197,44,258
5113438,43,363,51,457
5113439,38,310,50,398
5113440,33,256,48,337
5113441,42,356,66,464
5113442,58,447,61,566
5113443,44,271,77,392
5113444,28,265,33,326
5113445,49,277,20,346
5113446,14,261,27,302
5113501,67,300,26,393
5113502,36,266,20,322
5113503,7,159,12,178
5113504,45,457,58,560
5113505,50,407,37,494
5113506,61,547,28,636
5113507,33,322,27,382
5113508,40,335,6,381
5113509,34,336,19,389
5113510,46,295,12,353
5113511,39,345,23,407
5113512,58,439,33,530
5113513,60,410,39,509
5113514,50,425,54,529
5113515,48,483,36,567
5113516,39,507,42,588
5113517,33,224,9,266
5113518,29,303,26,358
5113519,22,193,14,229
5113520,17,148,5,170
5113521,29,255,8,292
5113522,46,479,27,552
5113523,41,388,12,441
5113524,24,276,12,312
5113525,6,90,6,102
5113526,78,867,61,1006
5113601,30,151,15,196
5113602,36,224,24,284
5113603,13,188,29,230
5113604,24,284,30,338
5113605,16,135,0,151
5113606,48,363,33,444
5113607,25,174,29,228
5113608,49,274,60,383
5113609,35,276,38,349
5113610,17,167,89,273
5113611,36,253,41,330
5113612,30,211,25,266
5113613,33,375,76,484
5113614,56,402,48,506
5113615,46,418,42,506
5113616,37,303,50,390
5113617,32,199,43,274
5113618,45,330,28,403
5113619,23,264,26,313
5113620,24,272,22,318
5113621,28,376,24,428
5113622,3,105,15,123
5113623,30,150,8,188
5113624,28,241,11,280
5113625,45,396,51,492
5113626,32,195,19,246
5113627,31,193,21,245
5113628,35,285,43,363
5113629,68,364,82,514
5113701,20,212,0,232
5113702,31,282,9,322
5113703,23,245,26,294
5113704,31,357,24,412
5113705,35,298,30,363
5113706,41,301,26,368
5113707,31,177,29,237
5113708,42,421,10,473
5113709,40,358,77,475
5113710,20,221,6,247
5113711,30,270,11,311
5113712,23,297,12,332
5113713,33,301,23,357
5113714,28,188,24,240
5113715,25,255,22,302
5113716,36,248,18,302
5113717,26,224,57,307
5113718,33,308,3,344
5113719,35,412,26,473
5113720,21,181,9,211
5113721,46,297,32,375
5113722,24,166,16,206
5113723,37,319,23,379
5113724,38,384,26,448
5113725,31,229,41,301
5113726,42,321,21,384
5113727,8,214,21,243
5113728,28,286,35,349
5113729,38,255,19,312
5113730,32,263,22,317
5113731,40,338,36,414
5113732,38,270,19,327
5113733,21,148,22,191
5113734,43,252,29,324
5113735,27,242,22,291
5113736,71,487,32,590
5113737,21,255,19,295
5113738,33,227,6,266
5113739,46,321,27,394
5113740,23,238,35,296
5113741,34,218,19,271
5113742,32,255,22,309
5113743,18,233,13,264
5113744,22,228,3,253
5113745,26,196,24,246
5113746,15,157,6,178
5113747,29,243,40,312
5113748,76,343,18,437
5113749,37,312,25,374
5113750,32,229,9,270
5113751,27,323,23,373
5113752,25,173,4,202
5113753,28,192,11,231
5113754,12,187,20,219
5113755,40,357,24,421
5113756,12,145,3,160
5113757,22,238,15,275
5113758,24,247,12,283
5113759,0,0,0,0
5113801,7,145,9,161
5113802,67,562,43,672
5113803,21,313,12,346
5113804,56,344,28,428
5113805,70,602,42,714
5113806,0,0,0,0
5113807,26,248,49,323
5113808,34,299,21,354
5113809,28,163,22,213
5113810,36,255,4,295
5113811,26,212,29,267
5113812,23,165,22,210
5113813,32,354,18,404
5113814,42,377,51,470
5113815,19,280,25,324
5113816,21,129,9,159
5113817,0,0,0,0
5113818,18,238,11,267
5113819,62,286,30,378
5113820,29,280,14,323
5113821,24,296,34,354
5113822,36,382,42,460
5113823,31,223,45,299
5113824,20,204,21,245
5113825,39,316,39,394
5113826,28,345,26,399
5113827,26,197,24,247
5113828,41,235,24,300
5113829,46,492,34,572
5113830,45,538,30,613
5113831,39,225,18,282
5113832,45,294,28,367
5113833,35,359,37,431
5113834,42,278,31,351
5113835,15,222,27,264
5113836,37,246,45,328
5113837,36,373,21,430
5113838,0,0,0,0
5113839,0,0,0,0
5113901,12,203,13,228
5113902,23,335,35,393
5113903,26,347,50,423
5113904,41,334,35,410
5113905,52,435,39,526
5113906,72,595,54,721
5113907,26,225,23,274
5113908,23,265,24,312
5113909,26,275,13,314
5113910,19,155,15,189
5113911,42,356,56,454
5113912,39,548,80,667
5113913,31,229,23,283
5113914,37,233,24,294
5113915,28,298,28,354
5113916,10,152,25,187
5113917,18,192,24,234
5113918,49,386,36,471
5113919,30,326,10,366
5113920,37,272,57,366
5113921,49,307,20,376
5113922,44,331,33,408
5113923,53,363,35,451
5113924,33,261,28,322
5113925,30,226,27,283
5114001,49,365,15,429
5114002,27,266,41,334
5114003,33,251,18,302
5114004,29,215,15,259
5114005,47,272,17,336
5114006,46,325,35,406
5114007,38,236,18,292
5114008,38,250,15,303
5114009,49,346,45,440
5114010,34,264,14,312
5114011,24,163,9,196
5114012,52,314,24,390
5114013,50,350,36,436
5114014,40,227,9,276
5114015,69,373,15,457
5114016,36,405,43,484
5114017,44,277,16,337
5114018,28,258,24,310
5114019,69,338,18,425
5114020,37,236,18,291
5114021,49,283,36,368
5114022,26,238,18,282
5114023,45,307,38,390
5114024,59,379,35,473
5114025,33,209,6,248
5114026,37,304,34,375
5114027,48,345,30,423
5114028,30,275,37,342
5114029,22,178,6,206
5114030,23,176,23,222
5114031,30,196,13,239
5114032,43,484,31,558
5114033,39,272,16,327
5114034,67,441,27,535
5114035,0,3,3,6
5114101,0,8,0,8
5114102,11,108,3,122
5114103,48,277,20,345
5114104,36,322,15,373
5114105,29,300,15,344
5114106,22,232,13,267
5114107,28,210,6,244
5114108,45,360,17,422
5114109,28,181,13,222
5114110,22,307,18,347
5114111,24,218,14,256
5114112,33,215,22,270
5114113,44,300,28,372
5114114,37,286,27,350
5114115,23,103,9,135
5114116,46,191,67,304
5114117,34,183,14,231
5114118,34,188,12,234
5114119,24,226,21,271
5114120,30,229,21,280
5114121,37,284,13,334
5114122,29,161,15,205
5114123,15,126,6,147
5114124,35,203,41,279
5114125,45,232,27,304
5114126,33,317,23,373
5114127,31,355,30,416
5114128,44,202,6,252
5114129,23,199,12,234
5114130,25,178,13,216
5114131,33,315,37,385
5114132,27,200,22,249
5114133,25,195,20,240
5114201,30,251,12,293
5114202,109,986,80,1175
5114203,42,535,42,619
5114204,36,522,25,583
5114205,48,261,20,329
5114206,57,341,25,423
5114207,12,192,24,228
5114208,65,484,36,585
5114209,55,709,35,799
5114210,15,182,9,206
5114211,51,372,19,442
5114212,8,137,3,148
5114213,34,208,18,260
5114301,31,152,15,198
5114302,29,199,24,252
5114303,23,205,16,244
5114304,22,277,18,317
5114305,52,347,19,418
5114306,23,157,34,214
5114307,31,191,6,228
5114308,36,289,18,343
5114309,24,236,18,278
5114310,15,189,34,238
5114311,22,282,21,325
5114312,49,369,29,447
5114313,28,310,28,366
5114314,30,249,17,296
5114315,10,183,16,209
5114401,0,0,237,237
5114402,31,150,8,189
5114403,32,262,11,305
5114404,26,243,30,299
5114405,28,181,10,219
5114406,27,232,24,283
5114407,20,243,21,284
5114408,27,177,12,216
5114409,27,190,29,246
5114410,15,64,0,79
5114411,31,207,38,276
5114412,35,207,27,269
5114413,22,210,15,247
5114501,22,184,27,233
5114502,28,368,139,535
5114503,24,270,19,313
5114504,43,324,23,390
5114505,44,387,77,508
5114506,31,375,30,436
5114507,10,277,21,308
5114508,38,454,45,537
5114509,26,279,18,323
5114510,45,345,10,400
5114511,45,390,6,441
5114512,20,244,9,273
5114513,41,305,25,371
5114514,46,326,19,391
5114515,25,369,25,419
5114516,22,227,38,287
5114517,41,412,19,472
5114518,33,394,26,453
5114519,29,307,32,368
5114520,28,345,25,398
5114521,40,363,29,432
5114522,41,298,33,372
5114523,41,415,74,530
5114524,34,346,18,398
5114525,34,306,53,393
5114526,28,306,34,368
5114527,18,260,21,299
5114528,27,270,30,327
5114529,24,230,21,275
5114530,41,532,38,611
5114531,0,0,0,0
5114601,29,230,22,281
5114602,21,153,18,192
5114603,26,215,22,263
5114604,47,367,49,463
5114605,25,433,45,503
5114606,41,560,51,652
5114607,32,213,3,248
5114608,17,327,49,393
5114609,19,175,41,235
5114610,47,322,20,389
5114611,31,190,10,231
5114612,53,359,25,437
5114613,46,384,69,499
5114614,42,342,20,404
5114615,39,228,22,289
5114616,23,216,41,280
5114617,46,379,33,458
5114618,30,238,18,286
5114619,28,145,6,179
5114620,23,220,15,258
5114621,54,431,30,515
5114622,29,207,15,251
5114623,27,203,11,241
5114624,21,185,25,231
5114625,21,189,9,219
5114626,31,227,20,278
5114627,40,239,40,319
5114628,0,0,0,0
5114629,16,96,3,115
5114630,0,0,0,0
5114701,25,314,126,465
5114702,52,354,75,481
5114703,49,360,77,486
5114704,29,272,39,340
5114705,41,296,6,343
5114706,50,488,22,560
5114707,31,216,33,280
5114708,34,354,27,415
5114709,20,149,12,181
5114710,57,371,29,457
5114711,22,234,18,274
5114712,30,367,17,414
5114713,33,320,19,372
5114714,51,307,29,387
5114715,31,235,30,296
5114716,26,288,14,328
5114717,24,317,32,373
5114718,37,340,15,392
5114719,19,172,30,221
5114720,42,393,66,501
5114721,0,0,0,0
5114722,23,393,57,473
5114723,18,168,20,206
5114724,27,215,17,259
5114725,36,240,21,297
5114726,50,546,59,655
5114727,35,372,22,429
5114728,28,380,56,464
5114729,18,280,74,372
5114730,34,240,8,282
5114731,19,132,22,173
5114732,28,287,19,334
5114733,15,173,21,209
5114734,22,205,6,233
5114735,32,145,27,204
5114736,33,354,10,397
5114737,25,232,32,289
5114738,0,0,0,0
5114739,15,158,19,192
5114740,39,196,14,249
5114741,20,156,3,179
5114742,31,280,17,328
5114743,23,155,19,197
5114801,101,1481,88,1670
5114802,86,1234,73,1393
5114803,64,354,21,439
5114804,42,625,52,719
5114805,60,710,22,792
5114806,38,411,33,482
5114807,26,186,21,233
5114808,62,384,20,466
5114809,55,402,17,474
5114810,33,307,10,350
5114811,29,370,12,411
5114812,18,233,27,278
5114813,23,203,0,226
5114814,28,169,12,209
5114815,19,209,7,235
5114816,51,411,32,494
5114817,25,302,23,350
5114818,26,327,18,371
5114819,37,341,33,411
5114820,25,232,21,278
5114901,29,172,20,221
5114902,3,66,9,78
5114903,21,275,20,316
5114904,23,303,21,347
5114905,16,235,12,263
5114906,31,320,20,371
5114907,15,166,14,195
5114908,22,260,21,303
5114909,35,286,30,351
5114910,34,393,40,467
5114911,17,297,13,327
5114912,19,246,11,276
5114913,39,276,14,329
5114914,26,285,16,327
5114915,21,178,6,205
5115001,0,15,0,15
5115101,0,0,0,0
5115201,61,482,46,589
5115202,57,322,17,396
5115203,35,197,9,241
5115204,38,355,22,415
5115205,41,285,29,355
5115206,43,277,30,350
5115207,50,440,35,525
5115208,28,179,15,222
5115209,39,341,37,417
5115210,15,144,29,188
5115211,48,402,30,480
5115212,53,437,38,528
5115213,34,209,24,267
5115214,29,216,38,283
5115215,40,289,21,350
5115216,76,446,27,549
5115301,46,292,26,364
5115302,31,191,12,234
5115303,39,315,13,367
5115304,28,201,24,253
5115305,35,214,17,266
5115306,49,364,22,435
5115307,22,244,40,306
5115308,41,248,38,327
5115309,29,212,30,271
5115310,35,209,31,275
5115311,29,192,27,248
5115312,27,270,21,318
5115313,11,177,3,191
5115314,30,184,22,236
5115315,27,292,27,346
5115316,33,273,12,318
5115317,19,305,30,354
5115318,39,383,53,475
5115319,24,292,15,331
5115320,46,335,40,421
5115401,32,256,14,302
5115402,38,264,43,345
5115403,35,309,33,377
5115404,51,433,24,508
5115405,23,227,24,274
5115406,18,151,123,292
5115407,53,336,44,433
5115408,51,305,36,392
5115409,28,256,37,321
5115410,56,412,41,509
5115411,60,343,46,449
5115412,55,396,56,507
5115413,41,418,34,493
5115414,34,355,59,448
5115415,37,249,32,318
5115416,31,308,35,374
5115417,19,200,17,236
5115418,32,254,14,300
5115419,34,184,30,248
5115420,44,434,60,538
5115421,62,433,39,534
5115501,0,15,0,15
5115601,31,399,22,452
5115602,29,187,23,239
5115603,0,0,0,0
5115604,39,159,10,208
5115605,11,192,6,209
5115606,27,204,17,248
5115607,52,387,12,451
5115608,16,227,18,261
5115701,0,194,26,220
5115801,9,110,0,119
5115802,11,268,32,311
5115803,0,29,0,29
5115901,32,242,11,285
5115902,34,226,9,269
5115903,35,160,8,203
5115904,29,328,21,378
5115905,25,261,18,304
5115906,49,356,56,461
5115907,41,267,40,348
5115908,39,314,38,391
5115909,32,295,28,355
5115910,33,355,24,412
5115911,46,327,20,393
5115912,42,478,53,573
5115913,32,213,23,268
5115914,18,236,12,266
5115915,30,215,15,260
5115916,41,432,31,504
5115917,34,249,22,305
5115918,43,299,30,372
5115919,50,447,18,515
5115920,34,384,18,436
5115921,36,280,11,327
5115922,12,199,27,238
5115923,30,248,12,290
5115924,43,344,23,410
5115925,23,322,23,368
5116001,32,328,39,399
5116002,52,366,29,447
5116003,19,168,7,194
5116004,42,275,30,347
5116005,35,203,22,260
5116006,35,221,9,265
5116007,42,254,28,324
5116008,21,169,15,205
5116009,34,315,20,369
5116010,40,303,24,367
5116011,60,400,34,494
5116012,24,183,7,214
5116013,35,358,38,431
5116014,44,261,34,339
5116015,30,236,31,297
5116016,36,259,28,323
5116017,45,268,23,336
5116018,27,217,29,273
5116019,33,235,18,286
5116020,30,373,36,439
5116021,30,141,24,195
5116022,34,233,32,299
5116023,38,435,45,518
5116101,12,156,21,189
5116102,23,283,10,316
5116103,19,258,18,295
5116104,61,762,31,854
5116105,25,243,15,283
5116106,15,226,6,247
5116107,6,170,4,180
5116108,31,357,26,414
5116109,28,453,46,527
5116110,19,269,16,304
5116111,71,740,68,879
5116112,9,123,18,150
5116113,37,503,50,590
5116114,19,210,36,265
5116115,31,315,21,367
5116116,25,288,15,328
5116117,12,322,16,350
5116118,28,193,7,228
5116119,26,241,12,279
5116120,37,490,64,591
5116121,38,272,9,319
5116122,40,313,22,375
5116201,13,114,18,145
5116202,60,268,26,354
5116301,20,151,11,182
5116302,46,469,70,585
5116303,34,388,33,455
5116304,0,0,0,0
5116305,32,226,22,280
5116306,9,156,12,177
5116307,44,323,31,398
5116308,15,213,14,242
5116309,41,336,31,408
5116310,24,173,17,214
5116311,57,398,29,484
5116312,31,235,17,283
5116313,21,214,22,257
5116314,38,333,27,398
5116315,25,164,13,202
5116316,23,300,43,366
5116317,38,303,45,386
5116318,19,183,17,219
5116401,41,234,22,297
5116402,29,197,7,233
5116403,21,173,14,208
5116404,25,203,21,249
5116405,30,219,16,265
5116406,35,263,12,310
5116407,45,263,46,354
5116408,47,324,27,398
5116409,48,378,35,461
5116410,38,482,46,566
5116411,30,220,30,280
5116412,45,250,34,329
5116413,34,215,32,281
5116414,32,318,15,365
5116415,43,254,18,315
5116416,75,368,10,453
5116417,41,207,6,254
5116501,0,0,0,0
5116502,53,418,40,511
5116503,70,457,50,577
5116504,52,387,39,478
5116505,36,269,43,348
5116506,21,250,36,307
5116507,44,420,28,492
5116508,26,224,45,295
5116509,41,427,47,515
5116510,34,268,57,359
5116511,26,326,24,376
5116512,29,224,24,277
5116513,44,321,86,451
5116514,15,282,12,309
5116515,56,467,37,560
5116516,53,376,49,478
5116517,54,439,35,528
5116518,47,319,21,387
5116519,33,379,80,492
5116520,24,256,46,326
5116521,40,263,16,319
5116522,45,388,39,472
5116523,24,184,23,231
5116524,18,142,32,192
5116525,3,88,7,98
5116526,44,348,35,427
5116527,28,274,21,323
5116528,28,401,38,467
5116529,23,176,15,214
5116530,29,255,13,297
5116531,31,146,9,186
5116532,27,221,40,288
5116601,4,24,0,28
5116602,29,202,20,251
5116603,21,143,16,180
5116604,42,228,67,337
5116605,35,337,18,390
5116606,0,0,0,0
5116607,42,342,39,423
5116608,65,416,40,521
5116609,62,350,30,442
5116610,61,414,57,532
5116611,23,237,21,281
5116612,34,271,26,331
5116613,57,370,40,467
5116614,48,266,9,323
5116615,41,198,13,252
5116616,30,215,10,255
5116617,39,281,9,329
5116618,45,251,9,305
5116619,35,324,30,389
5116620,16,192,43,251
5116621,22,147,3,172
5116622,30,219,28,277
5116623,24,212,27,263
5116624,39,207,23,269
5116625,44,367,37,448
5116626,39,237,16,292
5116627,7,75,3,85
5116628,49,337,44,430
5116629,25,173,28,226
5116630,29,193,30,252
5116631,32,184,9,225
5116632,33,222,22,277
5116633,44,305,16,365
5116634,72,487,32,591
5116635,48,359,61,468
5116636,26,186,15,227
5116701,0,3,0,3
5116702,0,0,0,0
5116801,35,219,7,261
5116802,9,41,6,56
5116803,21,134,9,164
5116804,23,160,44,227
5116805,29,195,16,240
5116901,70,764,79,913
5116902,19,329,28,376
5116903,0,0,0,0
5116904,18,233,9,260
5116905,21,156,16,193
5116906,0,0,0,0
5116907,32,302,35,369
5116908,61,381,21,463
5116909,39,370,37,446
5116910,38,319,24,381
5116911,68,590,59,717
5116912,32,313,22,367
5116913,19,241,39,299
5116914,29,312,31,372
5116915,46,472,44,562
5117001,34,335,45,414
5117002,0,0,0,0
5117003,52,436,117,605
5117004,34,217,48,299
5117005,21,207,65,293
5117006,42,323,63,428
5117007,24,173,35,232
5117008,38,320,58,416
5117009,37,315,70,422
5117010,26,207,34,267
5117011,32,179,36,247
5117012,26,234,25,285
5117013,28,255,19,302
5117014,51,343,53,447
5117015,44,368,76,488
5117016,51,398,88,537
5117017,3,3,0,6
5117101,50,353,16,419
5117102,0,0,571,571
5117103,29,322,38,389
5117104,35,210,23,268
5117201,0,0,0,0
5117202,0,72,14,86
5117301,3,9,3,15
5117401,23,186,24,233
5117402,13,150,36,199
5117403,3,12,0,15
5117404,17,203,38,258
5117405,0,0,0,0
5117406,41,313,31,385
5117407,13,157,42,212
5117408,19,148,28,195
5117409,21,154,9,184
5117410,30,273,42,345
5117411,51,333,49,433
5117412,39,256,34,329
5117413,30,344,17,391
5117414,73,408,54,535
5117415,24,222,32,278
5117416,18,178,20,216
5117417,35,226,37,298
5117418,39,354,56,449
5117419,21,155,15,191
5117420,51,375,30,456
5117421,33,194,16,243
5117422,46,430,66,542
5117423,31,362,51,444
5117424,27,220,46,293
5117425,23,237,40,300
5117426,33,237,65,335
5117427,21,216,45,282
5117428,53,290,30,373
5117501,36,217,81,334
5117502,35,295,45,375
5117503,35,370,83,488
5117504,33,405,35,473
5117505,44,292,22,358
5117506,36,230,19,285
5117507,41,216,48,305
5117508,38,359,31,428
5117509,35,329,41,405
5117510,60,302,27,389
5117511,42,322,32,396
5117512,33,262,15,310
5117513,43,207,21,271
5117514,43,301,34,378
5117515,36,288,40,364
5117516,54,370,27,451
5117517,48,349,41,438
5117518,46,363,48,457
5117519,24,252,10,286
5117520,55,375,11,441
5117521,21,253,25,299
5117522,34,228,3,265
5117523,52,358,25,435
5117524,21,207,27,255
5117601,29,252,35,316
5117602,29,315,18,362
5117603,38,349,18,405
5117604,23,240,15,278
5117605,25,167,6,198
5117606,33,372,12,417
5117607,56,407,25,488
5117608,26,177,9,212
5117609,43,342,27,412
5117701,22,233,25,280
5117702,30,321,11,362
5117703,44,385,27,456
5117704,40,256,4,300
5117705,49,239,13,301
5117706,45,268,17,330
5117707,33,274,30,337
5117708,45,307,34,386
5117709,35,293,36,364
5117710,19,270,31,320
5117711,20,203,43,266
5117712,23,230,28,281
5117713,94,429,35,558
5117714,19,208,17,244
5117715,44,298,32,374
5117716,30,290,15,335
5117717,50,325,37,412
5117718,46,330,24,400
5117719,58,371,32,461
5117720,31,313,27,371
5117721,27,323,30,380
5117722,34,164,3,201
5117723,35,244,49,328
5117724,43,307,27,377
5117725,42,294,28,364
5117726,35,244,23,302
5117727,35,292,34,361
5117728,49,465,47,561
5117729,24,287,36,347
5117730,54,367,23,444
5117801,51,385,27,463
5117802,48,322,45,415
5117803,31,192,19,242
5117804,49,303,33,385
5117805,40,346,33,419
5117806,29,296,46,371
5117807,46,417,37,500
5117808,39,272,30,341
5117809,43,391,33,467
5117810,43,254,18,315
5117811,38,364,27,429
5117812,61,356,14,431
5117813,37,354,46,437
5117814,22,174,12,208
5117815,43,559,40,642
5117816,20,213,18,251
5117817,28,310,37,375
5117818,25,269,13,307
5117819,27,174,9,210
5117820,61,339,21,421
5117821,28,208,4,240
5117822,38,324,16,378
5117823,42,294,28,364
5117824,32,297,6,335
5117825,34,285,23,342
5117826,64,428,33,525
5117827,57,480,80,617
5117828,23,155,12,190
5117829,49,314,29,392
5117830,23,258,24,305
5117831,43,322,19,384
5117901,18,179,12,209
5117902,50,304,7,361
5117903,26,379,9,414
5117904,18,163,12,193
5117905,30,423,24,477
5117906,23,258,21,302
5117907,24,200,137,361
5117908,35,336,13,384
5117909,28,276,6,310
5117910,39,329,6,374
5117911,37,372,23,432
5117912,44,438,30,512
5117913,54,380,23,457
5117914,47,290,27,364
5117915,25,239,12,276
5117916,46,388,25,459
5117917,66,422,31,519
5118001,27,204,4,235
5118002,20,235,6,261
5118003,32,333,23,388
5118004,19,201,3,223
5118005,19,186,12,217
5118006,35,357,21,413
5118007,25,220,12,257
5118008,46,364,14,424
5118009,24,259,8,291
5118010,26,216,3,245
5118011,40,250,18,308
5118012,42,371,21,434
5118013,38,208,18,264
5118014,22,207,6,235
5118015,68,370,28,466
5118016,39,310,7,356
5118017,58,307,18,383
5118018,24,136,12,172
5118019,50,254,6,310
5118020,38,437,24,499
5118021,35,356,15,406
5118022,25,256,15,296
5118023,12,150,11,173
5118024,23,158,3,184
5118025,21,141,12,174
5118026,0,0,0,0
5118027,14,166,7,187
5118028,21,214,10,245
5118029,45,390,11,446
5118030,20,170,18,208
5118031,19,183,16,218
5118032,23,213,3,239
5118101,33,265,24,322
5118102,46,283,24,353
5118103,38,292,9,339
5118104,61,325,25,411
5118105,42,296,20,358
5118106,36,323,13,372
5118107,43,382,21,446
5118108,38,306,15,359
5118109,41,277,36,354
5118110,31,298,11,340
5118111,51,372,33,456
5118112,48,388,38,474
5118113,52,360,26,438
5118114,31,260,15,306
5118115,36,282,11,329
5118116,43,312,21,376
5118117,15,169,7,191
5118118,50,382,25,457
5118119,37,416,54,507
5118120,56,414,27,497
5118121,47,318,39,404
5118122,38,290,37,365
5118123,31,280,29,340
5118124,57,403,21,481
5118125,52,427,21,500
5118126,59,311,27,397
5118127,13,211,12,236
5118128,36,213,13,262
5118129,38,292,27,357
5118130,39,474,46,559
5118131,47,390,28,465
5118132,25,306,24,355
5118201,42,391,17,450
5118202,67,333,13,413
5118203,19,155,17,191
5118204,45,284,21,350
5118205,23,222,6,251
5118206,38,304,12,354
5118207,31,283,18,332
5118208,36,275,24,335
5118209,33,298,22,353
5118210,52,388,25,465
5118211,13,165,18,196
5118212,26,302,30,358
5118213,61,825,123,1009
5118214,38,345,21,404
5118215,12,202,12,226
5118216,38,244,4,286
5118217,38,308,18,364
5118218,44,277,25,346
5118219,32,229,6,267
5118220,52,253,12,317
5118221,50,408,12,470
5118222,33,246,12,291
5118223,39,375,30,444
5118224,46,522,22,590
5118225,26,231,15,272
5118226,20,216,21,257
5118227,56,460,10,526
5118228,29,297,9,335
5118301,32,301,18,351
5118302,45,421,25,491
5118303,27,275,23,325
5118304,30,284,28,342
5118305,42,250,15,307
5118306,59,368,46,473
5118307,38,174,55,267
5118308,61,384,52,497
5118309,32,218,37,287
5118310,46,303,46,395
5118401,21,209,9,239
5118402,24,197,6,227
5118403,47,360,17,424
5118404,41,304,6,351
5118405,17,180,16,213
5118406,16,217,16,249
5118407,0,0,0,0
5118408,43,218,15,276
5118409,57,371,19,447
5118410,33,367,3,403
5118411,38,266,17,321
5118412,22,161,3,186
5118413,30,213,21,264
5118414,43,284,0,327
5118415,23,190,15,228
5118416,29,180,9,218
5118417,27,221,6,254
5118418,42,435,21,498
5118501,0,0,0,0
5118502,75,830,29,934
5118503,48,378,31,457
5118504,58,719,35,812
5118505,61,893,40,994
5118506,25,230,11,266
5118507,22,164,9,195
5118508,21,152,10,183
5118509,36,267,39,342
5118510,26,251,23,300
5118511,42,416,43,501
5118512,24,226,13,263
5118513,27,213,30,270
5118514,14,211,4,229
5118515,49,671,54,774
5118516,13,185,21,219
5118517,41,358,27,426
5118518,24,172,9,205
5118519,22,268,9,299
5118520,19,235,18,272
5118521,41,345,22,408
5118522,50,732,40,822
5118523,51,862,66,979
5118524,122,1376,74,1572
5118525,34,271,18,323
5118601,52,225,16,293
5118602,48,349,39,436
5118603,36,259,35,330
5118604,51,360,47,458
5118605,48,383,48,479
5118606,39,267,20,326
5118607,26,189,25,240
5118608,22,177,9,208
5118609,41,411,38,490
5118610,49,284,25,358
5118611,29,229,25,283
5118612,34,211,18,263
5118613,15,211,33,259
5118614,31,145,13,189
5118615,26,193,40,259
5118616,55,329,39,423
5118617,30,261,27,318
5118618,23,193,23,239
5118619,41,206,37,284
5118620,47,317,40,404
5118621,52,301,39,392
5118701,15,165,31,211
5118702,12,180,12,204
5118703,31,222,34,287
5118704,31,319,23,373
5118705,12,280,52,344
5118706,12,137,32,181
5118707,35,372,27,434
5118708,17,192,22,231
5118709,28,280,31,339
5118710,25,269,13,307
5118711,15,276,17,308
5118712,43,382,81,506
5118713,30,312,20,362
5118714,22,272,7,301
5118715,26,239,35,300
5118716,16,234,15,265
5118717,30,317,32,379
5118718,32,343,121,496
5118719,38,317,31,386
5118720,21,263,8,292
5118721,46,515,45,606
5118722,0,0,0,0
5118723,19,38,7,64
5118724,3,18,0,21
5118725,20,190,27,237
5118726,20,245,44,309
5118727,21,193,18,232
5118728,25,189,28,242
5118729,17,205,39,261
5118730,29,215,25,269
5118731,16,186,38,240
5118732,35,304,42,381
5118733,55,434,44,533
5118734,39,307,27,373
5118801,0,0,0,0
5118802,21,176,18,215
5118803,13,226,58,297
5118804,58,342,32,432
5118805,37,360,21,418
5118806,35,190,46,271
5118807,51,388,41,480
5118808,56,481,72,609
5118809,20,207,20,247
5118810,53,415,43,511
5118811,56,424,92,572
5118812,36,218,26,280
5118813,50,287,17,354
5118814,47,392,59,498
5118815,42,294,73,409
5118816,36,396,51,483
5118817,0,0,0,0
5118818,50,349,88,487
5118819,10,414,88,512
5118820,19,182,17,218
5118821,46,371,73,490
5118822,47,271,55,373
5118823,12,86,10,108
5118824,37,251,10,298
5118825,49,500,30,579
5118826,36,281,53,370
5118827,20,279,33,332
5118828,33,302,18,353
5118829,56,457,97,610
5118830,31,304,37,372
5118831,54,318,29,401
5118832,35,247,45,327
5118833,3,33,0,36
5118834,35,224,28,287
5118835,29,419,30,478
5118901,0,0,7,7
5119001,48,279,37,364
5119002,54,303,31,388
5119003,52,319,21,392
5119004,52,271,25,348
5119005,23,201,20,244
5119006,29,235,20,284
5119007,39,357,36,432
5119008,42,379,44,465
5119009,49,295,35,379
5119010,33,283,21,337
5119011,67,343,17,427
5119012,32,265,58,355
5119013,35,307,39,381
5119014,31,227,30,288
5119015,34,358,28,420
5119016,21,137,15,173
5119017,40,316,29,385
5119018,28,227,19,274
5119019,37,235,23,295
5119020,25,229,9,263
5119021,27,258,42,327
5119022,39,219,23,281
5119023,40,344,21,405
5119024,28,203,24,255
5119025,41,330,31,402
5119026,79,672,40,791
5119101,33,386,28,447
5119102,24,174,30,228
5119103,23,347,31,401
5119104,30,238,20,288
5119105,29,159,28,216
5119106,15,244,29,288
5119107,29,209,25,263
5119108,14,204,10,228
5119109,30,331,13,374
5119110,24,415,16,455
5119111,38,450,23,511
5119112,26,403,25,454
5119113,42,474,32,548
5119114,26,287,15,328
5119115,25,182,20,227
5119116,32,418,16,466
5119117,20,193,13,226
5119118,45,357,8,410
5119119,29,239,43,311
5119120,43,479,11,533
5119121,43,710,42,795
5119122,34,215,27,276
5119123,18,206,10,234
5119124,25,380,27,432
5119125,29,294,15,338
5119126,44,312,28,384
5119127,47,436,35,518
5119128,35,247,14,296
5119129,41,377,19,437
5119130,27,192,14,233
5119201,26,200,21,247
5119202,40,273,30,343
5119203,36,244,44,324
5119204,52,339,30,421
5119205,30,212,15,257
5119206,46,289,22,357
5119207,38,278,31,347
5119208,21,168,34,223
5119209,24,217,16,257
5119210,24,226,31,281
5119211,25,218,21,264
5119212,28,425,47,500
5119213,55,355,27,437
5119214,28,217,12,257
5119215,13,168,24,205
5119216,12,212,3,227
5119217,48,381,89,518
5119218,28,402,40,470
5119219,52,365,37,454
5119220,46,380,26,452
5119221,25,170,36,231
5119222,35,266,11,312
5119223,29,268,38,335
5119224,30,267,41,338
5119225,20,205,26,251
5119226,29,231,21,281
5119227,34,210,22,266
5119228,34,273,17,324
5119229,9,154,39,202
5119301,30,230,31,291
5119302,49,257,32,338
5119303,24,203,15,242
5119304,29,209,10,248
5119305,31,360,16,407
5119306,16,174,7,197
5119307,30,266,39,335
5119308,34,209,47,290
5119309,35,297,47,379
5119310,41,316,45,402
5119311,30,206,34,270
5119312,14,197,21,232
5119313,19,152,12,183
5119314,42,292,41,375
5119315,21,235,18,274
5119316,34,227,18,279
5119317,25,236,24,285
5119318,24,206,13,243
5119319,16,139,14,169
5119320,27,195,21,243
5119321,32,226,9,267
5119322,38,317,26,381
5119323,34,273,16,323
5119324,28,268,35,331
5119325,45,396,41,482
5119326,51,327,30,408
5119327,37,269,39,345
5119328,20,292,19,331
5119401,22,224,6,252
5119402,18,134,18,170
5119403,0,6,0,6
5119404,0,0,0,0
5119405,20,182,42,244
5119406,15,269,33,317
5119407,32,318,69,419
5119408,41,353,46,440
5119409,32,284,49,365
5119410,19,212,38,269
5119411,42,227,41,310
5119412,10,199,25,234
5119413,28,254,36,318
5119414,25,223,21,269
5119415,25,258,36,319
5119416,29,189,68,286
5119417,34,317,32,383
5119418,18,222,26,266
5119419,21,158,18,197
5119420,34,272,13,319
5119421,28,279,19,326
5119422,14,184,7,205
5119423,21,148,12,181
5119424,31,218,32,281
5119425,36,259,28,323
5119426,22,204,18,244
5119427,16,102,27,145
5119428,37,224,7,268
5119429,12,135,21,168
5119430,34,221,28,283
5119431,41,275,52,368
5119432,24,167,36,227
5119433,31,191,15,237
5119434,19,113,16,148
5119435,25,166,24,215
5119501,0,0,0,0
5119502,15,112,9,136
5119503,5,127,21,153
5119504,0,6,0,6
5119505,31,394,51,476
5119506,29,329,40,398
5119507,24,142,20,186
5119508,11,273,7,291
5119509,16,165,6,187
5119510,12,106,3,121
5119511,27,276,63,366
5119512,26,274,40,340
5119513,0,3,0,3
5119514,22,261,27,310
5119515,7,165,9,181
5119601,15,107,0,122
5119602,49,267,52,368
5119603,20,250,21,291
5119604,27,212,29,268
5119605,18,160,70,248
5119606,22,188,43,253
5119607,24,250,71,345
5119608,30,202,57,289
5119609,21,238,57,316
5119610,33,198,46,277
5119611,15,155,57,227
5119612,27,213,45,285
5119613,18,140,28,186
5119614,17,218,45,280
5119615,6,142,12,160
5119616,22,145,15,182
5119701,0,0,0,0
5119702,6,65,4,75
5119703,21,137,9,167
5119704,8,168,19,195
5119705,17,293,55,365
5119706,7,247,21,275
5119707,7,133,18,158
5119708,26,311,42,379
5119709,9,166,55,230
5119710,44,217,17,278
5119711,16,220,23,259
5119712,3,80,18,101
5119713,7,149,14,170
5119714,7,115,30,152
5119715,35,316,29,380
5119801,28,403,89,520
5119802,24,236,44,304
5119803,30,342,161,533
5119804,11,240,57,308
5119805,8,227,73,308
5119806,0,0,0,0
5119807,21,208,95,324
5119808,9,154,55,218
5119809,24,235,56,315
5119810,24,306,78,408
5119811,22,264,91,377
5119812,22,320,54,396
5119813,25,278,48,351
5119814,28,247,57,332
5119815,11,242,11,264
5119816,26,280,29,335
5119817,19,246,33,298
5119818,25,255,61,341
5119901,15,138,45,198
5119902,0,76,3,79
5119903,3,95,18,116
5119904,19,324,74,417
5119905,15,206,74,295
5119906,19,258,84,361
5119907,3,159,16,178
5119908,17,251,7,275
5119909,10,74,9,93
5119910,21,252,54,327
5119911,15,235,41,291
5119912,16,339,51,406
5119913,29,207,43,279
5119914,37,381,35,453
5119915,18,297,86,401
5119916,23,327,27,377
5119917,32,395,155,582
5119918,20,350,84,454
5119919,23,282,83,388
5119920,14,348,74,436
5119921,19,263,70,352
5119922,17,273,34,324
5119923,31,374,29,434
5119924,29,244,68,341
5119925,32,401,26,459
5119926,47,431,94,572
5119927,24,357,31,412
5119928,29,376,31,436
5119929,20,259,10,289
5119930,18,236,17,271
5119931,21,210,21,252
5119932,18,236,19,273
5120001,7,157,17,181
5120002,10,111,16,137
5120003,10,153,37,200
5120004,19,204,40,263
5120005,6,20,0,26
5120006,17,194,50,261
5120007,35,313,132,480
5120008,18,258,24,300
5120009,0,0,0,0
5120010,15,160,28,203
5120011,0,0,0,0
5120012,27,192,21,240
5120013,0,0,0,0
5120014,0,0,0,0
5120015,12,170,12,194
5120016,14,202,21,237
5120017,0,0,0,0
5120018,15,206,37,258
5120019,15,247,22,284
5120020,25,314,35,374
5120021,16,234,60,310
5120022,18,240,64,322
5120023,28,354,50,432
5120024,19,238,35,292
5120025,12,137,15,164
5120026,23,266,36,325
5120027,34,271,30,335
5120028,19,262,20,301
5120029,16,300,19,335
5120030,31,335,41,407
5120031,0,0,0,0
5120101,0,0,0,0
5120201,31,206,57,294
5120202,0,0,0,0
5120203,18,148,37,203
5120204,16,187,53,256
5120205,3,20,3,26
5120206,19,343,93,455
5120207,12,19,0,31
5120208,6,44,0,50
5120209,6,235,83,324
5120210,34,253,61,348
5120211,24,189,41,254
5120212,11,310,38,359
5120213,21,260,27,308
5120214,24,170,16,210
5120215,13,213,23,249
5120216,6,161,18,185
5120217,14,212,62,288
5120218,24,235,56,315
5120301,0,0,0,0
5120302,19,137,9,165
5120303,24,94,10,128
5120304,25,68,13,106
5120305,78,131,28,237
5120306,45,269,31,345
5120307,8,280,33,321
5120308,28,412,71,511
5120309,19,423,132,574
5120310,26,34,0,60
5120311,28,358,231,617
5120312,3,119,20,142
5120313,16,237,168,421
5120314,26,256,58,340
5120315,12,83,13,108
5120316,30,98,3,131
5120317,26,60,6,92
5120318,18,116,32,166
5120319,9,47,0,56
5120401,0,0,0,0
5120501,6,64,128,198
5120502,0,0,0,0
5120503,23,196,42,261
5120504,30,262,47,339
5120505,18,329,18,365
5120506,15,75,17,107
5120507,10,191,64,265
5120508,11,124,25,160
5120509,36,364,77,477
5120510,24,212,56,292
5120511,25,234,55,314
5120512,40,262,94,396
5120513,15,172,26,213
5120514,6,144,21,171
5120515,40,197,59,296
5120516,14,217,40,271
5120517,3,140,60,203
5120518,6,72,15,93
5120519,15,201,27,243
5120520,12,214,39,265
5120521,30,308,50,388
5120522,3,68,28,99
5120523,19,373,21,413
5120524,17,218,11,246
5120525,33,462,55,550
5120526,17,203,3,223
5120527,3,195,32,230
5120528,12,218,23,253
5120529,26,140,69,235
5120530,24,173,30,227
5120531,18,138,46,202
5120532,25,225,61,311
5120533,27,222,44,293
5120534,35,427,58,520
5120535,33,387,66,486
5120536,12,187,26,225
5120601,9,74,12,95
5120602,18,64,0,82
5120603,0,36,0,36
5120604,3,80,19,102
5120605,9,95,28,132
5120606,9,27,5,41
5120607,3,18,3,24
5120608,0,26,6,32
5120609,17,167,6,190
5120610,44,362,61,467
5120611,21,114,0,135
5120612,14,222,21,257
5120613,8,82,0,90
5120614,6,41,9,56
5120615,4,48,0,52
5120616,20,96,24,140
5120617,24,158,10,192
5120618,0,19,13,32
5120619,17,211,75,303
5120620,15,123,24,162
5120621,19,252,49,320
5120622,19,248,132,399
5120623,43,290,97,430
5120624,45,326,112,483
5120625,15,145,1443,1603
5120626,6,59,14,79
5120627,31,53,3,87
5120628,35,163,10,208
5120629,31,217,8,256
5120701,31,170,18,219
5120702,9,76,0,85
5120703,36,295,21,352
5120704,61,168,3,232
5120705,55,249,47,351
5120706,32,202,47,281
5120707,27,114,0,141
5120708,23,74,0,97
5120709,41,303,17,361
5120710,12,88,12,112
5120711,38,187,29,254
5120801,15,139,10,164
5120802,18,122,27,167
5120803,19,160,25,204
5120804,25,269,76,370
5120805,43,493,54,590
5120806,3,13,3,19
5120807,12,74,18,104
5120808,15,135,48,198
5120809,57,217,21,295
5120810,44,266,52,362
5120811,36,555,53,644
5120812,0,77,8,85
5120813,0,56,6,62
5120814,30,447,54,531
5120815,41,496,82,619
5120816,26,427,81,534
5120817,51,360,106,517
5120818,29,342,54,425
5120901,19,205,38,262
5120902,54,319,21,394
5120903,26,170,6,202
5120904,29,115,3,147
5120905,12,157,6,175
5120906,22,171,34,227
5120907,7,109,9,125
5121001,30,324,42,396
5121002,35,184,19,238
5121003,21,180,13,214
5121004,40,324,37,401
5121005,21,187,25,233
5121006,18,270,28,316
5121007,32,321,34,387
5121008,36,243,51,330
5121009,36,190,31,257
5121010,18,194,18,230
5121011,44,296,25,365
5121012,17,219,16,252
5121013,54,371,42,467
5121014,45,342,30,417
5121015,13,329,54,396
5121016,24,146,19,189
5121017,33,340,73,446
5121018,50,338,10,398
5121019,56,281,41,378
5121020,26,247,16,289
5121021,24,285,21,330
5121022,32,363,50,445
5121023,0,3,0,3
5121024,3,3,0,6
5121025,42,219,28,289
5121026,24,240,18,282
5121027,47,253,70,370
5121028,29,189,33,251
5121029,24,184,44,252
5121030,38,234,48,320
5121031,9,86,15,110
5121032,53,265,47,365
5121033,51,294,31,376
5121101,50,425,21,496
5121102,55,292,39,386
5121103,21,113,33,167
5121104,30,326,40,396
5121105,35,333,80,448
5121106,19,165,62,246
5121107,27,146,48,221
5121108,34,261,9,304
5121109,48,287,53,388
5121110,19,160,0,179
5121111,35,222,19,276
5121112,21,166,17,204
5121113,26,305,21,352
5121114,39,257,15,311
5121115,50,288,21,359
5121116,32,246,6,284
5121117,37,234,37,308
5121118,15,144,302,461
5121201,34,274,22,330
5121202,10,164,10,184
5121203,30,289,13,332
5121204,45,276,25,346
5121205,28,134,9,171
5121206,34,272,21,327
5121207,26,227,13,266
5121208,35,363,33,431
5121209,26,197,28,251
5121210,27,191,18,236
5121211,31,271,19,321
5121212,31,243,6,280
5121213,35,229,18,282
5121214,31,248,30,309
5121215,22,137,10,169
5121216,23,251,14,288
5121217,22,217,27,266
5121218,9,141,14,164
5121301,35,275,21,331
5121302,37,338,18,393
5121303,35,374,12,421
5121304,28,235,26,289
5121305,38,296,21,355
5121306,34,342,25,401
5121307,27,244,37,308
5121308,41,391,46,478
5121309,23,287,26,336
5121310,27,278,31,336
5121311,28,330,27,385
5121312,35,306,24,365
5121313,48,375,37,460
5121314,27,189,21,237
5121315,32,288,22,342
5121316,49,391,24,464
5121317,15,146,15,176
5121318,20,225,23,268
5121319,40,317,22,379
5121320,28,228,9,265
5121401,7,95,12,114
5121402,31,353,48,432
5121403,0,0,0,0
5121404,35,342,39,416
5121405,37,297,27,361
5121406,41,261,38,340
5121407,30,238,22,290
5121408,22,286,24,332
5121409,25,191,27,243
5121410,40,230,10,280
5121501,6,77,4,87
5121502,0,36,0,36
5121503,24,269,91,384
5121504,9,118,58,185
5121505,9,49,0,58
5121506,12,196,3,211
5121507,18,264,70,352
5121508,12,131,45,188
5121509,34,320,53,407
5121510,39,590,141,770
5121511,32,380,104,516
5121512,0,26,11,37
5121513,4,71,18,93
5121514,4,78,32,114
5121601,30,239,42,311
5121602,38,244,22,304
5121603,16,140,23,179
5121604,24,150,12,186
5121605,15,109,12,136
5121606,21,198,21,240
5121607,32,168,23,223
5121608,6,91,12,109
5121609,4,75,14,93
5121610,45,525,75,645
5121611,16,121,4,141
5121612,16,135,7,158
5121613,13,106,6,125
5121614,22,210,0,232
5121615,30,241,21,292
5121616,22,175,35,232
5121701,19,83,15,117
5121702,6,18,3,27
5121703,20,153,14,187
5121704,22,105,19,146
5121705,36,248,33,317
5121706,12,96,18,126
5121707,35,178,35,248
5121708,39,172,12,223
5121709,11,207,15,233
5121710,20,141,20,181
5121711,32,198,19,249
5121712,27,251,17,295
5121713,18,186,29,233
5121714,38,235,24,297
5121715,15,124,16,155
5121716,32,326,48,406
5121717,38,285,37,360
5121718,32,232,16,280
5121719,0,3,0,3
5121720,17,199,58,274
5121721,23,113,17,153
5121722,9,115,4,128
5121801,18,248,10,276
5121802,11,263,21,295
5121803,13,352,14,379
5121804,12,183,32,227
5121805,6,240,34,280
5121806,29,430,37,496
5121807,114,1466,678,2258
5121808,24,394,27,445
5121809,14,283,18,315
5121810,12,248,24,284
5121811,18,240,25,283
5121812,35,1228,420,1683
5121813,33,404,31,468
5121814,49,388,76,513
5121901,3,112,11,126
5121902,29,78,0,107
5121903,0,6,3,9
5121904,30,60,3,93
5121905,70,140,34,244
5121906,6,12,3,21
5121907,13,109,20,142
5121908,9,64,6,79
5121909,30,21,112,163
5121910,7,39,15,61
5121911,47,713,121,881
5121912,26,81,11,118
5121913,63,1271,514,1848
5121914,12,46,6,64
5121915,49,963,320,1332
5121916,25,526,238,789
5121917,42,729,303,1074
5122001,13,263,28,304
5122002,15,296,73,384
5122003,9,139,48,196
5122004,0,90,44,134
5122005,5,127,24,156
5122006,17,198,32,247
5122007,0,0,0,0
5122008,0,10,0,10
5122009,7,273,102,382
5122010,43,693,96,832
5122011,4,174,33,211
5122012,14,191,59,264
5122013,20,395,60,475
5122014,3,248,79,330
5122015,0,4,0,4
5122016,14,434,407,855
5122017,26,580,117,723
5122018,9,198,72,279
5122019,10,121,39,170
5122020,17,223,70,310
5122021,18,183,41,242
5122022,13,197,43,253
5122023,15,148,28,191
5122024,9,248,90,347
5122025,6,158,28,192
5122026,17,221,108,346
5122027,4,125,39,168
5122028,22,265,59,346
5122029,9,235,47,291
5122030,14,160,38,212
5122031,11,158,38,207
5122032,3,108,28,139
5122033,13,317,88,418
5122034,13,204,31,248
5122035,8,139,75,222
5122036,27,320,46,393
5122037,4,175,43,222
5122038,18,259,47,324
5122039,16,387,56,459
5122040,8,155,52,215
5122041,12,201,50,263
5122042,6,285,89,380
5122043,13,322,108,443
5122101,0,4,0,4
5122102,9,153,49,211
5122103,20,278,199,497
5122104,17,315,98,430
5122105,13,207,80,300
5122106,15,262,31,308
5122107,0,0,0,0
5122108,0,0,0,0
5122109,7,218,26,251
5122110,18,312,72,402
5122111,27,193,56,276
5122112,23,230,64,317
5122113,10,214,63,287
5122114,4,195,78,277
5122115,5,256,30,291
5122116,18,229,31,278
5122117,0,0,0,0
5122201,0,0,0,0
5122202,14,376,89,479
5122203,13,258,33,304
5122204,16,273,83,372
5122205,25,39,0,64
5122206,0,87,71,158
5122207,24,419,157,600
5122208,19,250,32,301
5122209,4,165,90,259
5122210,12,165,74,251
5122211,26,329,78,433
5122212,12,92,52,156
5122213,7,138,33,178
5122214,0,0,0,0
5122215,0,0,0,0
5122301,36,68,46,150
5122302,0,0,0,0
5122303,17,144,40,201
5122304,30,188,74,292
5122305,21,180,18,219
5122306,3,146,28,177
5122307,14,162,29,205
5122308,16,116,51,183
5122309,18,273,95,386
5122310,11,249,68,328
5122311,6,203,33,242
5122312,12,187,48,247
5122313,35,928,737,1700
5122314,20,214,40,274
5122315,9,119,29,157
5122316,0,0,0,0
5122317,3,37,37,77
5122318,19,286,256,561
5122401,0,22,0,22
5122402,13,167,71,251
5122403,7,133,74,214
5122404,0,80,37,117
5122405,16,180,61,257
5122406,12,122,68,202
5122407,17,243,61,321
5122408,19,208,61,288
5122409,15,160,68,243
5122410,0,0,0,0
5122411,37,360,65,462
5122412,18,351,34,403
5122413,18,285,45,348
5122414,25,357,106,488
5122415,27,233,57,317
5122416,11,281,90,382
5122417,15,210,107,332
5122418,11,228,87,326
5122419,24,210,92,326
5122420,9,164,49,222
5122421,0,230,73,303
5122422,24,293,39,356
5122423,13,313,111,437
5122424,8,189,34,231
5122425,12,202,71,285
5122501,44,342,21,407
5122502,28,180,12,220
5122503,41,272,19,332
5122504,33,248,45,326
5122505,58,443,39,540
5122506,23,251,18,292
5122507,25,203,7,235
5122508,30,225,13,268
5122509,48,364,34,446
5122510,33,230,29,292
5122511,37,247,38,322
5122512,41,340,14,395
5122513,20,198,57,275
5122514,36,284,26,346
5122515,59,379,24,462
5122516,21,243,21,285
5122517,36,219,21,276
5122518,39,250,33,322
5122519,57,378,33,468
5122520,15,153,7,175
5122521,51,457,35,543
5122522,38,265,37,340
5122523,51,337,35,423
5122524,45,409,25,479
5122525,12,145,6,163
5122526,31,263,26,320
5122527,20,221,22,263
5122528,23,138,33,194
5122529,9,123,16,148
5122530,49,298,27,374
5122531,0,10,0,10
5122532,33,199,3,235
5122533,46,357,43,446
5122534,36,238,12,286
5122535,42,236,16,294
5122536,12,85,3,100
5122601,39,198,15,252
5122602,42,327,17,386
5122603,39,197,7,243
5122604,20,165,3,188
5122605,47,227,10,284
5122606,28,168,9,205
5122607,38,222,26,286
5122608,22,186,21,229
5122609,31,164,18,213
5122610,3,105,6,114
5122701,25,160,15,200
5122702,45,332,27,404
5122703,49,231,10,290
5122704,22,150,12,184
5122705,55,296,28,379
5122706,37,274,12,323
5122707,4,25,0,29
5122708,48,332,32,412
5122709,41,192,32,265
5122710,36,205,32,273
5122711,24,213,9,246
5122712,25,250,16,291
5122801,25,172,10,207
5122802,32,193,9,234
5122803,0,0,0,0
5122804,0,0,0,0
5122805,0,0,0,0
5122806,20,180,10,210
5122807,17,142,12,171
5122808,13,117,12,142
5122809,20,247,18,285
5122810,29,181,9,219
5122811,23,175,20,218
5122812,44,235,24,303
5122813,12,128,0,140
5122814,40,248,42,330
5122815,29,188,9,226
5122816,14,186,3,203
5122817,28,196,13,237
5122818,28,163,11,202
5122819,30,177,30,237
5122820,45,293,17,355
5122821,31,228,16,275
5122901,14,123,6,143
5122902,17,152,4,173
5122903,14,195,7,216
5122904,26,169,5,200
5122905,12,156,3,171
5122906,15,219,31,265
5122907,19,140,12,171
5122908,27,136,15,178
5122909,32,207,15,254
5122910,11,146,17,174
5122911,16,159,18,193
5123001,37,272,34,343
5123002,16,142,30,188
5123003,30,229,21,280
5123004,14,189,24,227
5123005,36,189,36,261
5123006,21,146,18,185
5123007,23,185,7,215
5123008,24,223,26,273
5123009,49,266,11,326
5123010,35,252,16,303
5123011,9,131,17,157
5123012,30,160,14,204
5123013,24,232,44,300
5123014,24,162,21,207
5123101,26,159,20,205
5123102,44,288,39,371
5123103,16,231,29,276
5123104,28,173,36,237
5123105,22,176,15,213
5123106,35,136,7,178
5123107,22,172,16,210
5123108,53,364,39,456
5123109,43,361,46,450
5123110,19,115,6,140
5123111,18,164,7,189
5123112,26,94,6,126
5123113,21,170,6,197
5123201,36,169,15,220
5123202,25,175,10,210
5123203,37,262,16,315
5123204,33,184,12,229
5123205,33,182,31,246
5123206,46,245,3,294
5123207,25,148,12,185
5123208,31,232,18,281
5123209,25,153,12,190
5123210,3,39,307,349
5123211,21,163,12,196
5123301,46,240,31,317
5123302,55,276,22,353
5123303,20,182,7,209
5123304,27,168,19,214
5123305,41,366,34,441
5123306,28,255,16,299
5123307,29,138,22,189
5123308,61,363,41,465
5123309,44,351,36,431
5123310,50,251,15,316
5123311,36,264,28,328
5123312,42,317,30,389
5123313,31,175,15,221
5123314,104,774,34,912
5123315,31,259,48,338
5123316,33,155,23,211
5123317,38,269,44,351
5123318,46,220,24,290
5123319,53,268,28,349
5123320,45,297,14,356
5123321,25,181,15,221
5123401,27,169,4,200
5123402,14,189,17,220
5123403,21,162,14,197
5123404,37,216,31,284
5123405,15,86,15,116
5123406,13,152,23,188
5123407,28,234,27,289
5123408,14,171,14,199
5123409,25,180,15,220
5123410,24,174,9,207
5123411,32,201,15,248
5123412,37,284,40,361
5123413,37,254,20,311
5123414,43,230,27,300
5123415,30,227,21,278
5123416,31,182,100,313
5123501,0,0,0,0
5123601,18,145,21,184
5123602,27,177,17,221
5123603,33,206,32,271
5123604,29,279,13,321
5123605,19,159,24,202
5123606,31,217,18,266
5123607,54,492,39,585
5123608,22,157,18,197
5123609,36,328,28,392
5123610,45,327,21,393
5123611,25,153,15,193
5123612,10,203,22,235
5123701,19,99,10,128
5123702,24,126,18,168
5123703,25,192,10,227
5123704,36,242,31,309
5123705,49,358,45,452
5123706,28,186,18,232
5123707,33,267,3,303
5123708,64,420,50,534
5123709,19,198,15,232
5123710,25,177,12,214
5123711,28,269,15,312
5123801,27,254,26,307
5123802,35,236,20,291
5123803,51,337,27,415
5123804,30,281,26,337
5123805,31,190,40,261
5123806,6,111,6,123
5123807,21,176,18,215
5123808,26,204,15,245
5123809,41,227,19,287
5123810,42,178,9,229
5123811,22,129,6,157
5123812,25,222,3,250
5123901,23,127,21,171
5123902,16,172,26,214
5123903,18,135,21,174
5123904,23,237,39,299
5123905,43,350,65,458
5123906,11,127,45,183
5123907,38,316,50,404
5123908,15,154,19,188
5123909,9,55,12,76
5123910,29,228,39,296
5123911,16,104,5,125
5123912,52,475,32,559
5123913,14,99,17,130
5123914,17,142,22,181
5123915,26,240,136,402
5123916,34,226,13,273
5123917,35,307,45,387
5123918,33,289,10,332
5123919,38,431,64,533
5123920,68,404,35,507
5123921,31,186,18,235
5123922,15,183,21,219
5124001,32,300,37,369
5124002,57,311,56,424
5124003,29,317,25,371
5124004,22,182,21,225
5124005,36,398,45,479
5124006,49,478,59,586
5124007,30,303,40,373
5124008,25,149,3,177
5124009,10,114,0,124
5124010,21,209,12,242
5124011,23,155,3,181
5124012,15,116,3,134
5124013,14,121,9,144
5124014,17,123,6,146
5124101,32,201,26,259
5124102,34,123,8,165
5124103,25,144,10,179
5124104,39,327,22,388
5124105,44,363,71,478
5124106,18,114,6,138
5124107,13,153,10,176
5124108,45,347,28,420
5124109,9,125,6,140
5124110,27,224,6,257
5124111,12,171,0,183
5124112,31,234,23,288
5124113,22,148,6,176
5124114,27,163,21,211
5124115,6,166,15,187
5124201,6,36,6,48
5124202,12,263,91,366
5124203,15,112,3,130
5124204,19,193,18,230
5124205,16,158,22,196
5124206,25,171,12,208
5124207,22,201,4,227
5124208,16,149,9,174
5124209,35,228,20,283
5124210,21,257,32,310
5124211,19,201,31,251
5124212,6,129,6,141
5124213,9,152,10,171
5124214,3,57,3,63
5124301,39,187,24,250
5124302,36,198,67,301
5124303,19,213,15,247
5124304,25,165,19,209
5124305,16,220,43,279
5124306,29,160,16,205
5124307,28,186,92,306
5124308,37,239,42,318
5124309,27,190,20,237
5124310,21,140,33,194
5124311,25,178,16,219
5124312,25,142,16,183
5124313,47,222,51,320
5124314,25,168,21,214
5124315,37,224,32,293
5124316,34,174,34,242
5124317,18,152,33,203
5124318,25,184,24,233
5124319,33,171,46,250
5124320,28,253,43,324
5124321,28,268,41,337
5124322,30,185,41,256
5124323,31,169,18,218
5124324,30,169,10,209
5124325,23,196,19,238
5124326,16,132,6,154
5124327,19,132,3,154
5124328,22,147,9,178
5124329,18,201,15,234
5124330,22,172,19,213
5124331,24,196,47,267
5124332,19,165,3,187
5124333,30,189,16,235
5124334,6,62,18,86
5124335,33,224,21,278
5124401,25,242,32,299
5124402,39,233,49,321
5124403,16,133,25,174
5124404,26,252,17,295
5124405,36,253,10,299
5124406,29,236,21,286
5124407,35,279,28,342
5124408,9,120,24,153
5124409,37,239,27,303
5124410,27,192,24,243
5124411,33,253,58,344
5124412,20,150,20,190
5124413,36,289,28,353
5124501,38,180,13,231
5124502,28,216,24,268
5124503,35,154,31,220
5124504,46,344,47,437
5124505,32,140,31,203
5124506,34,251,43,328
5124507,27,220,19,266
5124508,17,230,28,275
5124509,34,201,15,250
5124510,60,273,34,367
5124511,29,179,8,216
5124512,22,203,13,238
5124513,21,103,4,128
5124514,13,177,18,208
5124515,24,175,32,231
5124516,27,164,14,205
5124601,41,241,29,311
5124602,28,275,30,333
5124603,25,181,16,222
5124604,21,101,11,133
5124605,20,156,12,188
5124606,28,281,37,346
5124607,35,189,21,245
5124608,53,258,25,336
5124609,43,257,34,334
5124610,48,342,47,437
5124701,7,103,13,123
5124702,14,110,9,133
5124703,13,235,9,257
5124704,6,103,4,113
5124705,23,175,6,204
5124706,16,161,13,190
5124707,23,148,3,174
5124708,21,207,16,244
5124709,26,183,9,218
5124710,33,159,20,212
5124711,21,191,12,224
5124712,26,109,12,147
5124713,17,140,3,160
5124714,22,221,61,304
5124715,16,143,18,177
5124716,36,266,8,310
5124717,36,165,10,211
5124718,17,160,18,195
5124801,21,242,28,291
5124802,30,319,22,371
5124803,25,261,28,314
5124804,13,113,24,150
5124805,50,549,306,905
5124806,10,90,7,107
5124807,39,210,17,266
5124901,23,163,9,195
5124902,35,243,31,309
5124903,24,191,4,219
5124904,16,164,15,195
5124905,51,365,58,474
5124906,15,102,9,126
5124907,12,131,9,152
5124908,27,277,16,320
5124909,12,144,6,162
5124910,24,213,19,256
5124911,42,395,36,473
5124912,37,267,50,354
5124913,39,341,32,412
5125001,43,241,16,300
5125002,22,252,19,293
5125003,23,176,36,235
5125004,14,168,11,193
5125005,41,337,31,409
5125006,37,195,28,260
5125007,24,150,3,177
5125008,19,166,3,188
5125009,15,148,11,174
5125010,23,182,13,218
5125011,43,239,15,297
5125012,42,376,16,434
5125013,25,131,17,173
5125014,15,183,12,210
5125015,26,260,13,299
5949999,380,4988,1322,6690
5979991,0,0,0,0
5979992,12,214,43,269
5979993,0,122,21,143
6100101,28,113,21,162
6100102,45,187,40,272
6100103,27,157,27,211
6100104,15,111,29,155
6100105,28,148,49,225
6100106,20,187,6,213
6100107,19,157,9,185
6100108,44,185,28,257
6100109,26,170,33,229
6100110,24,131,21,176
6100111,42,149,41,232
6100112,36,164,49,249
6100113,25,216,49,290
6100114,37,191,67,295
6100115,37,188,37,262
6100116,19,110,40,169
6100117,15,115,33,163
6100118,47,211,77,335
6100119,34,188,26,248
6100120,44,307,43,394
6100121,25,123,25,173
6100122,35,228,28,291
6100123,16,101,3,120
6100201,41,293,29,363
6100202,30,231,18,279
6100203,30,220,9,259
6100204,45,257,24,326
6100205,42,205,0,247
6100206,56,326,24,406
6100207,81,561,38,680
6100208,33,333,24,390
6100209,40,331,34,405
6100210,24,266,13,303
6100301,0,0,0,0
6100302,52,479,17,548
6100303,51,312,12,375
6100304,13,150,6,169
6100305,23,195,6,224
6100306,3,206,4,213
6100307,67,375,17,459
6100308,49,346,27,422
6100309,55,492,24,571
6100401,0,0,0,0
6100402,28,161,14,203
6100403,0,14,0,14
6100404,65,290,16,371
6100405,34,250,21,305
6100406,35,276,25,336
6100407,41,242,20,303
6100408,28,209,16,253
6100409,39,191,19,249
6100410,62,287,24,373
6100411,31,160,17,208
6100412,73,376,68,517
6100413,36,228,19,283
6100414,35,174,21,230
6100415,41,159,18,218
6100416,30,207,12,249
6100417,49,322,40,411
6100418,14,205,18,237
6100419,23,190,8,221
6100501,37,279,12,328
6100502,41,355,13,409
6100503,42,255,15,312
6100504,23,145,9,177
6100505,44,326,9,379
6100506,27,195,19,241
6100507,4,17,0,21
6100508,42,223,9,274
6100509,0,0,0,0
6100510,37,254,19,310
6100511,64,339,37,440
6100512,21,207,15,243
6100513,31,277,7,315
6100514,32,185,11,228
6100515,25,146,5,176
6100516,40,232,12,284
6100517,37,315,18,370
6100518,47,243,25,315
6100519,19,184,11,214
6100520,21,282,12,315
6100521,9,152,12,173
6100522,0,3,0,3
6100523,3,14,0,17
6100524,29,150,12,191
6100601,43,295,16,354
6100602,52,272,14,338
6100603,30,229,26,285
6100604,52,286,19,357
6100605,53,370,16,439
6100606,36,244,32,312
6100607,41,290,24,355
6100608,24,167,12,203
6100701,23,157,12,192
6100702,52,324,28,404
6100703,35,248,20,303
6100704,33,279,21,333
6100705,51,298,26,375
6100706,81,487,17,585
6100707,50,277,20,347
6100708,47,276,18,341
6100709,64,466,36,566
6100710,60,348,41,449
6100711,48,229,19,296
6100712,97,631,41,769
6100713,47,305,34,386
6100714,30,287,18,335
6100715,34,213,21,268
6100716,54,383,14,451
6100717,39,321,12,372
6100718,37,176,9,222
6100719,28,250,33,311
6100720,41,256,6,303
6100721,34,274,12,320
6100801,60,344,30,434
6100802,59,397,27,483
6100803,31,152,3,186
6100804,55,303,25,383
6100805,59,454,30,543
6100806,68,336,20,424
6100807,27,338,21,386
6100808,50,313,8,371
6100809,40,388,27,455
6100810,53,358,14,425
6100811,43,338,23,404
6100812,40,244,11,295
6100813,30,210,6,246
6100814,0,14,3,17
6100815,23,208,13,244
6100816,19,189,13,221
6100817,28,167,12,207
6100901,27,152,25,204
6100902,21,216,18,255
6100903,53,380,58,491
6100904,31,249,25,305
6100905,20,158,13,191
6100906,48,411,29,488
6100907,0,3,3,6
6100908,38,254,22,314
6100909,29,266,34,329
6100910,0,0,0,0
6100911,52,273,43,368
6100912,31,165,20,216
6100913,42,263,46,351
6100914,34,141,21,196
6101001,33,200,32,265
6101002,15,124,18,157
6101003,49,278,37,364
6101004,0,7,0,7
6101005,21,151,24,196
6101006,38,192,33,263
6101007,46,191,22,259
6101008,20,133,25,178
6101009,0,0,404,404
6101010,27,198,20,245
6101101,21,132,30,183
6101102,32,186,13,231
6101103,33,169,34,236
6101104,77,620,62,759
6101105,38,188,23,249
6101106,18,168,26,212
6101107,15,67,12,94
6101108,36,257,49,342
6101109,30,187,27,244
6101110,19,184,17,220
6101111,0,15,0,15
6101112,34,184,26,244
6101113,33,192,10,235
6101114,25,199,34,258
6101115,18,222,34,274
6101116,28,213,22,263
6101201,13,156,10,179
6101202,26,174,9,209
6101203,24,226,15,265
6101204,36,285,25,346
6101205,43,303,21,367
6101206,20,193,9,222
6101207,25,155,9,189
6101208,31,268,18,317
6101209,3,97,6,106
6101210,51,327,20,398
6101211,13,63,6,82
6101212,32,223,24,279
6101213,37,220,15,272
6101301,31,234,22,287
6101302,23,212,12,247
6101303,56,403,29,488
6101304,29,243,15,287
6101305,0,0,0,0
6101306,20,151,12,183
6101307,0,0,0,0
6101308,0,0,0,0
6101309,19,167,10,196
6101310,19,242,9,270
6101311,57,384,27,468
6101312,47,325,24,396
6101313,21,117,24,162
6101401,25,166,9,200
6101402,47,258,17,322
6101403,27,201,33,261
6101404,36,201,31,268
6101405,21,233,25,279
6101406,33,259,21,313
6101407,32,217,38,287
6101408,39,192,9,240
6101409,59,296,39,394
6101410,48,281,21,350
6101411,16,221,18,255
6101412,18,149,9,176
6101413,16,155,6,177
6101414,58,212,8,278
6101415,31,206,20,257
6101416,4,10,0,14
6101417,21,178,12,211
6101501,25,229,18,272
6101502,61,384,30,475
6101503,0,0,0,0
6101504,28,148,0,176
6101505,19,248,77,344
6101506,17,138,24,179
6101507,31,238,35,304
6101508,41,208,47,296
6101509,45,195,30,270
6101510,73,355,29,457
6101511,37,249,21,307
6101512,48,405,27,480
6101513,27,234,15,276
6101514,20,153,7,180
6101515,31,243,21,295
6101516,30,229,24,283
6101517,53,342,28,423
6101518,42,294,31,367
6101519,41,351,16,408
6101520,45,305,36,386
6101601,44,230,15,289
6101602,3,0,0,3
6101603,32,186,7,225
6101604,54,267,25,346
6101605,52,282,24,358
6101606,44,306,25,375
6101607,32,273,29,334
6101608,21,132,19,172
6101609,46,245,20,311
6101610,0,3,0,3
6101611,50,353,40,443
6101612,47,355,44,446
6101701,39,275,12,326
6101702,53,308,26,387
6101703,28,255,35,318
6101704,41,227,27,295
6101705,29,208,27,264
6101706,35,221,34,290
6101707,25,160,23,208
6101708,26,156,33,215
6101709,34,294,49,377
6101710,33,195,35,263
6101711,30,137,26,193
6101712,43,274,39,356
6101713,26,285,29,340
6101714,0,0,0,0
6101715,44,286,29,359
6101716,62,389,60,511
6101717,18,84,15,117
6101718,34,182,19,235
6101719,28,217,12,257
6101720,52,403,33,488
6101721,35,239,27,301
6101722,47,260,36,343
6101723,19,130,9,158
6101724,27,239,14,280
6101725,34,267,28,329
6101726,0,0,0,0
6101727,0,9,3,12
6101728,41,262,36,339
6101729,41,291,35,367
6101730,34,161,27,222
6101731,27,168,15,210
6101732,23,167,10,200
6101801,21,181,6,208
6101802,31,265,32,328
6101803,50,329,18,397
6101804,0,0,0,0
6101805,24,186,22,232
6101806,39,276,19,334
6101807,28,313,9,350
6101808,44,266,16,326
6101809,37,239,19,295
6101810,47,300,18,365
6101811,38,248,29,315
6101812,44,209,13,266
6101813,39,150,17,206
6101814,38,196,16,250
6101901,35,323,33,391
6101902,37,307,17,361
6101903,42,295,37,374
6101904,36,266,24,326
6101905,40,308,49,397
6101906,49,283,30,362
6101907,50,354,34,438
6101908,64,427,15,506
6101909,28,190,12,230
6101910,59,406,55,520
6101911,33,203,10,246
6102001,22,132,12,166
6102002,17,142,9,168
6102003,22,166,3,191
6102004,30,293,14,337
6102005,51,332,38,421
6102006,20,244,30,294
6102007,32,194,16,242
6102008,37,295,48,380
6102009,44,186,15,245
6102010,30,208,24,262
6102011,36,261,43,340
6102012,26,251,13,290
6102013,17,103,0,120
6102014,23,209,21,253
6102015,38,265,33,336
6102016,49,323,35,407
6102017,35,202,13,250
6102018,19,141,22,182
6102019,18,154,3,175
6102101,36,262,39,337
6102102,34,257,22,313
6102103,45,354,20,419
6102104,71,384,16,471
6102105,51,311,33,395
6102106,38,272,28,338
6102107,43,262,23,328
6102108,11,144,27,182
6102109,29,257,33,319
6102201,36,201,17,254
6102202,0,0,0,0
6102203,44,234,26,304
6102204,4,56,9,69
6102205,64,315,24,403
6102206,55,423,14,492
6102207,45,192,12,249
6102208,46,532,21,599
6102209,26,136,15,177
6102210,59,406,33,498
6102211,33,276,11,320
6102212,34,325,27,386
6102213,22,120,18,160
6102214,23,178,10,211
6102215,24,143,9,176
6102216,35,190,19,244
6102217,77,599,32,708
6102218,38,259,9,306
6102219,0,3,0,3
6102220,24,168,12,204
6102221,25,164,8,197
6102222,29,130,18,177
6102223,30,242,12,284
6102224,61,372,30,463
6102225,31,261,15,307
6102226,29,203,22,254
6102227,50,452,33,535
6102228,14,263,16,293
6102229,14,164,9,187
6102301,43,233,6,282
6102302,34,181,11,226
6102303,15,127,13,155
6102304,34,224,34,292
6102305,33,196,9,238
6102306,21,193,12,226
6102307,44,222,6,272
6102308,45,349,21,415
6102309,37,258,10,305
6102310,41,241,10,292
6102311,24,199,23,246
6102312,10,185,9,204
6102313,27,219,0,246
6102314,68,374,21,463
6102315,48,358,13,419
6102316,52,409,29,490
6102317,20,290,11,321
6102318,43,271,6,320
6102319,50,317,16,383
6102320,25,157,19,201
6102321,41,218,13,272
6102322,38,272,24,334
6102323,54,251,6,311
6102324,34,343,21,398
6102325,29,174,6,209
6102326,51,334,10,395
6102401,37,342,15,394
6102402,54,317,20,391
6102403,15,94,3,112
6102404,37,229,16,282
6102405,26,233,19,278
6102406,19,116,12,147
6102407,44,302,19,365
6102408,33,181,15,229
6102409,21,82,0,103
6102410,18,95,9,122
6102411,56,482,33,571
6102412,54,315,38,407
6102413,24,150,21,195
6102414,36,279,3,318
6102415,47,293,8,348
6102416,34,199,14,247
6102417,18,163,3,184
6102418,13,54,3,70
6102419,74,483,32,589
6102501,0,0,0,0
6102601,47,322,10,379
6102602,3,13,0,16
6102603,15,192,15,222
6102604,69,274,8,351
6102605,51,284,11,346
6102606,30,230,15,275
6102607,40,183,95,318
6102608,20,117,7,144
6102609,33,203,15,251
6102610,25,161,3,189
6102611,38,274,18,330
6102701,29,199,26,254
6102702,29,228,33,290
6102703,29,237,9,275
6102704,29,210,10,249
6102705,35,203,25,263
6102706,32,204,31,267
6102707,58,277,31,366
6102708,33,326,37,396
6102709,28,267,20,315
6102710,18,172,24,214
6102711,29,187,18,234
6102712,39,368,21,428
6102713,29,268,31,328
6102714,44,393,39,476
6102715,39,286,45,370
6102716,26,258,11,295
6102717,45,309,53,407
6102718,11,202,43,256
6102719,30,315,122,467
6102720,25,442,73,540
6102721,0,26,3,29
6102801,69,334,22,425
6102802,45,346,33,424
6102803,70,436,20,526
6102804,34,302,15,351
6102805,6,48,0,54
6102806,29,169,3,201
6102807,28,223,19,270
6102808,45,324,20,389
6102809,39,263,15,317
6102810,46,379,18,443
6102811,51,221,5,277
6102812,66,347,24,437
6102813,48,280,28,356
6102814,44,348,27,419
6102815,45,343,15,403
6102816,25,157,6,188
6102817,35,226,11,272
6102818,62,338,13,413
6102819,53,402,27,482
6102901,49,303,15,367
6102902,50,359,27,436
6102903,48,397,34,479
6102904,57,312,16,385
6102905,66,426,30,522
6102906,35,223,11,269
6102907,24,329,12,365
6102908,4,315,11,330
6102909,50,461,36,547
6103001,39,277,12,328
6103002,31,254,24,309
6103003,59,442,26,527
6103004,42,385,30,457
6103005,38,254,30,322
6103006,22,252,49,323
6103007,34,275,22,331
6103008,15,178,23,216
6103009,32,322,18,372
6103010,59,383,15,457
6103011,35,251,36,322
6103012,49,449,18,516
6103013,45,449,37,531
6103014,0,0,0,0
6103101,49,360,18,427
6103102,49,354,37,440
6103103,67,477,24,568
6103104,36,205,13,254
6103105,48,452,97,597
6103106,26,207,9,242
6103107,37,278,31,346
6103108,79,429,84,592
6103109,19,221,9,249
6103110,38,302,27,367
6103111,0,0,0,0
6103112,35,246,11,292
6103113,31,266,13,310
6103114,31,292,16,339
6103115,22,284,31,337
6103116,47,347,27,421
6103117,0,35,0,35
6103118,56,355,17,428
6103119,23,352,24,399
6103120,18,295,24,337
6103121,23,222,33,278
6103122,43,286,56,385
6103123,19,213,15,247
6103124,22,168,21,211
6103125,55,441,63,559
6103126,24,246,24,294
6103127,43,466,48,557
6103128,37,248,12,297
6103201,48,379,39,466
6103202,30,220,18,268
6103203,38,182,9,229
6103204,61,339,28,428
6103205,44,364,17,425
6103206,27,161,15,203
6103207,14,210,9,233
6103208,34,246,9,289
6103209,0,4,0,4
6103210,31,205,12,248
6103211,40,243,10,293
6103212,27,198,6,231
6103213,19,133,8,160
6103214,9,111,9,129
6103215,28,209,15,252
6103216,36,240,12,288
6103217,34,379,35,448
6103218,20,267,49,336
6103301,20,191,30,241
6103302,28,191,12,231
6103303,20,229,16,265
6103304,36,339,42,417
6103305,40,303,46,389
6103306,58,313,24,395
6103307,25,170,16,211
6103308,21,200,11,232
6103309,40,276,9,325
6103310,22,212,24,258
6103311,22,215,9,246
6103312,49,318,19,386
6103313,20,150,9,179
6103314,21,187,4,212
6103315,27,166,15,208
6103316,0,6,0,6
6103317,45,289,17,351
6103318,23,214,10,247
6103401,48,308,27,383
6103402,49,258,36,343
6103403,43,222,22,287
6103404,33,272,27,332
6103405,35,203,3,241
6103406,55,266,15,336
6103407,48,241,20,309
6103408,47,220,20,287
6103409,27,218,12,257
6103410,29,181,9,219
6103411,41,272,18,331
6103412,12,116,29,157
6103413,57,242,52,351
6103414,17,123,18,158
6103415,35,168,23,226
6103416,25,137,8,170
6103417,33,185,12,230
6103418,34,197,6,237
6103419,21,241,13,275
6103420,26,202,27,255
6103421,31,212,20,263
6103501,27,166,16,209
6103502,36,278,19,333
6103503,44,289,42,375
6103504,41,242,37,320
6103505,43,328,29,400
6103506,25,138,21,184
6103507,18,247,12,277
6103508,47,224,13,284
6103509,53,241,15,309
6103510,39,269,24,332
6103511,42,238,18,298
6103512,29,189,18,236
6103513,38,203,11,252
6103514,23,147,15,185
6103515,26,205,27,258
6103516,48,258,11,317
6103517,14,160,18,192
6103518,33,240,17,290
6103519,41,181,14,236
6103520,39,261,22,322
6103521,40,343,23,406
6103522,38,197,41,276
6103601,29,377,38,444
6103602,0,4,0,4
6103603,53,366,64,483
6103604,34,310,44,388
6103605,19,172,12,203
6103606,31,228,25,284
6103607,0,0,0,0
6103608,0,37,0,37
6103609,33,184,22,239
6103610,28,249,24,301
6103611,0,0,0,0
6103612,16,178,15,209
6103701,55,380,21,456
6103702,43,412,34,489
6103703,42,260,19,321
6103704,0,0,0,0
6103705,24,169,14,207
6103706,48,331,31,410
6103707,0,0,0,0
6103708,37,280,24,341
6103709,31,332,24,387
6103710,27,160,10,197
6103711,40,278,30,348
6103801,17,150,3,170
6103802,45,394,22,461
6103803,26,231,13,270
6103804,34,188,22,244
6103805,22,232,28,282
6103806,53,359,13,425
6103807,40,327,30,397
6103808,22,273,9,304
6103809,26,165,6,197
6103810,10,165,9,184
6103811,26,200,62,288
6103812,24,164,11,199
6103813,0,9,0,9
6103814,43,306,21,370
6103815,24,232,30,286
6103816,25,227,13,265
6103901,19,144,6,169
6103902,29,291,5,325
6103903,49,330,9,388
6103904,32,280,17,329
6103905,38,333,112,483
6103906,25,131,6,162
6103907,21,109,10,140
6103908,23,102,9,134
6103909,47,332,16,395
6103910,34,289,12,335
6104001,57,330,18,405
6104002,29,167,18,214
6104003,54,297,26,377
6104004,15,81,12,108
6104005,32,350,26,408
6104006,40,226,37,303
6104007,0,0,0,0
6104008,0,0,0,0
6104009,67,352,39,458
6104010,34,304,35,373
6104011,36,333,19,388
6104101,61,330,46,437
6104102,47,351,53,451
6104103,31,200,24,255
6104104,30,231,22,283
6104105,46,396,25,467
6104106,31,344,28,403
6104107,15,204,21,240
6104108,29,180,24,233
6104109,44,357,61,462
6104110,42,240,27,309
6104111,24,253,22,299
6104112,65,456,54,575
6104113,28,127,24,179
6104114,11,302,29,342
6104115,77,515,48,640
6104116,15,142,6,163
6104117,27,177,23,227
6104118,42,205,40,287
6104119,27,183,30,240
6104120,0,7,0,7
6104121,48,286,27,361
6104122,3,6,3,12
6104123,0,0,0,0
6104201,73,517,40,630
6104202,0,0,0,0
6104203,0,0,0,0
6104204,28,362,24,414
6104205,28,238,12,278
6104206,32,207,15,254
6104207,35,313,15,363
6104208,34,347,30,411
6104209,35,201,12,248
6104210,21,153,18,192
6104211,55,375,44,474
6104212,40,326,17,383
6104213,48,293,27,368
6104301,49,384,17,450
6104302,55,371,46,472
6104303,12,156,15,183
6104304,30,260,24,314
6104305,83,378,18,479
6104306,56,338,12,406
6104307,60,371,41,472
6104308,37,185,9,231
6104309,18,142,10,170
6104401,27,181,18,226
6104402,38,274,9,321
6104403,24,213,0,237
6104404,32,251,6,289
6104405,23,149,0,172
6104406,34,242,9,285
6104407,29,273,16,318
6104408,36,260,21,317
6104409,41,287,24,352
6104410,49,357,5,411
6104411,36,310,20,366
6104412,39,406,34,479
6104413,0,0,0,0
6104414,24,171,21,216
6104415,46,298,21,365
6104416,42,216,0,258
6104417,42,287,19,348
6104418,26,173,18,217
6104501,15,149,23,187
6104502,0,3,0,3
6104503,62,284,40,386
6104504,42,271,27,340
6104505,44,260,43,347
6104506,42,293,38,373
6104507,44,181,22,247
6104508,16,181,21,218
6104509,30,144,23,197
6104510,42,281,68,391
6104511,0,0,6,6
6104512,37,205,29,271
6104601,16,155,9,180
6104602,30,251,27,308
6104603,40,359,21,420
6104604,37,279,33,349
6104605,18,159,24,201
6104606,47,358,41,446
6104607,24,225,12,261
6104608,43,328,23,394
6104609,6,101,14,121
6104610,52,361,13,426
6104611,27,191,10,228
6104612,53,272,15,340
6104613,0,0,0,0
6104614,63,354,15,432
6104615,18,132,7,157
6104616,37,201,3,241
6104617,45,326,34,405
6104701,44,289,25,358
6104702,30,266,9,305
6104703,26,177,18,221
6104704,33,190,13,236
6104705,28,190,0,218
6104706,40,360,27,427
6104707,38,328,23,389
6104708,23,303,37,363
6104709,25,275,19,319
6104710,25,276,35,336
6104711,18,170,3,191
6104712,27,350,28,405
6104801,39,285,44,368
6104802,25,213,26,264
6104803,49,264,19,332
6104804,0,0,0,0
6104805,52,278,42,372
6104806,44,272,24,340
6104807,58,340,13,411
6104808,52,242,30,324
6104809,31,224,20,275
6104810,30,202,23,255
6104811,12,73,3,88
6104812,16,159,12,187
6104813,35,273,28,336
6104814,30,148,13,191
6104901,50,426,21,497
6104902,26,174,9,209
6104903,24,264,17,305
6104904,53,297,13,363
6104905,29,219,12,260
6104906,42,351,12,405
6104907,47,378,31,456
6104908,50,491,18,559
6104909,37,286,21,344
6104910,44,327,8,379
6104911,0,0,0,0
6105001,31,297,57,385
6105002,19,123,24,166
6105003,30,161,27,218
6105004,55,377,13,445
6105005,26,137,6,169
6105006,29,236,24,289
6105007,36,268,35,339
6105008,36,252,31,319
6105009,46,337,18,401
6105101,0,7,0,7
6105102,23,192,11,226
6105103,18,189,10,217
6105104,25,167,6,198
6105105,23,189,12,224
6105106,33,217,20,270
6105107,41,279,15,335
6105108,24,135,18,177
6105109,34,248,13,295
6105110,42,279,9,330
6105111,25,181,3,209
6105112,33,245,28,306
6105113,38,210,15,263
6105114,24,186,25,235
6105201,37,326,27,390
6105202,33,225,3,261
6105203,31,224,13,268
6105204,35,226,56,317
6105205,25,261,25,311
6105206,35,258,22,315
6105207,27,220,7,254
6105208,26,242,24,292
6105209,52,415,15,482
6105210,57,374,15,446
6105211,41,414,37,492
6105301,24,161,13,198
6105302,61,289,47,397
6105303,56,372,31,459
6105304,10,174,0,184
6105305,16,121,17,154
6105306,28,186,18,232
6105307,19,156,15,190
6105308,24,161,30,215
6105309,27,146,7,180
6105310,30,105,30,165
6105311,0,6,0,6
6105312,27,332,18,377
6105313,38,246,15,299
6105314,4,83,6,93
6105401,18,146,15,179
6105402,22,129,23,174
6105403,46,218,12,276
6105404,20,160,18,198
6105405,44,198,28,270
6105406,21,149,12,182
6105407,0,6,0,6
6105408,53,242,25,320
6105409,21,117,21,159
6105410,28,211,7,246
6105411,55,265,21,341
6105412,42,292,25,359
6105413,36,255,21,312
6105414,0,0,0,0
6105415,39,222,13,274
6105416,37,204,17,258
6105417,33,146,9,188
6105418,26,235,15,276
6105419,26,142,13,181
6105420,39,262,16,317
6105501,49,368,23,440
6105502,41,229,23,293
6105503,32,187,37,256
6105504,32,214,23,269
6105505,55,325,12,392
6105506,35,252,15,302
6105507,35,300,22,357
6105508,28,215,12,255
6105509,34,273,31,338
6105510,33,100,13,146
6105511,34,271,36,341
6105512,48,330,12,390
6105513,43,250,18,311
6105514,17,202,9,228
6105515,14,124,9,147
6105601,25,226,24,275
6105602,34,261,18,313
6105603,28,232,5,265
6105604,22,203,7,232
6105605,22,167,6,195
6105606,24,173,12,209
6105607,39,282,31,352
6105608,53,266,31,350
6105609,36,246,27,309
6105701,32,231,29,292
6105702,40,188,34,262
6105703,40,236,11,287
6105704,29,259,21,309
6105705,42,167,10,219
6105706,30,141,10,181
6105707,26,210,19,255
6105708,46,280,28,354
6105709,20,268,21,309
6105710,32,234,20,286
6105711,23,175,12,210
6105712,34,190,23,247
6105801,32,171,24,227
6105802,16,222,6,244
6105803,31,98,28,157
6105804,27,235,21,283
6105805,43,253,26,322
6105806,30,252,23,305
6105807,17,196,33,246
6105808,39,250,33,322
6105809,47,328,23,398
6105810,35,222,13,270
6105811,28,163,14,205
6105812,21,189,9,219
6105901,12,162,16,190
6105902,38,237,30,305
6105903,46,261,34,341
6105904,49,194,30,273
6105905,25,186,15,226
6105906,35,172,22,229
6105907,33,198,19,250
6105908,32,222,40,294
6105909,34,288,28,350
6105910,24,161,15,200
6105911,42,291,32,365
6105912,25,252,21,298
6105913,48,241,18,307
6105914,0,0,0,0
6105915,40,315,13,368
6105916,16,129,3,148
6105917,11,107,9,127
6105918,21,160,18,199
6105919,31,157,9,197
6105920,30,149,13,192
6105921,15,127,12,154
6105922,32,223,25,280
6106001,35,276,18,329
6106002,26,162,16,204
6106003,33,269,18,320
6106004,28,258,28,314
6106005,50,361,27,438
6106006,25,178,15,218
6106007,45,415,31,491
6106008,43,334,18,395
6106009,9,173,19,201
6106010,18,138,12,168
6106101,40,202,21,263
6106102,47,325,31,403
6106103,23,200,21,244
6106104,26,138,16,180
6106105,36,221,16,273
6106106,34,275,29,338
6106107,6,95,12,113
6106108,54,485,29,568
6106109,35,205,21,261
6106110,30,181,23,234
6106111,4,46,6,56
6106201,29,200,7,236
6106202,21,208,20,249
6106203,29,193,16,238
6106204,11,99,8,118
6106205,40,328,36,404
6106206,34,241,24,299
6106207,20,199,20,239
6106208,32,184,13,229
6106209,35,190,6,231
6106210,18,133,3,154
6106211,45,361,38,444
6106212,28,221,8,257
6106213,39,353,23,415
6106214,32,215,21,268
6106301,37,214,15,266
6106302,33,210,26,269
6106303,41,280,20,341
6106304,40,313,23,376
6106305,42,279,33,354
6106306,48,255,24,327
6106307,15,143,15,173
6106308,52,275,33,360
6106309,30,228,33,291
6106310,27,189,18,234
6106311,22,171,17,210
6106312,16,113,4,133
6106313,9,93,8,110
6106314,26,173,12,211
6106315,0,0,0,0
6106316,29,181,17,227
6106317,31,328,22,381
6106318,3,44,4,51
6106319,16,125,22,163
6106320,32,172,25,229
6106321,27,169,7,203
6106322,42,357,22,421
6106323,21,171,16,208
6106324,21,163,15,199
6106325,19,132,22,173
6106326,31,202,9,242
6106401,44,236,30,310
6106402,32,173,23,228
6106403,12,144,13,169
6106404,23,140,12,175
6106405,21,115,3,139
6106406,0,0,0,0
6106407,29,196,27,252
6106408,39,237,22,298
6106409,49,241,22,312
6106410,21,129,35,185
6106411,61,206,39,306
6106412,19,97,3,119
6106413,23,153,21,197
6106414,47,273,31,351
6106415,63,315,39,417
6106416,41,233,24,298
6106417,32,174,22,228
6106418,0,0,0,0
6106419,33,201,34,268
6106420,31,183,22,236
6106421,35,347,41,423
6106422,37,183,22,242
6106501,39,261,22,322
6106502,49,226,39,314
6106503,43,279,46,368
6106504,0,0,0,0
6106505,31,222,33,286
6106506,32,149,24,205
6106507,22,221,31,274
6106601,22,160,12,194
6106602,41,242,21,304
6106603,15,113,12,140
6106604,31,130,12,173
6106605,23,84,6,113
6106606,43,197,24,264
6106607,19,161,4,184
6106608,34,186,18,238
6106609,29,156,67,252
6106610,37,230,6,273
6106611,47,241,18,306
6106612,0,0,0,0
6106701,40,257,15,312
6106702,28,188,22,238
6106703,33,183,14,230
6106704,43,238,32,313
6106705,28,206,18,252
6106706,38,226,26,290
6106707,38,206,10,254
6106708,9,148,19,176
6106709,63,349,44,456
6106710,25,166,28,219
6106711,36,208,18,262
6106712,52,333,20,405
6106713,46,231,37,314
6106714,36,199,11,246
6106715,23,137,16,176
6106716,37,247,30,314
6106717,58,266,30,354
6106801,0,4,3,7
6106901,21,134,13,168
6106902,34,199,9,242
6106903,48,286,33,367
6106904,46,305,18,369
6106905,19,146,15,180
6106906,62,371,32,465
6106907,16,100,17,133
6106908,26,151,24,201
6106909,27,164,17,208
6107001,24,164,21,209
6107002,25,223,24,272
6107003,22,146,20,188
6107004,40,284,6,330
6107005,69,358,31,458
6107006,31,203,10,244
6107007,32,216,12,260
6107008,40,173,21,234
6107009,41,161,12,214
6107010,39,171,9,219
6107011,19,153,27,199
6107012,30,254,15,299
6107101,58,264,34,356
6107102,41,245,18,304
6107103,47,296,38,381
6107104,30,220,26,276
6107105,53,398,14,465
6107106,41,209,33,283
6107107,37,229,16,282
6107108,0,0,0,0
6107109,28,232,29,289
6107110,15,180,10,205
6107201,30,145,15,190
6107202,14,104,7,125
6107203,43,216,9,268
6107204,29,225,14,268
6107205,23,193,6,222
6107206,50,375,17,442
6107207,51,311,28,390
6107208,25,252,15,292
6107209,49,314,27,390
6107210,33,220,22,275
6107211,35,247,17,299
6107212,33,244,19,296
6107213,50,323,30,403
6107214,24,184,10,218
6107215,35,221,5,261
6107216,34,186,6,226
6107217,23,173,8,204
6107218,37,284,25,346
6107219,40,283,25,348
6107220,41,316,10,367
6107221,35,215,17,267
6107301,39,244,17,300
6107302,30,176,36,242
6107303,0,0,0,0
6107304,33,180,24,237
6107305,55,213,25,293
6107306,33,168,24,225
6107307,36,154,38,228
6107308,13,51,6,70
6107309,30,117,9,156
6107310,31,170,21,222
6107401,30,186,21,237
6107402,0,0,0,0
6107403,16,153,11,180
6107404,26,272,28,326
6107405,0,0,0,0
6107406,6,93,12,111
6107407,16,242,19,277
6107408,16,138,12,166
6107409,16,165,18,199
6107410,10,119,7,136
6107411,18,95,7,120
6107412,15,157,15,187
6107413,10,122,6,138
6107414,40,282,29,351
6107415,32,186,9,227
6107416,0,3,0,3
6107417,49,236,20,305
6107418,29,155,24,208
6107419,32,180,25,237
6107420,24,131,9,164
6107501,28,189,32,249
6107502,30,250,36,316
6107503,17,169,21,207
6107504,18,197,32,247
6107505,44,414,44,502
6107506,49,360,46,455
6107507,30,228,34,292
6107508,51,339,25,415
6107601,34,294,30,358
6107602,22,277,27,326
6107603,38,254,37,329
6107604,30,256,32,318
6107605,28,180,6,214
6107606,39,291,19,349
6107607,30,243,21,294
6107608,27,289,15,331
6107609,38,262,19,319
6107610,37,197,18,252
6107611,41,264,21,326
6107612,36,245,7,288
6107613,23,209,17,249
6107614,12,70,15,97
6107701,30,248,24,302
6107702,15,128,14,157
6107703,39,293,33,365
6107704,5,62,0,67
6107705,0,0,0,0
6107706,0,3,0,3
6107707,25,175,30,230
6107708,25,187,24,236
6107709,43,302,21,366
6107710,39,233,22,294
6107711,35,194,18,247
6107712,52,293,19,364
6107713,49,350,42,441
6107801,41,300,42,383
6107802,35,186,31,252
6107803,7,70,145,222
6107804,32,190,15,237
6107805,18,134,3,155
6107806,33,215,9,257
6107807,59,392,33,484
6107808,24,261,21,306
6107809,30,261,10,301
6107810,22,152,13,187
6107811,22,217,9,248
6107812,45,330,26,401
6107813,44,222,26,292
6107814,12,146,4,162
6107815,19,168,9,196
6107816,53,285,23,361
6107817,54,262,22,338
6107818,37,171,22,230
6107901,27,115,23,165
6107902,16,106,0,122
6107903,53,315,19,387
6107904,31,173,15,219
6107905,21,154,10,185
6107906,20,211,10,241
6107907,18,151,18,187
6107908,29,174,25,228
6107909,33,209,23,265
6107910,42,304,20,366
6107911,46,369,9,424
6107912,29,136,10,175
6107913,38,193,42,273
6107914,18,133,15,166
6107915,21,128,0,149
6107916,34,165,6,205
6107917,30,170,31,231
6108001,40,224,23,287
6108002,18,182,20,220
6108003,32,222,24,278
6108004,17,152,15,184
6108005,25,263,16,304
6108006,34,269,22,325
6108007,11,138,13,162
6108008,42,298,19,359
6108009,18,154,8,180
6108010,24,160,12,196
6108011,25,230,6,261
6108101,12,58,9,79
6108102,33,192,15,240
6108103,20,156,13,189
6108104,21,156,13,190
6108105,17,153,10,180
6108106,36,204,8,248
6108107,44,345,30,419
6108108,52,323,46,421
6108109,30,203,25,258
6108110,45,259,19,323
6108111,48,294,31,373
6108112,50,247,20,317
6108201,3,22,0,25
6108202,39,307,45,391
6108203,26,219,44,289
6108204,28,193,24,245
6108205,28,187,18,233
6108206,23,170,16,209
6108207,21,151,15,187
6108208,40,269,33,342
6108209,9,95,9,113
6108210,4,90,6,100
6108211,30,186,16,232
6108212,13,120,7,140
6108213,36,162,18,216
6108214,39,295,24,358
6108215,30,218,23,271
6108216,34,269,16,319
6108217,43,242,26,311
6108218,33,227,32,292
6108219,41,281,57,379
6108220,33,333,51,417
6108221,63,378,40,481
6108301,34,161,32,227
6108302,29,222,22,273
6108303,50,241,19,310
6108304,49,321,24,394
6108305,29,194,30,253
6108306,35,143,5,183
6108307,36,181,20,237
6108308,6,56,9,71
6108309,39,235,89,363
6108310,50,296,30,376
6108311,33,302,18,353
6108312,34,259,15,308
6108313,17,120,7,144
6108401,0,3,0,3
6108402,24,164,13,201
6108403,35,163,22,220
6108404,22,162,0,184
6108405,23,176,12,211
6108406,40,233,19,292
6108407,31,135,14,180
6108408,58,344,26,428
6108409,32,260,53,345
6108410,44,238,6,288
6108411,34,223,25,282
6108412,26,204,0,230
6108413,44,239,25,308
6108414,31,167,18,216
6108415,31,197,30,258
6108416,26,210,31,267
6108417,39,224,13,276
6108418,38,186,10,234
6108419,36,181,11,228
6108420,19,220,31,270
6108501,20,134,27,181
6108502,27,210,27,264
6108503,32,246,36,314
6108504,48,258,15,321
6108505,40,260,19,319
6108506,51,310,34,395
6108507,0,0,0,0
6108508,31,204,30,265
6108509,35,334,30,399
6108510,22,253,19,294
6108511,72,366,54,492
6108512,45,324,30,399
6108513,43,266,20,329
6108514,57,323,47,427
6108515,47,319,20,386
6108516,36,249,87,372
6108517,48,324,65,437
6108518,39,229,33,301
6108519,30,199,15,244
6108520,59,301,20,380
6108521,47,316,38,401
6108522,52,259,45,356
6108523,32,261,30,323
6108524,40,234,12,286
6108525,26,314,28,368
6108526,30,219,32,281
6108527,40,191,17,248
6108528,31,292,23,346
6108529,43,235,28,306
6108530,46,312,33,391
6108531,26,226,22,274
6108532,0,0,0,0
6108533,33,259,30,322
6108534,40,244,31,315
6108535,39,322,15,376
6108536,57,286,18,361
6108601,26,209,16,251
6108602,33,160,24,217
6108603,37,187,35,259
6108604,50,282,47,379
6108605,6,73,24,103
6108606,26,229,29,284
6108607,21,123,18,162
6108608,31,189,33,253
6108609,16,64,0,80
6108610,26,216,17,259
6108611,29,210,24,263
6108612,36,261,24,321
6108613,25,152,40,217
6108614,44,149,18,211
6108615,24,199,32,255
6108616,42,272,30,344
6108701,32,213,17,262
6108702,20,169,15,204
6108703,27,136,16,179
6108704,21,193,9,223
6108705,18,227,12,257
6108706,26,220,15,261
6108707,65,420,32,517
6108708,33,208,31,272
6108709,28,158,21,207
6108710,38,243,25,306
6108711,32,204,29,265
6108712,64,328,35,427
6108801,13,135,0,148
6108802,75,512,25,612
6108803,39,409,42,490
6108804,46,325,25,396
6108805,50,440,28,518
6108806,37,260,3,300
6108901,36,334,12,382
6108902,20,161,7,188
6108903,26,128,9,163
6108904,19,133,0,152
6108905,46,393,33,472
6108906,51,393,27,471
6108907,86,623,52,761
6108908,35,268,18,321
6108909,22,180,13,215
6108910,45,286,25,356
6108911,35,256,22,313
6108912,30,203,15,248
6108913,9,114,3,126
6109001,40,291,20,351
6109002,51,337,33,421
6109003,11,114,8,133
6109004,28,310,20,358
6109005,22,144,16,182
6109006,45,297,29,371
6109007,21,132,15,168
6109008,31,160,9,200
6109101,0,6,0,6
6109102,33,174,11,218
6109103,27,191,21,239
6109104,32,199,15,246
6109105,45,359,25,429
6109106,31,305,19,355
6109107,28,147,21,196
6109108,29,243,36,308
6109109,34,226,21,281
6109110,41,314,10,365
6109111,33,196,20,249
6109112,37,313,21,371
6109113,46,250,17,313
6109114,24,293,15,332
6109115,48,203,16,267
6109116,24,202,15,241
6109117,40,217,23,280
6109118,18,168,16,202
6109201,25,201,16,242
6109202,36,323,6,365
6109203,42,320,15,377
6109204,24,136,15,175
6109205,50,245,20,315
6109206,34,206,24,264
6109207,33,202,22,257
6109208,24,252,22,298
6109209,27,131,24,182
6109301,47,285,19,351
6109302,33,180,19,232
6109303,18,215,27,260
6109304,27,265,27,319
6109305,12,144,12,168
6109401,33,230,33,296
6109402,26,178,26,230
6109403,11,128,23,162
6109404,32,203,18,253
6109405,49,377,30,456
6109406,32,182,6,220
6109407,13,181,16,210
6109408,26,226,12,264
6109409,16,202,20,238
6109410,15,139,10,164
6109411,28,302,49,379
6109412,3,3,0,6
6109413,17,192,12,221
6109501,40,237,27,304
6109502,15,129,6,150
6109503,31,204,12,247
6109504,31,302,19,352
6109505,24,270,9,303
6109506,29,247,21,297
6109507,17,147,13,177
6109508,24,250,27,301
6109509,19,125,3,147
6109510,21,158,12,191
6109511,18,184,15,217
6109512,43,297,33,373
6109601,24,153,22,199
6109602,43,272,22,337
6109603,43,278,22,343
6109604,10,146,6,162
6109605,23,226,16,265
6109606,41,222,22,285
6109607,41,240,7,288
6109608,33,220,16,269
6109609,29,141,9,179
6109610,29,185,16,230
6109611,43,230,13,286
6109612,6,41,3,50
6109613,25,62,8,95
6109701,31,250,24,305
6109702,15,125,19,159
6109703,7,129,6,142
6109704,53,442,52,547
6109705,18,219,22,259
6109706,0,0,0,0
6109707,16,188,15,219
6109708,21,184,23,228
6109709,15,103,12,130
6109710,28,220,34,282
6109711,28,259,31,318
6109712,35,260,27,322
6109713,24,310,24,358
6109714,15,96,27,138
6109715,9,28,3,40
6109716,0,0,0,0
6109717,34,216,22,272
6109718,0,0,0,0
6109719,0,0,0,0
6109720,0,0,0,0
6109801,0,0,0,0
6949999,91,724,159,974
6979991,0,0,0,0
6979992,0,0,0,0
6979993,7,68,12,87
6979994,0,27,0,27
7100101,0,36,337,373
7100201,57,896,230,1183
7100202,46,616,142,804
7100203,31,485,119,635
7100204,10,218,21,249
7100205,30,623,163,816
7100206,0,3,6,9
7100207,9,133,55,197
7100208,18,221,78,317
7100301,3,24,16,43
7100401,44,536,62,642
7100402,33,372,90,495
7100403,30,282,45,357
7100404,48,368,23,439
7100405,35,507,76,618
7100406,19,140,21,180
7100501,13,180,16,209
7100502,25,402,62,489
7100503,27,529,131,687
7100504,11,302,62,375
7100505,29,305,46,380
7100506,20,178,5,203
7100507,17,399,72,488
7100601,29,272,55,356
7100602,6,46,0,52
7100603,13,134,12,159
7100604,0,0,0,0
7100605,14,226,37,277
7100606,27,418,34,479
7100607,49,402,60,511
7100608,30,329,19,378
7100701,10,169,19,198
7100702,15,129,16,160
7100703,24,318,30,372
7100704,9,186,104,299
7100705,20,247,19,286
7100706,13,274,18,305
7100801,38,588,132,758
7100802,32,411,62,505
7100803,30,315,25,370
7100804,32,312,23,367
7100805,28,594,112,734
7100806,12,153,10,175
7100807,30,311,39,380
7100901,16,338,53,407
7100902,38,652,53,743
7100903,24,413,37,474
7100904,0,10,0,10
7100905,15,308,31,354
7100906,15,198,32,245
7101001,20,188,27,235
7101002,29,274,59,362
7101003,43,367,57,467
7101004,26,216,54,296
7101005,25,211,58,294
7101006,3,0,3,6
7101101,45,326,51,422
7101102,15,181,18,214
7101103,30,241,46,317
7101104,36,326,52,414
7101105,39,376,23,438
7101201,22,347,59,428
7101202,0,0,702,702
7101203,15,157,32,204
7101204,21,263,439,723
7101205,7,147,15,169
7101301,27,394,42,463
7101302,30,436,43,509
7101303,22,309,15,346
7101304,28,370,33,431
7101305,42,292,70,404
7101306,28,267,18,313
7101307,3,10,3,16
7101401,0,0,3,3
7101501,0,6,3,9
7101601,47,322,84,453
7101602,28,387,52,467
7101603,46,496,127,669
7101604,31,281,73,385
7101605,25,318,55,398
7101606,0,34,0,34
7101701,0,7,0,7
7101801,30,338,46,414
7101802,23,307,41,371
7101803,24,243,22,289
7101804,45,258,13,316
7101901,49,373,39,461
7101902,31,274,50,355
7101903,48,317,35,400
7101904,21,260,60,341
7101905,29,195,41,265
7101906,26,311,45,382
7101907,28,197,33,258
7101908,46,262,54,362
7101909,50,356,54,460
7101910,17,260,48,325
7102001,55,411,74,540
7102002,33,389,145,567
7102003,29,406,77,512
7102004,23,298,34,355
7102005,28,273,31,332
7102006,37,406,61,504
7102007,52,438,29,519
7102008,33,317,41,391
7102101,63,552,29,644
7102102,0,0,0,0
7102103,11,103,23,137
7102104,37,604,29,670
7102201,18,231,3,252
7102202,37,490,46,573
7102203,38,288,12,338
7102204,30,299,35,364
7102205,13,193,97,303
7102206,21,256,42,319
7102207,0,8,0,8
7102208,0,14,0,14
7102209,26,262,56,344
7102210,25,215,62,302
7102211,30,208,60,298
7102212,29,251,57,337
7102213,21,184,58,263
7102301,27,323,106,456
7102302,49,448,68,565
7102303,24,170,43,237
7102304,27,240,19,286
7102305,50,363,54,467
7102401,24,255,53,332
7102402,34,301,29,364
7102403,24,230,25,279
7102404,20,189,25,234
7102405,31,243,55,329
7102501,30,172,36,238
7102502,28,252,19,299
7102503,12,191,19,222
7102504,19,242,73,334
7102505,48,431,127,606
7102506,25,311,46,382
7102507,28,303,42,373
7102508,20,259,47,326
7102509,25,246,18,289
7102601,39,340,55,434
7102602,0,0,0,0
7102603,30,500,230,760
7102604,36,283,55,374
7102605,36,413,39,488
7102606,30,477,139,646
7102701,45,286,40,371
7102702,37,319,43,399
7102703,25,202,44,271
7102704,40,371,64,475
7102705,36,321,27,384
7102706,0,81,29,110
7102707,0,0,3,3
7102801,28,283,78,389
7102802,32,260,55,347
7102803,35,303,40,378
7102804,28,394,82,504
7102805,0,0,0,0
7102901,39,373,41,453
7102902,24,223,29,276
7102903,34,302,22,358
7102904,28,231,40,299
7103001,26,228,50,304
7103002,19,227,38,284
7103003,19,182,78,279
7103004,37,267,73,377
7103005,18,308,32,358
7103006,12,110,38,160
7103007,21,177,3,201
7103101,11,213,162,386
7103102,4,61,0,65
7103103,26,129,10,165
7103104,20,197,42,259
7103105,17,272,35,324
7103106,53,401,48,502
7103107,27,775,66,868
7103108,0,0,0,0
7103109,29,250,35,314
7103110,17,170,39,226
7103111,21,151,25,197
7103112,26,238,62,326
7103201,17,247,33,297
7103202,28,321,39,388
7103203,29,458,61,548
7103204,53,697,70,820
7103205,25,248,75,348
7103206,39,322,68,429
7103207,26,265,32,323
7103208,17,215,18,250
7103209,38,303,55,396
7103210,24,311,63,398
7103211,45,427,36,508
7103212,22,286,107,415
7103213,24,268,25,317
7103214,25,400,49,474
7103301,0,13,4,17
7103401,40,239,71,350
7103402,27,256,34,317
7103403,17,226,56,299
7103404,31,397,78,506
7103405,27,204,35,266
7103406,47,448,66,561
7103501,0,3,3,6
7103502,12,148,36,196
7103503,40,416,113,569
7103504,36,372,123,531
7103505,28,289,104,421
7103506,57,338,94,489
7103507,43,247,122,412
7103508,15,142,22,179
7103601,37,433,30,500
7103602,12,241,15,268
7103603,20,328,46,394
7103604,36,419,50,505
7103605,23,220,20,263
7103606,30,382,51,463
7103701,27,405,56,488
7103702,24,435,76,535
7103703,38,257,45,340
7103704,35,209,56,300
7103705,29,195,78,302
7103706,6,177,21,204
7103801,32,449,58,539
7103802,31,392,74,497
7103803,40,387,28,455
7103804,27,302,6,335
7103805,27,295,21,343
7103806,8,146,8,162
7103807,7,49,6,62
7103808,6,9,9,24
7103809,22,244,4,270
7103901,11,242,54,307
7103902,17,192,49,258
7103903,32,247,52,331
7103904,36,282,62,380
7103905,23,391,48,462
7103906,24,294,26,344
7103907,42,325,68,435
7104001,33,228,26,287
7104002,23,187,50,260
7104003,44,307,107,458
7104004,31,290,33,354
7104005,35,268,92,395
7104006,34,358,102,494
7104101,15,228,21,264
7104102,19,378,18,415
7104103,69,883,42,994
7104104,3,58,0,61
7104105,21,256,18,295
7104106,17,281,14,312
7104107,13,147,8,168
7104108,21,310,24,355
7104109,11,117,9,137
7104110,0,15,0,15
7104201,0,6,0,6
7104301,30,241,11,282
7104302,44,274,37,355
7104303,11,102,43,156
7104304,28,305,37,370
7104305,52,705,60,817
7104306,44,544,75,663
7104401,33,362,76,471
7104402,24,384,86,494
7104403,24,242,56,322
7104404,12,128,19,159
7104405,30,200,60,290
7104406,39,426,53,518
7104407,17,227,40,284
7104501,0,19,13,32
7104502,34,269,30,333
7104503,20,240,50,310
7104504,38,352,59,449
7104505,34,322,50,406
7104506,95,26,0,121
7104507,30,167,24,221
7104508,18,201,39,258
7104509,31,277,62,370
7104510,11,201,92,304
7104511,26,232,42,300
7104512,26,179,20,225
7104513,6,80,9,95
7104514,9,56,3,68
7104601,24,216,66,306
7104602,24,233,45,302
7104603,22,314,43,379
7104604,19,182,13,214
7104605,25,231,24,280
7104606,21,292,27,340
7104607,7,11,0,18
7104608,30,264,30,324
7104609,24,306,39,369
7104610,22,285,91,398
7104611,30,265,36,331
7104612,31,327,32,390
7104613,10,140,4,154
7104614,13,114,17,144
7104615,19,119,21,159
7104701,0,0,0,0
7104702,0,31,28,59
7104703,48,304,32,384
7104704,22,277,27,326
7104705,24,345,49,418
7104706,29,327,49,405
7104707,25,288,28,341
7104708,20,383,91,494
7104709,28,447,53,528
7104710,31,399,45,475
7104801,0,0,0,0
7104802,38,307,69,414
7104803,42,338,151,531
7104804,50,391,89,530
7104805,21,230,48,299
7104806,21,319,27,367
7104807,34,481,79,594
7104808,12,201,41,254
7104809,24,264,10,298
7104810,15,176,9,200
7104811,19,236,27,282
7104812,0,3,0,3
7104813,0,0,0,0
7104901,13,201,35,249
7104902,12,135,62,209
7104903,22,317,23,362
7104904,16,379,20,415
7104905,14,326,42,382
7104906,0,0,0,0
7104907,35,221,24,280
7104908,21,253,37,311
7104909,25,266,81,372
7104910,23,314,59,396
7105001,0,40,4,44
7105002,27,561,163,751
7105003,50,129,42,221
7105004,12,156,56,224
7105005,12,113,15,140
7105006,12,71,24,107
7105007,16,161,53,230
7105008,0,22,27,49
7105009,0,0,0,0
7105101,15,288,35,338
7105102,0,0,0,0
7105103,23,99,19,141
7105104,34,309,47,390
7105105,25,198,21,244
7105106,31,302,131,464
7105107,6,93,34,133
7105108,4,28,0,32
7105109,6,68,5,79
7105201,9,57,12,78
7105202,0,0,560,560
7105203,13,136,43,192
7105204,39,303,27,369
7105205,0,0,0,0
7105206,26,103,20,149
7105207,7,112,6,125
7105208,3,13,86,102
7105209,38,153,50,241
7105210,6,44,6,56
7105211,9,25,17,51
7105212,9,21,0,30
7105213,60,240,50,350
7105214,0,10,9,19
7105215,3,102,38,143
7105216,50,209,52,311
7105301,24,201,35,260
7105302,32,80,34,146
7105303,63,209,38,310
7105304,0,18,0,18
7105305,50,149,96,295
7105306,6,89,3,98
7105307,0,43,0,43
7105308,20,82,9,111
7105309,0,6,0,6
7105310,8,39,7,54
7105311,0,0,0,0
7105312,23,129,29,181
7105313,56,335,30,421
7105314,24,149,6,179
7105401,132,308,50,490
7105402,0,0,0,0
7105403,36,89,21,146
7105404,31,87,18,136
7105405,17,155,12,184
7105406,3,84,12,99
7105407,4,113,7,124
7105408,4,54,6,64
7105409,15,59,12,86
7105410,17,102,13,132
7105501,9,93,21,123
7105502,4,205,29,238
7105503,19,180,50,249
7105504,41,252,64,357
7105505,16,107,16,139
7105506,7,112,0,119
7105507,36,276,6,318
7105508,15,43,0,58
7105509,6,22,8,36
7105510,17,141,93,251
7105601,12,170,47,229
7105602,22,276,80,378
7105603,35,337,71,443
7105604,38,320,42,400
7105605,52,128,101,281
7105606,20,91,64,175
7105607,0,15,0,15
7105608,0,48,41,89
7105609,9,60,36,105
7105610,29,141,48,218
7105611,0,0,0,0
7105701,27,9,6,42
7105702,20,105,6,131
7105703,40,254,31,325
7105704,19,135,30,184
7105705,24,261,37,322
7105706,9,113,23,145
7105707,9,193,27,229
7105708,48,362,73,483
7105709,38,296,62,396
7105710,26,169,82,277
7105711,26,333,84,443
7105712,12,145,27,184
7105713,23,193,55,271
7105801,48,244,9,301
7105802,0,52,0,52
7105803,38,220,31,289
7105804,10,222,6,238
7105805,3,107,10,120
7105806,0,50,0,50
7105807,17,111,6,134
7105808,9,128,30,167
7105901,195,1103,38,1336
7105902,15,99,6,120
7106001,10,45,0,55
7106002,6,77,3,86
7106003,97,980,32,1109
7106004,33,223,18,274
7106005,59,243,9,311
7106101,84,666,64,814
7106102,43,146,10,199
7106103,378,1125,93,1596
7106104,57,126,0,183
7106105,6,34,0,40
7106106,12,33,0,45
7106107,31,61,6,98
7106108,70,184,9,263
7106201,24,100,10,134
7106202,16,289,12,317
7106203,121,182,8,311
7106204,5,9,0,14
7106205,84,458,24,566
7106206,18,158,6,182
7106207,17,200,41,258
7106208,0,0,0,0
7106209,7,73,9,89
7106301,61,92,0,153
7106302,13,101,3,117
7106303,86,498,29,613
7106304,20,171,12,203
7106305,421,299,16,736
7106306,0,18,0,18
7106307,246,1026,101,1373
7106308,240,310,94,644
7106309,206,381,13,600
7106310,69,150,11,230
7106311,28,80,7,115
7106312,15,45,18,78
7106313,3,82,9,94
7106314,6,41,0,47
7106315,13,55,9,77
7106316,0,3,0,3
7106317,0,21,0,21
7106401,8,91,20,119
7106402,21,298,26,345
7106403,34,596,117,747
7106404,28,381,51,460
7106405,26,357,16,399
7106406,18,324,23,365
7106407,12,298,12,322
7106501,42,169,4,215
7106502,46,302,4,352
7106503,16,59,15,90
7106504,59,124,7,190
7106505,5,61,6,72
7106506,24,126,51,201
7106507,117,34,9,160
7106508,6,134,25,165
7106601,12,210,56,278
7106602,28,225,84,337
7106603,0,34,6,40
7106604,36,366,72,474
7106605,0,22,18,40
7106606,18,254,13,285
7106607,18,32,0,50
7106608,132,536,28,696
7106609,0,0,0,0
7106610,4,0,0,4
7106611,16,134,4,154
7106612,0,100,20,120
7106613,4,138,3,145
7106614,3,12,93,108
7106701,18,311,46,375
7106702,25,366,62,453
7106703,31,232,51,314
7106704,32,258,135,425
7106705,18,246,38,302
7106706,17,166,47,230
7106707,26,330,28,384
7106708,29,334,49,412
7106709,12,100,21,133
7106710,0,24,3,27
7106711,13,208,20,241
7106712,15,189,26,230
7106713,3,73,6,82
7106714,28,115,12,155
7106715,16,238,40,294
7106716,6,221,19,246
7106717,29,435,37,501
7106718,24,197,35,256
7106719,39,393,25,457
7106720,13,212,81,306
7106721,3,22,12,37
7106722,19,278,61,358
7106723,28,180,28,236
7106724,18,236,20,274
7106725,3,125,41,169
7106801,3,51,23,77
7106802,20,119,26,165
7106803,20,34,3,57
7106804,3,58,0,61
7106805,13,87,10,110
7106806,34,181,31,246
7106807,89,266,50,405
7106808,6,93,23,122
7106809,27,136,14,177
7106810,28,43,11,82
7106811,0,54,4,58
7106812,0,115,11,126
7949999,105,1351,269,1725
7979991,0,0,0,0
7979992,0,0,0,0
7979993,3,88,17,108
8100101,21,246,25,292
8100102,33,209,37,279
8100103,26,217,6,249
8100104,50,309,37,396
8100105,54,360,15,429
8100106,43,322,19,384
8100201,36,342,66,444
8100202,28,218,51,297
8100203,23,370,32,425
8100204,0,9,0,9
8100205,0,0,0,0
8100206,25,365,75,465
8100207,30,411,124,565
8100208,28,279,57,364
8100209,27,202,32,261
8100210,13,301,25,339
8100211,33,403,46,482
8100212,37,292,96,425
8100301,17,277,34,328
8100302,57,354,132,543
8100303,63,471,58,592
8100304,12,171,9,192
8100305,31,468,69,568
8100306,36,308,12,356
8100307,12,190,9,211
8100308,40,771,491,1302
8100309,16,210,15,241
8100310,8,188,9,205
8100311,22,203,20,245
8100312,31,295,16,342
8100313,24,427,72,523
8100314,3,128,9,140
8100401,33,156,6,195
8100402,39,306,21,366
8100403,30,273,54,357
8100404,27,224,23,274
8100405,46,275,10,331
8100406,42,360,42,444
8100407,45,332,38,415
8100501,29,199,15,243
8100502,35,275,25,335
8100503,33,223,19,275
8100504,30,227,3,260
8100505,31,286,24,341
8100506,27,129,9,165
8100507,34,234,14,282
8100508,19,149,6,174
8100509,31,271,24,326
8100601,79,450,42,571
8100602,34,115,12,161
8100603,48,410,19,477
8100604,18,192,3,213
8100605,28,264,3,295
8100606,31,192,13,236
8100607,32,305,6,343
8100608,35,284,10,329
8100609,35,230,3,268
8100610,27,230,12,269
8100611,31,310,29,370
8100612,36,344,11,391
8100613,15,162,12,189
8100614,35,212,6,253
8100615,15,129,18,162
8100616,29,328,3,360
8100617,42,290,15,347
8100701,56,336,12,404
8100702,12,176,9,197
8100703,41,368,4,413
8100704,24,138,0,162
8100705,43,298,15,356
8100706,41,267,7,315
8100707,54,311,7,372
8100708,29,207,12,248
8100709,31,225,12,268
8100710,41,251,12,304
8100711,58,387,25,470
8100712,54,242,20,316
8100713,24,204,11,239
8100714,18,194,9,221
8100801,43,254,15,312
8100802,53,331,13,397
8100803,41,306,10,357
8100804,18,201,15,234
8100805,56,302,31,389
8100806,26,260,9,295
8100807,54,454,18,526
8100808,27,235,53,315
8100809,47,397,12,456
8100810,32,236,21,289
8100811,26,168,4,198
8100812,28,298,18,344
8100901,36,237,30,303
8100902,35,168,12,215
8100903,36,265,58,359
8100904,45,227,7,279
8100905,37,218,18,273
8100906,37,342,19,398
8100907,23,188,30,241
8100908,42,219,0,261
8100909,21,176,24,221
8100910,30,216,61,307
8101001,29,264,3,296
8101002,40,258,0,298
8101003,47,298,9,354
8101004,27,262,6,295
8101005,70,356,15,441
8101101,61,426,30,517
8101102,48,239,4,291
8101103,67,426,16,509
8101104,57,314,6,377
8101105,32,183,25,240
8101106,20,153,21,194
8101107,0,0,0,0
8101108,23,136,3,162
8101109,21,180,6,207
8101110,9,182,18,209
8101201,0,0,3,3
8101301,21,157,9,187
8101302,36,353,60,449
8101303,43,230,9,282
8101304,44,184,13,241
8101305,41,294,7,342
8101306,42,227,3,272
8101307,24,156,6,186
8101308,28,197,6,231
8101309,0,0,0,0
8101310,20,162,26,208
8101401,26,172,22,220
8101402,66,296,14,376
8101403,53,398,18,469
8101404,45,340,12,397
8101405,37,267,4,308
8101406,24,180,6,210
8101407,58,368,36,462
8101501,62,474,23,559
8101502,27,183,9,219
8101503,18,219,18,255
8101504,35,240,18,293
8101505,51,325,15,391
8101506,37,228,12,277
8101507,49,481,80,610
8101508,33,221,4,258
8101509,33,247,17,297
8101510,44,249,10,303
8101511,29,163,11,203
8101512,21,202,21,244
8101601,38,303,18,359
8101602,25,135,3,163
8101603,66,325,15,406
8101604,44,279,15,338
8101605,39,259,24,322
8101606,55,318,9,382
8101607,38,169,6,213
8101608,0,0,0,0
8101609,44,335,9,388
8101610,30,163,6,199
8101611,26,260,13,299
8101612,67,351,23,441
8101613,32,297,27,356
8101614,38,304,15,357
8101615,41,339,19,399
8101616,45,344,25,414
8101617,48,273,18,339
8101618,42,276,9,327
8101619,54,282,11,347
8101701,43,193,9,245
8101702,55,363,20,438
8101703,60,408,13,481
8101704,32,199,12,243
8101705,25,241,21,287
8101706,69,347,18,434
8101707,41,287,27,355
8101708,19,123,3,145
8101709,44,227,8,279
8101801,0,0,0,0
8101901,22,353,17,392
8101902,27,427,15,469
8101903,4,108,0,112
8101904,30,274,12,316
8101905,16,331,20,367
8101906,35,208,8,251
8101907,43,372,11,426
8101908,60,340,13,413
8101909,41,272,16,329
8101910,33,234,18,285
8101911,45,303,18,366
8101912,26,258,12,296
8101913,41,255,21,317
8102001,23,184,26,233
8102002,49,233,15,297
8102003,25,185,12,222
8102004,24,180,9,213
8102005,23,261,31,315
8102006,23,197,15,235
8102007,29,249,20,298
8102008,35,275,6,316
8102101,64,417,26,507
8102102,30,288,3,321
8102103,53,380,42,475
8102104,53,347,13,413
8102105,57,477,19,553
8102201,25,151,6,182
8102202,29,207,0,236
8102203,48,317,24,389
8102204,58,343,33,434
8102205,62,371,20,453
8102206,30,198,12,240
8102207,48,310,13,371
8102208,38,209,16,263
8102301,48,329,21,398
8102302,24,180,0,204
8102303,54,295,16,365
8102304,42,296,37,375
8102305,23,215,12,250
8102306,39,250,18,307
8102307,39,390,105,534
8102401,25,176,11,212
8102402,39,326,21,386
8102403,37,251,8,296
8102404,18,195,8,221
8102405,32,177,10,219
8102406,40,279,30,349
8102407,12,182,25,219
8102408,55,317,24,396
8102501,33,209,22,264
8102502,36,281,22,339
8102503,51,328,24,403
8102504,38,301,15,354
8102505,29,182,4,215
8102506,58,361,18,437
8102601,38,228,6,272
8102602,22,124,10,156
8102603,39,264,12,315
8102604,44,279,19,342
8102605,26,159,16,201
8102606,58,370,21,449
8102607,28,276,15,319
8102701,43,316,18,377
8102801,6,20,0,26
8102901,3,24,0,27
8103001,20,199,63,282
8103002,32,177,20,229
8103003,0,37,6,43
8103004,3,9,0,12
8103005,30,175,35,240
8103006,0,9,0,9
8103101,0,6,301,307
8103201,6,21,3,30
8103301,20,169,13,202
8103401,24,243,18,285
8103402,15,137,8,160
8103403,30,287,17,334
8103404,30,262,16,308
8103405,29,271,3,303
8103406,32,267,12,311
8103407,18,178,9,205
8103408,37,307,12,356
8103409,13,161,9,183
8103410,18,298,10,326
8103411,27,353,15,395
8103412,27,270,0,297
8103413,32,270,14,316
8103414,17,127,4,148
8103501,5,167,7,179
8103502,28,286,7,321
8103503,39,295,9,343
8103504,16,199,6,221
8103601,15,244,18,277
8103602,20,344,8,372
8103603,41,434,28,503
8103701,39,413,12,464
8103801,34,643,23,700
8103802,55,509,29,593
8103803,31,308,11,350
8103901,19,399,22,440
8103902,42,495,36,573
8103903,41,441,27,509
8103904,36,356,6,398
8103905,39,415,28,482
8103906,49,424,51,524
8104001,37,381,40,458
8104002,23,214,6,243
8104003,56,387,9,452
8104004,50,439,21,510
8104005,31,247,15,293
8104006,18,195,4,217
8104007,45,293,19,357
8104008,22,327,29,378
8104009,25,412,91,528
8104010,22,379,28,429
8104011,0,0,0,0
8104012,36,446,34,516
8104101,3,30,0,33
8104201,0,3,0,3
8104301,35,205,13,253
8104401,40,325,26,391
8104402,28,362,25,415
8104403,67,433,41,541
8104404,34,322,26,382
8104405,24,267,12,303
8104406,32,409,18,459
8104407,0,0,0,0
8104408,46,367,6,419
8104409,16,200,21,237
8104501,0,6,0,6
8104601,20,151,10,181
8104602,19,320,12,351
8104603,23,156,8,187
8104604,31,178,6,215
8104605,16,168,9,193
8104606,35,229,9,273
8104607,19,156,9,184
8104608,33,333,27,393
8104609,25,180,10,215
8104610,51,369,21,441
8104611,47,430,15,492
8104612,18,145,9,172
8104613,40,257,6,303
8104614,21,174,12,207
8104615,46,415,26,487
8104616,18,143,0,161
8104617,46,295,18,359
8104618,26,237,18,281
8104619,32,172,9,213
8104620,24,221,28,273
8104621,23,233,15,271
8104622,32,194,14,240
8104623,32,368,25,425
8104624,0,0,0,0
8104625,29,252,25,306
8104701,21,198,12,231
8104702,35,261,15,311
8104703,43,327,9,379
8104704,26,163,18,207
8104705,35,291,12,338
8104706,25,229,21,275
8104707,14,137,9,160
8104708,40,208,6,254
8104709,36,164,15,215
8104710,30,311,11,352
8104711,55,316,13,384
8104712,25,177,20,222
8104713,39,293,6,338
8104714,0,0,0,0
8104715,32,216,3,251
8104716,30,272,24,326
8104717,32,342,12,386
8104718,39,299,17,355
8104719,37,322,9,368
8104801,22,230,7,259
8104802,39,340,15,394
8104803,22,238,6,266
8104804,24,276,23,323
8104805,40,343,35,418
8104806,24,227,5,256
8104807,23,211,18,252
8104808,34,258,13,305
8104809,43,337,18,398
8104810,26,203,12,241
8104811,32,269,9,310
8104812,46,371,15,432
8104813,17,191,10,218
8104814,42,382,6,430
8104901,43,1766,145,1954
8104902,0,0,0,0
8104903,0,0,0,0
8105001,49,288,28,365
8105002,26,218,13,257
8105003,0,0,0,0
8105004,47,154,5,206
8105005,49,321,25,395
8105006,27,299,35,361
8105007,32,206,3,241
8105008,38,141,22,201
8105009,59,340,124,523
8105010,43,244,23,310
8105011,34,388,16,438
8105012,41,274,15,330
8105013,34,349,23,406
8105014,38,169,11,218
8105101,27,302,104,433
8105102,46,324,54,424
8105103,58,618,50,726
8105104,0,3,6,9
8105105,21,278,68,367
8105106,29,292,106,427
8105107,17,439,55,511
8105108,29,831,46,906
8105109,25,435,28,488
8105201,43,355,63,461
8105202,32,263,24,319
8105203,37,300,17,354
8105204,25,1477,81,1583
8105205,33,293,13,339
8105206,56,421,17,494
8105207,20,306,16,342
8105208,48,382,22,452
8105209,0,0,0,0
8105301,19,292,62,373
8105302,24,347,39,410
8105303,40,1250,135,1425
8105304,30,442,85,557
8105401,41,383,30,454
8105402,63,455,33,551
8105403,42,418,40,500
8105404,34,273,20,327
8105501,40,302,22,364
8105502,34,215,3,252
8105503,33,250,30,313
8105504,35,243,28,306
8105505,23,207,20,250
8105506,35,276,23,334
8105507,50,273,24,347
8105508,57,399,35,491
8105509,24,261,12,297
8105601,66,338,10,414
8105602,52,335,20,407
8105603,47,318,20,385
8105604,32,247,18,297
8105605,45,307,12,364
8105606,29,152,6,187
8105607,42,257,6,305
8105701,35,303,12,350
8105702,21,178,9,208
8105703,40,193,18,251
8105704,33,206,32,271
8105705,43,343,62,448
8105706,27,333,134,494
8105707,46,415,31,492
8105708,42,314,34,390
8105709,43,327,29,399
8105710,35,289,85,409
8105711,25,245,16,286
8105801,60,335,19,414
8105802,42,306,27,375
8105803,21,184,18,223
8105804,35,222,29,286
8105805,25,167,12,204
8105806,23,206,18,247
8105807,28,392,21,441
8105808,65,374,19,458
8105809,35,227,17,279
8105810,27,210,18,255
8105811,44,348,19,411
8105812,27,282,13,322
8105813,23,395,30,448
8105814,0,0,0,0
8105901,36,226,64,326
8105902,47,388,78,513
8105903,43,269,15,327
8105904,32,191,18,241
8106001,34,295,27,356
8106002,53,523,56,632
8106003,37,402,12,451
8106004,35,514,50,599
8106005,35,446,129,610
8106006,31,318,35,384
8106007,26,266,14,306
8106101,45,275,31,351
8106102,29,230,19,278
8106103,19,319,5,343
8106104,44,499,25,568
8106105,3,6,0,9
8106106,20,164,9,193
8106107,26,207,26,259
8106108,48,343,28,419
8106109,28,255,19,302
8106110,33,223,14,270
8106111,23,199,22,244
8106112,26,173,28,227
8106113,19,217,16,252
8106114,24,468,21,513
8106201,39,278,37,354
8106202,61,313,27,401
8106203,0,3,3,6
8106204,26,231,9,266
8106205,45,278,38,361
8106206,25,161,10,196
8106207,22,228,29,279
8106208,32,166,6,204
8106209,36,173,18,227
8106301,35,412,68,515
8106302,31,164,6,201
8106303,34,269,28,331
8106304,30,173,5,208
8106401,23,223,35,281
8106402,73,344,21,438
8106403,31,137,9,177
8106404,7,257,12,276
8106405,56,340,24,420
8106406,66,402,35,503
8106407,25,150,3,178
8106408,18,153,53,224
8106409,0,3,0,3
8106410,9,157,7,173
8106411,19,344,34,397
8106412,35,271,16,322
8106501,9,150,14,173
8106502,77,515,104,696
8106503,27,328,40,395
8106504,42,471,32,545
8106505,24,334,47,405
8106506,15,217,30,262
8106507,26,375,29,430
8106508,20,342,44,406
8106509,22,148,22,192
8106510,31,247,68,346
8106601,0,0,0,0
8106701,33,237,17,287
8106702,21,140,5,166
8106703,27,184,12,223
8106704,24,226,30,280
8106705,25,230,10,265
8106706,41,253,10,304
8106707,9,181,13,203
8106708,32,269,16,317
8106709,29,181,25,235
8106710,41,186,15,242
8106711,35,543,20,598
8106712,36,246,23,305
8106713,36,231,9,276
8106714,36,166,9,211
8106715,34,293,15,342
8106716,30,132,9,171
8106717,21,196,25,242
8106801,0,0,3,3
8106901,21,188,6,215
8106902,25,198,19,242
8106903,44,231,11,286
8106904,24,263,27,314
8106905,61,380,20,461
8106906,49,390,24,463
8106907,39,325,13,377
8106908,0,0,0,0
8106909,41,221,14,276
8107001,31,238,11,280
8107002,56,293,12,361
8107003,51,294,19,364
8107004,38,204,15,257
8107005,55,323,15,393
8107006,26,213,9,248
8107007,46,296,30,372
8107008,24,163,7,194
8107101,0,0,0,0
8107102,50,314,6,370
8107103,58,350,43,451
8107104,28,182,9,219
8107105,30,284,22,336
8107106,20,211,13,244
8107107,18,233,36,287
8107108,45,313,69,427
8107109,13,256,18,287
8107110,57,459,18,534
8107111,24,155,12,191
8107112,38,355,27,420
8107201,46,413,20,479
8107202,33,239,6,278
8107203,35,258,15,308
8107204,50,319,15,384
8107205,34,361,16,411
8107206,38,387,12,437
8107207,36,286,18,340
8107208,45,346,33,424
8107209,0,0,0,0
8107301,33,297,27,357
8107302,42,326,18,386
8107303,45,361,16,422
8107304,27,226,21,274
8107305,35,265,18,318
8107306,34,364,17,415
8107307,37,310,12,359
8107308,29,229,6,264
8107309,44,363,16,423
8107310,48,278,8,334
8107311,46,406,23,475
8107312,35,251,8,294
8107313,13,244,15,272
8107401,37,301,21,359
8107402,52,343,22,417
8107403,35,220,3,258
8107404,27,208,19,254
8107405,33,294,3,330
8107406,52,301,21,374
8107407,40,373,18,431
8107408,20,184,9,213
8107409,48,303,14,365
8107410,39,209,7,255
8107411,71,315,9,395
8107412,28,169,17,214
8107413,38,214,18,270
8107501,47,405,27,479
8107502,37,213,21,271
8107503,20,260,21,301
8107504,36,287,18,341
8107505,51,307,27,385
8107506,27,302,7,336
8107507,41,272,15,328
8107508,29,209,6,244
8107509,23,165,0,188
8107510,31,362,30,423
8107511,24,234,9,267
8107512,24,203,15,242
8107513,31,212,22,265
8107601,46,257,0,303
8107602,40,292,6,338
8107603,36,288,3,327
8107604,29,276,18,323
8107605,34,272,13,319
8107606,35,319,12,366
8107607,0,0,0,0
8107608,37,291,27,355
8107609,16,189,4,209
8107701,47,428,18,493
8107702,39,244,24,307
8107703,25,207,21,253
8107704,39,205,9,253
8107705,46,290,6,342
8107706,32,214,4,250
8107707,37,276,14,327
8107708,0,3,0,3
8107801,37,298,33,368
8107802,26,155,8,189
8107803,34,249,21,304
8107804,23,188,19,230
8107805,36,247,29,312
8107806,30,277,12,319
8107807,28,158,19,205
8107808,37,263,22,322
8107809,20,192,19,231
8107810,48,279,32,359
8107811,46,340,32,418
8107812,31,225,17,273
8107813,19,238,6,263
8107814,33,350,22,405
8107815,23,215,28,266
8107816,24,189,6,219
8107817,21,187,3,211
8107818,34,298,9,341
8107819,28,152,12,192
8107820,36,286,4,326
8107821,33,305,3,341
8107901,43,188,3,234
8107902,15,251,30,296
8107903,41,320,33,394
8107904,26,264,8,298
8107905,47,247,12,306
8107906,38,234,13,285
8107907,19,190,13,222
8107908,27,197,5,229
8107909,30,169,13,212
8108001,0,0,0,0
8108002,42,280,18,340
8108003,68,380,15,463
8108004,37,427,29,493
8108101,33,256,27,316
8108102,29,223,3,255
8108103,40,333,21,394
8108104,26,227,6,259
8108105,37,239,13,289
8108106,28,288,26,342
8108107,32,201,6,239
8108108,31,305,21,357
8108109,16,240,13,269
8108110,42,333,31,406
8108111,32,210,12,254
8108201,31,215,0,246
8108202,36,128,18,182
8108203,39,286,13,338
8108204,35,235,9,279
8108205,33,231,20,284
8108206,23,189,9,221
8108207,49,349,26,424
8108208,23,146,9,178
8108209,25,192,6,223
8108210,50,321,15,386
8108211,27,231,3,261
8108212,48,268,14,330
8108213,41,364,25,430
8108214,19,168,12,199
8108215,38,366,39,443
8108216,43,281,7,331
8108217,34,298,13,345
8108218,32,265,16,313
8108219,53,377,17,447
8108220,53,269,12,334
8108221,23,240,0,263
8108222,46,260,10,316
8108223,20,165,18,203
8108224,27,275,32,334
8108225,23,185,20,228
8108226,30,321,19,370
8108227,43,265,6,314
8108228,19,134,0,153
8108229,50,360,15,425
8108230,39,251,9,299
8108231,32,233,9,274
8108232,41,211,24,276
8108233,39,194,5,238
8108234,30,198,21,249
8108235,72,346,22,440
8108236,57,371,13,441
8108237,40,320,6,366
8108238,31,257,19,307
8108239,35,191,6,232
8108240,31,146,13,190
8108241,36,317,12,365
8108301,46,383,4,433
8108302,38,283,3,324
8108303,45,376,10,431
8108401,20,142,4,166
8108402,15,166,18,199
8108403,31,218,3,252
8108404,32,249,12,293
8108405,53,283,8,344
8108406,24,189,9,222
8108407,21,208,9,238
8108408,33,288,15,336
8108409,19,194,16,229
8108410,24,164,3,191
8108411,39,296,18,353
8108412,30,266,27,323
8108413,29,156,6,191
8108414,24,192,3,219
8108415,37,258,14,309
8108416,19,96,16,131
8108417,21,283,19,323
8108418,23,157,6,186
8108501,0,4,0,4
8108601,24,232,9,265
8108602,29,181,3,213
8108603,36,321,16,373
8108604,28,179,0,207
8108605,51,313,19,383
8108701,40,299,15,354
8108702,37,279,9,325
8108703,49,384,44,477
8108704,22,163,33,218
8108705,48,297,26,371
8108706,43,412,24,479
8108707,29,189,15,233
8108801,42,365,22,429
8108802,25,217,4,246
8108803,45,271,0,316
8108804,32,284,25,341
8108805,27,219,21,267
8108806,29,207,10,246
8108807,40,312,18,370
8108808,17,238,4,259
8108809,54,364,21,439
8108810,21,143,15,179
8108901,0,25,0,25
8109001,25,146,4,175
8109002,23,135,6,164
8109003,54,323,18,395
8109004,51,386,22,459
8109005,29,273,7,309
8109006,20,256,24,300
8109007,37,316,29,382
8109008,54,301,29,384
8109009,36,205,10,251
8109010,60,346,16,422
8109011,33,382,15,430
8109012,19,194,0,213
8109013,40,219,9,268
8109014,52,340,24,416
8109015,24,191,12,227
8109016,23,337,22,382
8109017,31,118,14,163
8109018,35,252,15,302
8109019,40,342,28,410
8109020,35,186,9,230
8109101,25,164,8,197
8109102,39,221,6,266
8109103,37,207,13,257
8109104,32,187,6,225
8109105,45,216,12,273
8109106,37,313,9,359
8109107,48,234,3,285
8109108,50,307,3,360
8109201,36,336,15,387
8109202,54,281,9,344
8109203,30,260,7,297
8109204,21,218,12,251
8109205,33,208,4,245
8109206,41,203,17,261
8109207,25,239,6,270
8109208,40,310,18,368
8109209,6,52,3,61
8109210,0,0,0,0
8109301,64,323,27,414
8109302,21,146,27,194
8109303,65,289,18,372
8109304,69,473,26,568
8109305,55,370,7,432
8109306,55,393,21,469
8109401,48,272,12,332
8109402,0,0,0,0
8109403,24,159,7,190
8109404,67,433,26,526
8109405,51,365,24,440
8109406,42,326,28,396
8109407,31,275,18,324
8109501,32,172,11,215
8109502,35,216,12,263
8109503,28,162,21,211
8109504,25,231,25,281
8109505,58,262,24,344
8109506,27,186,15,228
8109507,33,254,16,303
8109508,32,321,21,374
8109509,33,230,29,292
8109601,59,252,7,318
8109602,39,253,15,307
8109603,70,380,12,462
8109604,23,301,13,337
8109605,27,217,18,262
8109701,49,305,35,389
8109702,45,276,14,335
8109703,50,295,13,358
8109704,28,194,16,238
8109705,18,197,16,231
8109706,33,207,13,253
8109707,29,263,13,305
8109801,24,277,9,310
8109802,20,229,9,258
8109803,0,0,0,0
8109804,33,173,4,210
8109805,58,390,26,474
8109806,19,260,12,291
8109807,40,279,34,353
8109808,53,305,6,364
8109809,46,364,15,425
8109901,78,483,22,583
8109902,44,390,39,473
8109903,30,221,12,263
8109904,28,293,10,331
8109905,44,295,19,358
8110001,46,328,21,395
8110002,45,249,6,300
8110003,26,261,9,296
8110004,41,400,15,456
8110005,68,352,17,437
8110006,38,271,25,334
8110007,29,175,4,208
8110008,57,419,29,505
8110009,40,304,17,361
8110010,59,301,11,371
8110011,27,144,9,180
8110012,45,295,21,361
8110101,22,183,0,205
8110102,30,279,7,316
8110103,77,430,18,525
8110104,28,238,21,287
8110105,26,263,15,304
8110106,21,275,23,319
8110107,44,313,21,378
8110108,68,332,26,426
8110201,0,0,0,0
8110202,52,399,80,531
8110203,51,275,10,336
8110204,23,224,15,262
8110205,27,187,0,214
8110206,23,149,9,181
8110207,42,503,18,563
8110208,40,267,30,337
8110209,33,190,3,226
8110301,38,271,14,323
8110302,35,222,29,286
8110303,32,215,18,265
8110304,47,282,0,329
8110305,24,175,3,202
8110306,43,386,28,457
8110307,32,276,45,353
8110308,26,137,18,181
8110401,90,467,24,581
8110402,34,199,19,252
8110403,38,312,17,367
8110404,54,294,7,355
8110405,65,386,18,469
8110406,0,0,0,0
8110501,0,0,0,0
8110502,48,384,18,450
8110503,19,268,15,302
8110504,24,215,14,253
8110505,46,258,7,311
8110506,45,355,19,419
8110507,44,425,85,554
8110601,37,298,17,352
8110602,61,289,22,372
8110603,44,308,32,384
8110604,13,184,33,230
8110605,22,363,44,429
8110606,61,318,12,391
8110607,52,306,14,372
8110701,47,232,12,291
8110702,67,342,18,427
8110801,0,6,0,6
8110802,22,163,6,191
8110803,69,361,30,460
8110804,51,317,25,393
8110805,33,295,18,346
8110806,38,237,10,285
8110807,47,358,15,420
8110901,17,176,13,206
8110902,64,476,17,557
8110903,0,0,0,0
8110904,0,0,0,0
8110905,15,150,7,172
8110906,25,302,22,349
8110907,18,236,19,273
8110908,24,274,22,320
8110909,0,6,0,6
8111001,39,321,24,384
8111002,44,323,17,384
8111003,28,183,12,223
8111004,49,263,16,328
8111005,35,201,11,247
8111006,27,201,12,240
8949999,60,449,64,573
8979991,0,0,0,0
9100101,0,0,708,708
9100102,3,12,3,18
9100103,9,205,45,259
9100104,15,426,50,491
9100105,15,274,42,331
9100201,20,263,40,323
9100202,6,89,4,99
9100203,0,0,0,0
9100301,9,110,16,135
9100302,17,109,9,135
9100303,3,4,0,7
9100304,0,0,0,0
9949999,3,18,0,21
9979993,0,3,0,3
