region_id,Persons_Total_Has_need_for_assistance,Persons_Total_Does_not_have_need_for_assistance,Persons_Total_Need_for_assistance_not_stated,Persons_Total_Total
1100101,0,0,514,514
1100102,26,550,31,607
1100103,0,21,0,21
1100104,0,18,0,18
1100105,15,235,12,262
1100106,7,211,21,239
1100107,15,213,8,236
1100108,3,220,9,232
1100109,13,295,23,331
1100110,28,478,19,525
1100111,27,532,12,571
1100112,17,419,7,443
1100113,17,421,13,451
1100114,27,333,6,366
1100115,21,432,27,480
1100116,27,400,16,443
1100117,13,248,6,267
1100118,15,296,13,324
1100119,15,257,10,282
1100120,24,385,6,415
1100121,16,203,6,225
1100122,12,299,7,318
1100123,28,278,10,316
1100124,34,381,36,451
1100125,22,356,9,387
1100126,8,260,10,278
1100127,24,380,12,416
1100128,27,218,12,257
1100129,22,408,10,440
1100130,29,233,21,283
1100131,18,278,9,305
1100132,37,553,18,608
1100133,18,312,9,339
1100134,15,338,4,357
1100135,19,370,12,401
1100136,25,473,24,522
1100137,16,207,15,238
1100138,35,341,36,412
1100139,14,190,12,216
1100140,24,244,9,277
1100141,117,450,24,591
1100142,13,250,12,275
1100143,18,352,21,391
1100144,12,207,6,225
1100145,28,268,16,312
1100146,28,375,19,422
1100147,47,466,34,547
1100148,66,262,36,364
1100149,13,355,15,383
1100150,15,266,3,284
1100151,112,157,21,290
1100152,10,205,17,232
1100153,34,472,25,531
1100154,31,520,14,565
1100155,13,259,34,306
1100156,19,345,4,368
1100157,26,484,28,538
1100158,25,283,6,314
1100159,0,94,0,94
1100160,0,12,3,15
1100161,43,307,12,362
1100201,29,547,26,602
1100202,29,301,22,352
1100203,13,286,8,307
1100204,11,261,6,278
1100205,36,510,43,589
1100206,17,406,24,447
1100207,19,471,4,494
1100208,18,292,15,325
1100209,7,192,10,209
1100210,18,271,6,295
1100211,7,161,18,186
1100212,18,344,18,380
1100213,16,254,9,279
1100214,10,227,23,260
1100215,12,238,20,270
1100216,14,454,6,474
1100217,4,304,24,332
1100218,19,279,13,311
1100219,14,314,25,353
1100220,23,262,38,323
1100221,9,251,13,273
1100222,8,472,15,495
1100223,21,363,40,424
1100224,17,227,10,254
1100225,3,286,24,313
1100226,10,550,17,577
1100227,12,387,9,408
1100228,6,326,18,350
1100229,9,207,3,219
1100230,31,238,15,284
1100231,73,368,31,472
1100232,7,188,16,211
1100233,12,243,10,265
1100301,29,536,33,598
1100302,0,130,3,133
1100303,12,220,15,247
1100304,19,475,25,519
1100305,12,407,15,434
1100306,13,366,9,388
1100307,182,453,57,692
1100308,0,285,15,300
1100309,17,442,17,476
1100310,19,394,31,444
1100311,18,511,52,581
1100312,23,540,38,601
1100313,21,388,12,421
1100314,19,453,22,494
1100401,6,167,15,188
1100402,21,271,3,295
1100403,3,96,9,108
1100404,19,785,42,846
1100405,6,284,13,303
1100406,6,228,19,253
1100407,6,414,20,440
1100408,6,320,7,333
1100409,0,144,3,147
1100410,7,345,28,380
1100411,5,252,28,285
1100412,9,272,30,311
1100413,10,222,5,237
1100414,0,218,6,224
1100415,9,391,12,412
1100416,12,374,18,404
1100417,0,255,14,269
1100418,0,0,0,0
1100419,13,123,21,157
1100420,4,375,35,414
1100421,3,204,16,223
1100422,7,293,3,303
1100423,6,146,3,155
1100424,18,266,0,284
1100425,30,455,19,504
1100426,6,320,6,332
1100427,4,214,6,224
1100428,4,347,9,360
1100429,6,252,21,279
1100430,0,225,3,228
1100431,17,513,47,577
1100432,9,296,12,317
1100433,16,274,18,308
1100434,12,280,4,296
1100501,7,157,7,171
1100502,29,370,21,420
1100503,18,443,12,473
1100504,34,518,16,568
1100505,34,504,43,581
1100506,25,383,35,443
1100507,16,225,42,283
1100508,12,209,10,231
1100509,30,386,20,436
1100510,30,323,28,381
1100511,24,212,8,244
1100512,28,427,38,493
1100513,12,316,19,347
1100514,15,360,17,392
1100515,5,394,49,448
1100516,9,238,34,281
1100517,15,470,30,515
1100518,9,208,9,226
1100519,15,238,18,271
1100520,8,368,9,385
1100521,24,219,13,256
1100522,3,226,12,241
1100523,12,162,17,191
1100524,18,268,22,308
1100525,24,314,31,369
1100526,9,211,0,220
1100527,15,424,3,442
1100528,129,29,6,164
1100529,7,230,12,249
1100530,18,234,12,264
1100601,67,486,17,570
1100602,20,334,23,377
1100603,15,262,15,292
1100604,28,432,21,481
1100605,24,283,18,325
1100606,21,276,21,318
1100607,6,229,10,245
1100608,31,337,10,378
1100609,33,336,24,393
1100610,23,203,34,260
1100611,17,259,28,304
1100612,21,367,28,416
1100613,16,457,19,492
1100614,21,236,12,269
1100615,13,152,0,165
1100616,15,359,9,383
1100617,6,385,12,403
1100618,6,214,0,220
1100619,25,390,22,437
1100620,40,276,24,340
1100621,12,294,16,322
1100701,13,213,21,247
1100702,10,303,25,338
1100703,14,350,11,375
1100704,28,403,25,456
1100705,12,300,16,328
1100706,7,204,8,219
1100707,16,259,16,291
1100708,9,379,32,420
1100709,6,264,36,306
1100710,13,321,33,367
1100801,13,338,11,362
1100802,20,556,15,591
1100803,20,331,31,382
1100804,21,394,28,443
1100805,26,230,28,284
1100806,20,360,10,390
1100807,21,413,31,465
1100808,19,476,33,528
1100809,0,0,0,0
1100810,6,257,12,275
1100811,17,308,7,332
1100812,0,237,3,240
1100813,3,429,9,441
1100814,11,456,19,486
1100815,21,437,31,489
1100816,25,390,34,449
1100817,8,312,9,329
1100818,14,316,15,345
1100819,10,441,25,476
1100820,7,287,6,300
1100821,10,445,29,484
1100822,3,221,27,251
1100823,9,234,12,255
1100901,12,204,15,231
1100902,10,322,4,336
1100903,30,676,38,744
1100904,15,315,35,365
1100905,23,369,16,408
1100906,34,594,61,689
1100907,10,354,42,406
1100908,9,443,69,521
1100909,12,464,62,538
1100910,9,381,28,418
1100911,31,335,48,414
1100912,26,248,10,284
1100913,22,616,15,653
1100914,27,392,11,430
1100915,30,645,44,719
1100916,25,415,24,464
1100917,17,213,21,251
1100918,57,447,32,536
1100919,15,380,34,429
1100920,117,265,16,398
1100921,12,309,25,346
1100922,84,522,30,636
1101001,0,117,7,124
1101002,4,357,18,379
1101003,6,305,25,336
1101004,3,275,12,290
1101005,14,650,41,705
1101006,15,410,43,468
1101007,6,253,9,268
1101008,20,424,29,473
1101009,19,327,27,373
1101010,12,308,24,344
1101011,0,31,6,37
1101012,0,88,3,91
1101013,0,0,0,0
1101014,4,154,9,167
1101015,16,504,70,590
1101101,15,335,18,368
1101102,0,228,18,246
1101103,3,234,9,246
1101104,15,458,75,548
1101105,6,451,56,513
1101106,0,326,24,350
1101107,21,286,37,344
1101108,18,393,26,437
1101109,9,278,16,303
1101110,12,319,12,343
1101111,6,374,34,414
1101112,0,170,11,181
1101113,10,98,5,113
1101114,3,279,24,306
1101115,0,255,24,279
1101116,0,265,42,307
1101117,6,253,16,275
1101118,13,329,9,351
1101119,4,255,34,293
1101120,5,511,8,524
1101121,10,294,6,310
1101122,3,267,12,282
1101123,0,220,15,235
1101124,15,820,37,872
1101125,17,469,17,503
1101126,12,442,19,473
1101127,0,316,11,327
1101128,6,234,24,264
1101129,7,347,16,370
1101130,7,519,43,569
1101131,0,203,8,211
1101132,4,290,9,303
1101133,6,316,6,328
1101134,12,272,15,299
1101135,15,244,9,268
1101136,6,297,0,303
1101137,3,289,12,304
1101138,12,518,7,537
1101139,6,206,0,212
1101140,3,360,6,369
1101201,3,197,12,212
1101202,3,236,0,239
1101203,6,561,18,585
1101204,3,319,15,337
1101205,3,332,0,335
1101206,3,355,6,364
1101207,12,217,9,238
1101208,10,431,9,450
1101209,16,669,30,715
1101210,9,446,21,476
1101211,6,610,0,616
1101212,0,323,15,338
1101213,21,490,17,528
1101214,10,523,11,544
1101215,9,436,12,457
1101216,6,329,12,347
1101217,0,15,6,21
1101218,21,471,9,501
1101219,18,518,50,586
1101220,21,419,15,455
1101221,6,295,3,304
1101222,6,492,9,507
1101223,5,528,13,546
1101224,6,531,22,559
1101225,0,0,0,0
1101226,0,0,0,0
1101227,6,408,9,423
1101228,18,386,18,422
1101229,15,389,35,439
1101230,18,220,12,250
1101231,6,302,3,311
1101232,12,469,10,491
1101301,20,243,6,269
1101302,56,397,27,480
1101303,13,239,15,267
1101304,10,449,4,463
1101305,9,195,12,216
1101306,7,174,0,181
1101307,18,277,7,302
1101308,15,217,9,241
1101401,52,286,16,354
1101402,21,324,27,372
1101403,39,336,28,403
1101404,36,391,30,457
1101405,25,382,38,445
1101406,26,446,15,487
1101407,16,377,8,401
1101408,16,197,3,216
1101409,70,339,6,415
1101410,28,366,24,418
1101411,22,325,135,482
1101412,24,452,15,491
1101413,15,321,19,355
1101414,7,187,11,205
1101415,14,316,9,339
1101416,18,434,4,456
1101417,0,10,0,10
1101418,9,338,26,373
1101501,0,0,0,0
1101502,0,15,0,15
1101503,19,205,3,227
1101504,12,175,12,199
1101505,0,107,0,107
1101506,10,339,12,361
1101507,12,214,3,229
1101508,10,326,38,374
1101509,24,467,9,500
1101510,11,337,31,379
1101511,18,209,0,227
1101512,0,194,9,203
1101513,21,314,20,355
1101601,3,115,31,149
1101602,26,393,22,441
1101603,5,279,6,290
1101604,9,159,6,174
1101605,6,192,13,211
1101606,4,363,20,387
1101607,12,193,7,212
1101608,4,262,6,272
1101609,0,192,75,267
1101610,12,608,40,660
1101611,0,230,241,471
1101612,0,121,13,134
1101613,6,226,0,232
1101614,9,273,14,296
1101615,6,325,27,358
1101616,6,366,72,444
1101617,9,296,110,415
1101618,12,403,136,551
1101619,15,437,15,467
1101620,3,158,56,217
1101701,85,447,27,559
1101702,12,217,11,240
1101703,30,359,18,407
1101704,32,291,38,361
1101705,27,175,31,233
1101706,54,329,49,432
1101707,0,3,0,3
1101708,19,355,21,395
1101709,20,554,31,605
1101710,14,315,45,374
1101711,12,266,12,290
1101712,26,462,16,504
1101713,21,369,35,425
1101714,0,0,0,0
1101715,0,0,0,0
1101716,41,393,39,473
1101717,20,228,5,253
1101718,28,336,39,403
1101719,28,318,25,371
1101720,19,220,15,254
1101721,33,350,34,417
1101722,30,468,12,510
1101801,0,299,22,321
1101802,18,260,13,291
1101803,11,346,9,366
1101804,9,170,10,189
1101805,9,226,0,235
1101806,24,397,41,462
1101807,26,366,129,521
1101808,33,487,117,637
1101809,75,155,15,245
1101810,27,270,6,303
1101811,20,297,10,327
1101812,27,371,20,418
1101813,9,225,0,234
1101814,13,234,12,259
1101815,9,246,17,272
1101816,17,332,22,371
1101817,24,484,29,537
1101818,33,442,13,488
1101819,28,305,15,348
1101820,23,229,35,287
1101821,19,191,9,219
1101822,95,320,24,439
1101823,36,353,67,456
1101824,0,0,0,0
1101901,45,372,53,470
1101902,76,354,25,455
1101903,28,222,17,267
1101904,24,424,38,486
1101905,39,361,36,436
1101906,15,384,27,426
1101907,18,310,33,361
1101908,21,311,9,341
1101909,23,276,15,314
1101910,4,141,3,148
1101911,15,385,39,439
1101912,15,343,23,381
1101913,20,398,15,433
1101914,38,588,16,642
1101915,6,190,9,205
1101916,16,440,11,467
1101917,23,554,30,607
1101918,9,227,10,246
1101919,3,196,7,206
1101920,5,272,6,283
1101921,3,168,3,174
1101922,22,235,9,266
1102001,12,318,0,330
1102002,14,471,23,508
1102003,26,313,32,371
1102004,19,297,34,350
1102005,15,216,9,240
1102006,28,305,39,372
1102007,13,291,9,313
1102008,9,350,6,365
1102009,0,0,0,0
1102010,0,3,0,3
1102011,12,295,11,318
1102012,0,0,0,0
1102013,9,141,10,160
1102014,15,177,9,201
1102015,18,138,7,163
1102016,21,255,24,300
1102017,7,261,7,275
1102018,27,371,17,415
1102019,15,356,13,384
1102020,26,465,15,506
1102021,0,0,0,0
1102022,14,283,8,305
1102023,6,264,0,270
1102024,18,234,24,276
1102025,19,385,10,414
1102026,15,154,9,178
1102027,12,207,9,228
1102028,15,383,7,405
1102029,17,215,28,260
1102030,35,386,21,442
1102031,0,160,4,164
1102032,12,203,51,266
1102101,18,301,28,347
1102102,12,170,27,209
1102103,8,412,21,441
1102104,54,366,19,439
1102105,18,275,11,304
1102106,39,474,68,581
1102107,15,475,19,509
1102201,3,52,0,55
1102301,21,342,10,373
1102302,10,392,6,408
1102303,12,255,9,276
1102304,3,154,3,160
1102305,45,424,23,492
1102306,73,233,6,312
1102307,18,274,15,307
1102308,49,482,27,558
1102309,13,289,10,312
1102310,0,5,4,9
1102401,5,222,57,284
1102402,21,263,28,312
1102403,17,232,12,261
1102404,18,324,10,352
1102405,12,220,3,235
1102406,8,211,5,224
1102407,12,215,12,239
1102408,13,253,30,296
1102409,15,244,12,271
1102410,15,198,7,220
1102411,15,227,12,254
1102412,6,260,6,272
1102501,0,0,0,0
1102502,9,254,18,281
1102503,59,203,9,271
1102504,15,240,30,285
1102505,17,178,27,222
1102506,18,278,15,311
1102507,12,234,15,261
1102508,18,504,18,540
1102509,0,122,3,125
1102510,13,261,3,277
1102511,22,369,7,398
1102512,32,465,13,510
1102513,16,390,12,418
1102514,19,197,3,219
1102515,61,309,12,382
1102516,10,245,12,267
1102517,9,307,6,322
1102518,13,366,12,391
1102519,60,194,16,270
1102520,14,498,25,537
1102521,9,224,12,245
1102522,11,316,14,341
1102523,6,146,6,158
1102524,8,276,6,290
1102525,20,358,4,382
1102526,7,319,4,330
1102527,16,366,62,444
1102528,35,543,33,611
1102529,15,319,16,350
1102530,21,292,31,344
1102601,31,435,6,472
1102602,26,485,12,523
1102603,15,313,9,337
1102604,23,295,18,336
1102605,28,441,17,486
1102606,5,267,11,283
1102607,20,400,16,436
1102608,35,307,12,354
1102609,36,346,15,397
1102610,16,231,15,262
1102611,6,227,9,242
1102612,7,207,3,217
1102613,14,214,0,228
1102614,33,489,34,556
1102615,19,336,11,366
1102616,9,165,18,192
1102617,12,207,6,225
1102618,8,262,5,275
1102619,22,310,11,343
1102620,29,232,12,273
1102621,22,263,32,317
1102622,9,217,6,232
1102623,25,238,15,278
1102701,20,203,3,226
1102702,29,279,33,341
1102703,3,152,4,159
1102704,16,213,14,243
1102705,27,369,36,432
1102706,115,414,16,545
1102707,43,447,32,522
1102708,114,210,11,335
1102709,28,473,27,528
1102710,15,175,6,196
1102711,0,0,0,0
1102712,22,346,24,392
1102713,21,386,17,424
1102714,0,0,0,0
1102715,0,24,0,24
1102716,0,0,0,0
1102717,4,228,18,250
1102718,22,280,22,324
1102719,30,341,25,396
1102720,19,257,0,276
1102721,35,464,28,527
1102722,11,121,0,132
1102723,6,227,11,244
1102724,21,343,12,376
1102725,28,296,14,338
1102726,9,190,4,203
1102727,23,329,20,372
1102728,29,229,15,273
1102729,52,467,32,551
1102801,0,0,0,0
1102802,15,528,26,569
1102803,15,497,39,551
1102804,6,218,4,228
1102805,4,302,15,321
1102806,17,461,27,505
1102807,12,343,24,379
1102808,9,383,3,395
1102809,18,573,9,600
1102810,14,432,42,488
1102811,12,401,21,434
1102812,3,359,15,377
1102813,12,335,37,384
1102814,9,379,21,409
1102815,15,298,6,319
1102816,9,263,13,285
1102817,15,330,26,371
1102818,9,377,15,401
1102901,0,276,9,285
1102902,0,254,10,264
1102903,15,371,25,411
1102904,30,450,0,480
1102905,18,356,11,385
1102906,3,174,18,195
1102907,8,266,14,288
1102908,24,349,18,391
1102909,26,322,7,355
1102910,15,468,23,506
1102911,15,412,28,455
1102912,6,416,42,464
1102913,6,270,40,316
1102914,11,275,18,304
1102915,9,485,24,518
1102916,9,345,6,360
1102917,12,224,9,245
1102918,12,363,21,396
1102919,21,255,9,285
1102920,0,9,0,9
1102921,0,0,0,0
1102922,12,475,8,495
1102923,8,379,17,404
1102924,4,489,24,517
1102925,22,449,27,498
1102926,12,268,21,301
1102927,24,481,27,532
1102928,63,590,27,680
1103001,21,390,13,424
1103002,21,505,32,558
1103003,9,195,18,222
1103004,12,296,21,329
1103005,9,254,24,287
1103006,12,312,19,343
1103007,4,343,28,375
1103008,4,178,21,203
1103009,14,342,27,383
1103010,12,330,18,360
1103011,26,420,71,517
1103012,15,397,13,425
1103101,6,304,3,313
1103102,117,192,6,315
1103103,42,275,11,328
1103104,49,347,18,414
1103105,29,477,14,520
1103106,18,212,9,239
1103107,0,17,0,17
1103108,6,236,6,248
1103109,6,244,3,253
1103110,24,423,9,456
1103111,12,304,14,330
1103112,6,154,3,163
1103113,9,447,21,477
1103114,9,427,21,457
1103115,16,493,22,531
1103116,22,428,22,472
1103117,13,324,4,341
1103118,12,317,12,341
1103119,17,394,11,422
1103120,12,367,15,394
1103121,14,236,6,256
1103122,12,376,6,394
1103123,36,343,27,406
1103124,24,288,9,321
1103125,9,221,9,239
1103126,53,300,16,369
1103127,9,300,7,316
1103128,237,144,18,399
1103129,20,522,23,565
1103130,10,297,0,307
1103131,112,463,29,604
1103132,0,16,0,16
1103133,10,359,6,375
1103134,29,380,20,429
1103135,14,377,30,421
1103136,19,357,20,396
1103137,170,80,18,268
1103138,18,452,28,498
1103201,13,365,0,378
1103202,38,388,47,473
1103203,10,696,37,743
1103204,21,403,62,486
1103205,19,206,24,249
1103206,0,33,18,51
1103207,3,195,25,223
1103208,23,398,25,446
1103209,7,753,22,782
1103210,3,157,27,187
1103211,8,520,19,547
1103212,27,415,41,483
1103213,0,5,0,5
1103214,21,597,20,638
1103215,14,157,17,188
1103216,7,269,25,301
1103217,4,158,30,192
1103218,12,508,49,569
1103219,6,321,18,345
1103220,8,305,24,337
1103221,15,250,39,304
1103222,24,571,42,637
1103223,0,0,0,0
1103224,5,430,33,468
1103225,6,223,15,244
1103226,9,200,35,244
1103227,45,451,50,546
1103228,60,552,64,676
1103229,20,286,14,320
1103230,33,392,31,456
1103231,6,432,20,458
1103232,30,383,41,454
1103233,14,289,6,309
1103234,34,659,21,714
1103235,19,295,19,333
1103236,46,346,104,496
1103237,15,270,51,336
1103238,9,292,6,307
1103239,29,541,48,618
1103240,51,281,16,348
1103241,9,343,41,393
1103242,21,452,77,550
1103243,18,473,30,521
1103244,104,522,83,709
1103301,4,226,7,237
1103302,12,458,17,487
1103303,16,365,6,387
1103304,9,359,13,381
1103305,4,305,9,318
1103306,3,270,5,278
1103307,9,192,6,207
1103308,13,420,7,440
1103309,0,71,6,77
1103310,9,305,21,335
1103311,15,367,41,423
1103312,6,321,10,337
1103313,10,295,12,317
1103314,8,319,6,333
1103315,25,726,30,781
1103316,0,0,0,0
1103317,24,470,8,502
1103318,9,186,15,210
1103319,24,370,9,403
1103320,0,4,0,4
1103401,17,385,6,408
1103402,21,323,27,371
1103403,31,524,33,588
1103404,7,266,5,278
1103405,18,372,9,399
1103406,9,147,0,156
1103407,13,238,22,273
1103408,12,306,12,330
1103409,9,293,6,308
1103410,13,379,11,403
1103411,22,458,3,483
1103412,21,466,16,503
1103413,15,369,0,384
1103414,35,337,12,384
1103415,27,113,8,148
1103416,40,394,15,449
1103417,30,333,7,370
1103418,162,322,63,547
1103419,12,315,4,331
1103501,27,568,9,604
1103502,19,302,26,347
1103503,17,458,11,486
1103504,30,397,13,440
1103505,12,399,12,423
1103506,15,489,11,515
1103507,18,284,12,314
1103508,7,405,7,419
1103509,15,355,6,376
1103510,11,433,10,454
1103511,11,434,23,468
1103512,10,310,18,338
1103513,9,319,6,334
1103514,22,364,14,400
1103515,21,248,39,308
1103516,18,218,9,245
1103517,0,31,0,31
1103601,6,235,6,247
1103602,0,234,10,244
1103603,14,503,19,536
1103604,6,285,6,297
1103605,6,359,27,392
1103606,4,260,12,276
1103607,3,183,10,196
1103608,9,324,7,340
1103609,9,300,19,328
1103610,38,557,10,605
1103611,15,308,12,335
1103612,15,150,11,176
1103613,22,356,17,395
1103614,16,506,26,548
1103615,9,245,3,257
1103616,6,294,15,315
1103617,15,323,23,361
1103618,6,245,12,263
1103619,10,468,12,490
1103620,27,465,13,505
1103621,17,563,37,617
1103622,16,300,0,316
1103701,39,604,26,669
1103702,13,467,44,524
1103703,20,600,68,688
1103704,6,225,10,241
1103705,14,435,10,459
1103706,19,337,9,365
1103707,15,438,27,480
1103708,9,202,12,223
1103709,15,535,22,572
1103710,15,325,55,395
1103711,17,286,0,303
1103712,9,245,37,291
1103713,149,427,26,602
1103714,21,388,91,500
1103801,9,401,12,422
1103802,21,461,15,497
1103803,18,314,21,353
1103804,15,447,31,493
1103805,19,247,10,276
1103806,16,241,4,261
1103807,11,388,12,411
1103808,31,220,14,265
1103809,21,487,22,530
1103810,6,299,6,311
1103811,14,432,22,468
1103812,17,312,7,336
1103813,23,483,4,510
1103814,20,444,12,476
1103815,16,296,9,321
1103816,15,359,6,380
1103817,18,307,16,341
1103901,4,555,46,605
1103902,14,352,12,378
1103903,10,224,25,259
1103904,14,487,24,525
1103905,9,428,12,449
1103906,27,426,18,471
1103907,11,512,20,543
1103908,6,371,14,391
1103909,10,519,20,549
1103910,10,638,55,703
1103911,25,500,24,549
1103912,17,502,22,541
1103913,20,551,18,589
1103914,7,306,9,322
1103915,10,391,14,415
1103916,21,445,18,484
1103917,6,338,17,361
1103918,18,455,38,511
1103919,26,344,24,394
1103920,10,459,44,513
1103921,10,462,171,643
1103922,6,517,20,543
1103923,12,239,13,264
1103924,26,152,10,188
1103925,9,392,24,425
1103926,13,443,46,502
1103927,3,425,24,452
1104001,19,309,9,337
1104002,23,238,24,285
1104003,12,303,12,327
1104004,18,416,15,449
1104005,15,298,8,321
1104006,40,430,23,493
1104007,20,273,15,308
1104008,0,0,0,0
1104009,35,405,31,471
1104010,24,245,14,283
1104011,24,295,19,338
1104012,13,259,15,287
1104013,24,476,15,515
1104014,26,244,295,565
1104015,12,169,21,202
1104016,18,434,61,513
1104017,52,517,30,599
1104018,28,407,17,452
1104019,17,382,18,417
1104020,33,352,25,410
1104021,16,350,31,397
1104022,17,216,9,242
1104023,9,257,21,287
1104024,33,447,40,520
1104025,16,250,18,284
1104026,32,488,67,587
1104027,33,232,4,269
1104028,12,356,3,371
1104029,31,351,9,391
1104030,8,295,30,333
1104031,19,297,34,350
1104032,20,171,23,214
1104033,21,336,9,366
1104034,30,456,10,496
1104035,14,275,15,304
1104036,13,313,6,332
1104037,24,246,15,285
1104038,15,295,10,320
1104039,42,543,27,612
1104040,15,328,31,374
1104041,13,256,18,287
1104042,20,309,25,354
1104043,37,456,36,529
1104044,15,267,21,303
1104045,21,396,44,461
1104046,32,396,24,452
1104047,24,406,15,445
1104048,27,434,12,473
1104049,24,382,31,437
1104050,21,320,24,365
1104051,21,389,30,440
1104052,15,344,18,377
1104053,30,454,25,509
1104054,5,302,32,339
1104055,18,508,17,543
1104056,16,366,9,391
1104057,24,543,32,599
1104058,9,318,12,339
1104101,21,406,24,451
1104102,23,583,14,620
1104103,6,365,15,386
1104104,16,396,22,434
1104105,6,331,21,358
1104106,15,352,29,396
1104107,9,207,7,223
1104108,0,0,0,0
1104109,14,337,37,388
1104110,21,438,15,474
1104111,0,232,11,243
1104112,12,398,24,434
1104113,12,331,0,343
1104114,18,530,40,588
1104115,6,300,18,324
1104116,4,401,0,405
1104117,4,234,4,242
1104118,0,0,0,0
1104119,5,398,27,430
1104120,9,393,18,420
1104121,20,347,0,367
1104122,15,260,16,291
1104123,9,365,21,395
1104124,15,391,17,423
1104125,6,425,33,464
1104201,42,404,27,473
1104202,37,450,21,508
1104203,15,269,12,296
1104204,40,331,34,405
1104205,42,394,49,485
1104206,0,0,0,0
1104207,14,484,31,529
1104208,36,411,37,484
1104209,25,198,20,243
1104210,12,388,42,442
1104211,11,358,55,424
1104212,0,7,3,10
1104213,46,519,28,593
1104214,21,466,24,511
1104215,22,318,21,361
1104216,16,302,21,339
1104217,35,363,33,431
1104218,21,402,9,432
1104219,26,302,35,363
1104220,37,417,44,498
1104221,39,407,49,495
1104222,27,344,34,405
1104223,109,209,25,343
1104224,22,439,24,485
1104225,24,439,21,484
1104226,15,404,8,427
1104227,15,308,12,335
1104228,25,406,3,434
1104229,17,259,25,301
1104230,28,365,14,407
1104231,142,402,18,562
1104232,31,287,15,333
1104233,34,370,19,423
1104301,7,126,9,142
1104302,17,341,3,361
1104303,33,463,12,508
1104304,13,348,16,377
1104305,9,344,14,367
1104306,0,7,0,7
1104307,6,269,9,284
1104308,16,237,3,256
1104309,12,341,25,378
1104310,0,183,5,188
1104311,21,410,16,447
1104312,209,567,36,812
1104313,42,296,67,405
1104314,87,104,4,195
1104315,16,351,27,394
1104316,18,303,7,328
1104317,31,329,24,384
1104318,18,284,19,321
1104319,9,396,18,423
1104320,20,388,20,428
1104321,60,269,6,335
1104322,11,287,9,307
1104323,24,408,31,463
1104324,27,499,9,535
1104325,132,289,15,436
1104326,21,568,15,604
1104327,4,370,7,381
1104328,6,250,12,268
1104329,13,258,12,283
1104330,18,523,36,577
1104401,13,302,8,323
1104402,15,344,15,374
1104403,17,220,3,240
1104404,34,580,17,631
1104405,3,271,6,280
1104406,15,270,0,285
1104407,25,397,18,440
1104408,18,266,15,299
1104409,18,321,8,347
1104410,90,122,9,221
1104411,111,191,8,310
1104412,23,503,19,545
1104413,0,0,0,0
1104414,15,448,6,469
1104415,21,387,3,411
1104416,44,608,14,666
1104417,26,458,41,525
1104418,0,0,0,0
1104419,15,438,13,466
1104420,109,177,8,294
1104421,35,224,21,280
1104422,12,432,9,453
1104423,22,434,21,477
1104424,36,255,4,295
1104425,12,199,6,217
1104426,14,346,10,370
1104427,12,215,27,254
1104428,13,350,8,371
1104429,18,469,15,502
1104430,20,252,15,287
1104431,6,282,12,300
1104432,3,236,30,269
1104433,15,302,27,344
1104434,41,549,31,621
1104435,9,302,6,317
1104436,27,427,6,460
1104437,3,268,15,286
1104438,9,367,14,390
1104439,15,356,13,384
1104440,184,157,16,357
1104441,17,329,9,355
1104442,15,363,10,388
1104443,9,203,22,234
1104444,32,299,7,338
1104445,43,356,24,423
1104446,72,503,37,612
1104447,58,394,49,501
1104448,16,326,18,360
1104449,25,299,18,342
1104450,9,369,6,384
1104451,15,377,21,413
1104452,6,197,3,206
1104453,17,332,12,361
1104454,9,184,6,199
1104455,44,381,9,434
1104456,9,373,19,401
1104457,4,329,9,342
1104458,12,319,21,352
1104459,10,349,13,372
1104501,28,397,11,436
1104502,22,301,18,341
1104503,0,280,4,284
1104504,24,517,20,561
1104505,36,476,41,553
1104506,38,524,36,598
1104507,37,481,24,542
1104508,16,336,15,367
1104509,18,351,30,399
1104510,40,562,20,622
1104511,37,524,45,606
1104512,33,364,28,425
1104513,35,606,35,676
1104514,9,444,21,474
1104515,10,313,9,332
1104516,33,532,22,587
1104517,12,258,13,283
1104518,35,568,34,637
1104519,17,275,12,304
1104520,0,3,0,3
1104521,36,382,26,444
1104522,16,361,8,385
1104523,24,256,18,298
1104524,33,541,40,614
1104601,16,360,23,399
1104602,15,249,8,272
1104603,35,404,12,451
1104604,34,378,27,439
1104605,18,213,12,243
1104606,32,344,6,382
1104607,30,424,24,478
1104608,19,463,17,499
1104609,46,395,19,460
1104610,26,227,0,253
1104611,33,232,15,280
1104612,16,261,13,290
1104613,0,0,0,0
1104614,23,271,3,297
1104615,21,237,9,267
1104616,31,398,30,459
1104617,25,381,20,426
1104618,26,463,18,507
1104619,34,415,26,475
1104620,34,346,19,399
1104621,24,264,0,288
1104622,19,261,6,286
1104623,3,9,0,12
1104624,30,427,20,477
1104625,74,539,26,639
1104701,15,476,12,503
1104702,6,230,6,242
1104703,12,193,6,211
1104704,29,552,32,613
1104705,24,463,6,493
1104706,10,408,9,427
1104707,32,468,24,524
1104708,19,573,6,598
1104709,14,449,19,482
1104710,147,114,16,277
1104711,39,420,26,485
1104712,24,431,30,485
1104713,51,597,23,671
1104714,3,192,7,202
1104715,18,410,21,449
1104716,15,421,12,448
1104717,9,326,15,350
1104718,11,364,21,396
1104719,19,610,16,645
1104720,10,240,16,266
1104721,24,451,17,492
1104722,24,468,33,525
1104723,12,267,27,306
1104724,3,291,60,354
1104725,4,266,11,281
1104726,9,324,8,341
1104727,18,330,9,357
1104728,25,552,13,590
1104729,17,505,22,544
1104730,3,312,9,324
1104731,27,537,8,572
1104732,28,385,27,440
1104733,9,166,9,184
1104734,15,247,5,267
1104735,19,469,12,500
1104736,14,475,19,508
1104737,3,15,0,18
1104801,9,263,20,292
1104802,26,342,30,398
1104803,23,481,21,525
1104804,21,289,24,334
1104805,24,330,22,376
1104806,9,255,8,272
1104807,27,486,27,540
1104808,13,249,27,289
1104809,40,335,22,397
1104810,44,501,25,570
1104811,31,511,40,582
1104812,42,462,31,535
1104813,34,477,35,546
1104814,63,552,44,659
1104815,43,290,22,355
1104816,18,303,6,327
1104817,25,412,12,449
1104818,28,490,46,564
1104819,33,439,24,496
1104820,11,219,16,246
1104821,135,369,38,542
1104822,15,507,37,559
1104823,18,276,9,303
1104824,33,547,41,621
1104825,16,399,32,447
1104826,29,348,20,397
1104827,38,471,6,515
1104828,34,458,21,513
1104829,47,379,36,462
1104830,62,413,19,494
1104831,18,366,3,387
1104832,29,456,9,494
1104833,26,420,30,476
1104834,27,273,21,321
1104835,27,251,12,290
1104836,32,476,18,526
1104837,31,486,32,549
1104838,10,294,12,316
1104839,303,487,28,818
1104840,24,301,15,340
1104841,21,310,15,346
1104842,22,313,15,350
1104843,36,322,19,377
1104844,12,264,14,290
1104845,52,360,30,442
1104846,55,430,26,511
1104847,11,240,16,267
1104901,4,402,26,432
1104902,9,287,26,322
1104903,18,336,34,388
1104904,15,308,24,347
1104905,8,428,30,466
1104906,6,239,23,268
1104907,6,179,18,203
1104908,7,177,6,190
1104909,0,0,0,0
1104910,15,345,27,387
1105001,22,552,33,607
1105002,23,299,19,341
1105003,15,438,27,480
1105004,3,297,0,300
1105005,12,374,11,397
1105006,13,350,24,387
1105007,19,363,10,392
1105008,51,568,21,640
1105009,24,395,10,429
1105010,11,287,3,301
1105011,33,356,42,431
1105012,14,320,17,351
1105013,16,350,20,386
1105014,0,0,0,0
1105015,18,245,18,281
1105016,0,3,0,3
1105017,43,326,34,403
1105018,21,297,3,321
1105019,6,382,18,406
1105020,51,264,6,321
1105021,58,320,15,393
1105022,25,404,0,429
1105023,82,718,21,821
1105024,29,327,18,374
1105025,28,297,21,346
1105026,25,464,25,514
1105101,15,498,17,530
1105102,22,324,8,354
1105103,8,228,11,247
1105104,6,171,0,177
1105105,0,0,0,0
1105106,18,404,27,449
1105107,0,70,27,97
1105108,18,415,21,454
1105109,7,273,3,283
1105110,4,322,33,359
1105111,9,277,0,286
1105112,3,295,7,305
1105113,21,326,6,353
1105114,18,325,9,352
1105115,12,240,21,273
1105116,9,261,9,279
1105201,34,470,31,535
1105202,25,453,21,499
1105203,28,296,19,343
1105204,33,387,16,436
1105205,29,472,17,518
1105206,18,358,9,385
1105207,33,397,6,436
1105208,19,334,10,363
1105209,23,313,14,350
1105210,21,294,3,318
1105211,0,0,0,0
1105212,0,6,0,6
1105213,9,229,9,247
1105214,15,245,0,260
1105215,24,251,12,287
1105216,23,384,12,419
1105301,27,407,32,466
1105302,21,293,21,335
1105303,20,417,11,448
1105304,23,301,13,337
1105305,63,454,18,535
1105306,18,383,45,446
1105307,53,477,24,554
1105308,18,246,21,285
1105309,15,285,18,318
1105310,29,299,18,346
1105311,9,256,19,284
1105312,6,241,15,262
1105313,17,213,12,242
1105314,26,378,15,419
1105315,21,525,60,606
1105316,30,488,32,550
1105317,17,254,10,281
1105318,15,233,21,269
1105319,9,177,9,195
1105320,18,267,23,308
1105321,24,545,48,617
1105322,3,81,4,88
1105323,3,17,5,25
1105324,23,399,13,435
1105325,27,318,16,361
1105326,17,349,44,410
1105327,21,262,48,331
1105328,19,455,51,525
1105329,22,382,127,531
1105330,27,362,71,460
1105331,32,275,34,341
1105332,25,336,24,385
1105333,20,248,47,315
1105334,44,496,58,598
1105335,29,311,46,386
1105336,9,224,6,239
1105337,22,410,21,453
1105401,35,410,15,460
1105402,28,251,39,318
1105403,23,310,21,354
1105404,53,364,41,458
1105405,25,226,7,258
1105406,57,402,5,464
1105407,60,485,16,561
1105408,32,611,40,683
1105409,25,269,24,318
1105410,12,327,12,351
1105411,24,330,16,370
1105412,22,342,12,376
1105413,16,295,5,316
1105414,50,319,24,393
1105415,0,6,0,6
1105416,0,0,0,0
1105417,27,239,31,297
1105418,52,458,63,573
1105419,103,424,27,554
1105420,31,377,25,433
1105421,21,352,19,392
1105422,80,291,19,390
1105423,18,381,22,421
1105424,10,251,5,266
1105501,21,282,13,316
1105502,18,572,18,608
1105503,24,342,30,396
1105504,0,21,0,21
1105505,5,335,26,366
1105506,26,420,32,478
1105507,24,485,32,541
1105508,11,341,27,379
1105509,0,380,19,399
1105510,4,240,19,263
1105511,12,501,12,525
1105512,12,212,6,230
1105513,12,261,16,289
1105514,12,209,6,227
1105601,84,510,32,626
1105602,22,597,85,704
1105603,25,576,16,617
1105604,6,213,24,243
1105605,21,570,21,612
1105606,18,279,10,307
1105607,24,483,18,525
1105608,20,458,42,520
1105609,18,219,15,252
1105610,94,619,26,739
1105611,75,715,38,828
1105612,25,400,7,432
1105613,23,513,12,548
1105614,20,415,24,459
1105615,28,494,21,543
1105616,0,3,0,3
1105617,6,239,19,264
1105618,39,584,82,705
1105619,31,817,27,875
1105620,15,279,12,306
1105621,0,0,0,0
1105622,12,384,9,405
1105623,15,374,15,404
1105624,15,364,40,419
1105625,60,195,22,277
1105626,33,371,21,425
1105627,34,443,0,477
1105701,30,472,44,546
1105702,24,465,15,504
1105703,25,460,58,543
1105704,29,419,22,470
1105705,0,18,6,24
1105706,22,339,14,375
1105707,28,541,23,592
1105708,12,273,12,297
1105709,15,396,37,448
1105710,70,555,55,680
1105711,28,311,18,357
1105712,22,296,26,344
1105713,19,216,17,252
1105714,13,258,13,284
1105715,30,272,24,326
1105716,34,418,33,485
1105717,31,509,27,567
1105718,33,312,35,380
1105719,31,363,30,424
1105720,7,238,11,256
1105801,6,395,19,420
1105802,9,307,3,319
1105803,15,486,4,505
1105804,18,403,7,428
1105805,12,224,54,290
1105806,6,404,3,413
1105807,10,213,14,237
1105808,21,216,16,253
1105809,9,186,9,204
1105810,15,648,9,672
1105811,12,364,12,388
1105812,10,595,15,620
1105813,3,433,21,457
1105814,3,396,15,414
1105815,12,374,15,401
1105816,9,282,15,306
1105817,25,473,52,550
1105818,31,498,32,561
1105819,12,365,13,390
1105820,13,260,31,304
1105821,21,311,24,356
1105822,18,302,65,385
1105823,36,481,43,560
1105824,24,425,71,520
1105825,22,351,25,398
1105826,16,540,17,573
1105827,66,274,25,365
1105828,13,295,25,333
1105829,20,408,40,468
1105830,24,258,22,304
1105831,6,214,8,228
1105832,72,333,24,429
1105833,10,204,18,232
1105834,18,388,7,413
1105835,8,343,18,369
1105836,27,276,18,321
1105837,12,263,19,294
1105838,28,373,19,420
1105839,14,585,15,614
1105840,21,472,0,493
1105841,0,449,13,462
1105842,6,328,3,337
1105843,33,399,41,473
1105844,18,397,11,426
1105845,19,490,38,547
1105846,30,503,19,552
1105847,24,500,38,562
1105848,12,450,39,501
1105849,0,0,470,470
1105850,9,282,0,291
1105851,20,374,55,449
1105852,0,0,0,0
1105853,21,282,33,336
1105854,14,365,12,391
1105855,15,339,9,363
1105856,15,250,34,299
1105857,24,248,27,299
1105901,19,318,31,368
1105902,16,287,21,324
1105903,15,252,6,273
1105904,0,0,0,0
1105905,31,421,76,528
1105906,27,290,30,347
1105907,20,260,37,317
1105908,84,158,20,262
1105909,24,848,46,918
1105910,18,349,18,385
1105911,11,298,3,312
1105912,9,283,10,302
1105913,18,485,4,507
1105914,19,332,22,373
1105915,17,330,22,369
1105916,9,395,21,425
1105917,21,684,21,726
1105918,55,311,13,379
1105919,22,602,39,663
1105920,0,232,8,240
1105921,6,333,4,343
1105922,12,368,12,392
1105923,24,686,38,748
1106001,9,167,12,188
1106002,5,181,0,186
1106003,12,234,21,267
1106004,21,439,12,472
1106005,25,323,14,362
1106006,24,517,12,553
1106007,8,180,35,223
1106008,6,344,9,359
1106009,10,321,18,349
1106010,16,413,55,484
1106011,11,290,12,313
1106012,12,324,6,342
1106013,13,314,12,339
1106014,12,214,6,232
1106015,3,241,0,244
1106016,12,395,24,431
1106017,15,199,7,221
1106018,10,243,16,269
1106019,15,317,12,344
1106020,18,223,15,256
1106021,3,0,182,185
1106101,18,184,0,202
1106102,9,356,6,371
1106103,6,332,9,347
1106104,7,205,7,219
1106105,8,231,8,247
1106106,20,323,13,356
1106107,9,129,117,255
1106108,12,408,16,436
1106109,9,149,6,164
1106110,31,276,14,321
1106111,26,294,6,326
1106112,17,341,19,377
1106113,0,9,0,9
1106114,19,254,6,279
1106115,12,182,3,197
1106116,13,301,22,336
1106201,61,360,10,431
1106202,25,390,38,453
1106203,12,365,35,412
1106204,22,355,12,389
1106205,16,346,12,374
1106206,21,344,24,389
1106207,18,220,19,257
1106208,22,179,9,210
1106209,31,232,18,281
1106210,19,312,4,335
1106211,20,310,30,360
1106212,8,158,15,181
1106213,13,357,15,385
1106214,4,235,34,273
1106215,0,205,17,222
1106216,0,85,3,88
1106217,12,298,6,316
1106218,14,267,7,288
1106219,4,377,18,399
1106220,0,323,12,335
1106221,0,147,19,166
1106222,31,255,12,298
1106223,0,12,0,12
1106224,0,42,0,42
1106225,0,0,0,0
1106301,0,0,0,0
1106302,0,0,0,0
1106303,105,369,31,505
1106304,20,610,63,693
1106305,3,249,12,264
1106306,76,168,0,244
1106307,0,0,0,0
1106308,20,329,12,361
1106309,43,402,36,481
1106310,28,330,24,382
1106311,29,358,36,423
1106312,18,296,36,350
1106313,11,208,3,222
1106314,10,198,0,208
1106315,29,403,9,441
1106316,22,326,17,365
1106317,15,303,17,335
1106318,17,192,110,319
1106319,24,186,100,310
1106320,6,124,60,190
1106321,19,303,4,326
1106322,19,211,9,239
1106323,16,462,12,490
1106324,21,249,21,291
1106325,21,405,12,438
1106326,22,201,3,226
1106327,6,165,11,182
1106328,21,411,21,453
1106329,12,173,3,188
1106401,9,169,3,181
1106402,10,234,13,257
1106403,12,264,12,288
1106404,38,330,12,380
1106405,23,243,9,275
1106406,19,292,14,325
1106407,55,375,24,454
1106408,22,459,22,503
1106409,19,268,4,291
1106410,15,237,9,261
1106411,7,221,8,236
1106412,11,251,4,266
1106413,12,289,9,310
1106414,21,281,17,319
1106415,21,197,12,230
1106416,16,173,19,208
1106417,21,285,27,333
1106418,21,218,9,248
1106501,30,327,11,368
1106502,17,288,18,323
1106503,18,265,27,310
1106504,13,364,9,386
1106505,31,277,6,314
1106506,17,355,20,392
1106507,17,360,21,398
1106508,15,415,30,460
1106509,17,461,0,478
1106510,12,273,3,288
1106511,25,443,16,484
1106512,49,329,15,393
1106513,17,299,23,339
1106514,13,278,18,309
1106515,49,446,34,529
1106516,6,195,12,213
1106517,0,168,0,168
1106518,9,269,6,284
1106519,13,269,7,289
1106520,3,256,6,265
1106521,4,258,15,277
1106522,7,199,11,217
1106523,83,252,19,354
1106524,6,180,9,195
1106525,10,192,6,208
1106526,34,429,18,481
1106527,22,282,15,319
1106528,32,377,8,417
1106529,10,312,6,328
1106601,17,175,10,202
1106602,0,169,15,184
1106603,12,226,19,257
1106604,21,349,8,378
1106605,33,338,24,395
1106606,18,194,7,219
1106607,33,314,21,368
1106608,37,148,12,197
1106609,15,209,12,236
1106610,18,283,19,320
1106611,9,307,17,333
1106612,32,304,15,351
1106613,6,191,21,218
1106701,28,332,36,396
1106702,19,362,9,390
1106703,7,325,20,352
1106704,9,168,16,193
1106705,12,291,10,313
1106706,15,260,9,284
1106707,17,256,44,317
1106708,29,447,8,484
1106709,29,319,20,368
1106710,15,522,37,574
1106711,13,230,42,285
1106712,69,412,44,525
1106713,18,310,30,358
1106714,28,353,32,413
1106715,29,499,37,565
1106716,18,352,18,388
1106717,50,210,23,283
1106718,10,357,34,401
1106719,28,365,44,437
1106720,21,324,19,364
1106721,9,212,27,248
1106722,21,250,18,289
1106723,18,440,29,487
1106724,18,333,17,368
1106725,18,226,12,256
1106726,19,351,13,383
1106727,20,383,41,444
1106728,10,170,6,186
1106729,79,497,25,601
1106801,14,184,15,213
1106802,26,246,3,275
1106803,15,234,23,272
1106804,14,181,11,206
1106805,40,332,18,390
1106806,12,242,21,275
1106807,18,273,14,305
1106808,21,341,27,389
1106809,33,327,33,393
1106810,14,296,37,347
1106811,12,307,7,326
1106901,4,233,9,246
1106902,18,506,14,538
1106903,7,172,9,188
1106904,12,368,18,398
1106905,3,162,0,165
1106906,15,286,4,305
1106907,15,309,13,337
1106908,8,227,0,235
1106909,6,188,0,194
1106910,3,307,3,313
1106911,34,163,15,212
1106912,22,288,12,322
1106913,6,255,4,265
1106914,21,394,15,430
1106915,21,332,12,365
1106916,15,370,9,394
1106917,15,240,21,276
1106918,55,217,12,284
1106919,13,354,22,389
1107001,12,424,19,455
1107002,0,91,0,91
1107003,50,559,55,664
1107004,7,107,4,118
1107005,102,509,21,632
1107006,29,452,27,508
1107007,11,210,16,237
1107008,23,116,39,178
1107009,0,0,0,0
1107010,22,391,7,420
1107011,39,391,22,452
1107012,10,376,24,410
1107013,17,303,10,330
1107014,25,397,9,431
1107015,21,397,15,433
1107016,32,304,11,347
1107017,8,282,6,296
1107018,20,494,35,549
1107019,42,414,48,504
1107020,41,361,34,436
1107021,59,498,115,672
1107022,14,231,24,269
1107023,28,430,30,488
1107024,12,192,21,225
1107025,7,237,8,252
1107026,9,243,12,264
1107027,24,546,41,611
1107028,26,448,27,501
1107029,23,324,12,359
1107030,3,257,17,277
1107031,0,0,316,316
1107032,35,468,19,522
1107101,22,195,6,223
1107102,15,256,6,277
1107103,18,306,18,342
1107104,11,194,6,211
1107105,3,235,19,257
1107106,22,484,15,521
1107107,43,471,43,557
1107108,3,217,32,252
1107109,8,206,0,214
1107110,7,305,9,321
1107111,3,200,24,227
1107112,10,266,24,300
1107113,11,261,17,289
1107114,4,241,13,258
1107115,28,238,31,297
1107116,21,294,41,356
1107117,13,326,14,353
1107118,0,0,0,0
1107119,10,259,3,272
1107120,16,290,3,309
1107121,7,160,6,173
1107122,29,348,21,398
1107123,12,167,3,182
1107124,29,308,40,377
1107125,7,178,3,188
1107126,3,92,9,104
1107127,15,243,4,262
1107128,20,326,26,372
1107201,85,268,14,367
1107202,11,352,36,399
1107203,6,243,12,261
1107204,62,363,33,458
1107205,32,390,31,453
1107206,8,270,12,290
1107207,3,157,3,163
1107208,27,475,42,544
1107209,24,276,15,315
1107210,84,306,87,477
1107211,18,527,22,567
1107212,7,269,19,295
1107213,14,816,39,869
1107214,12,304,9,325
1107215,18,296,27,341
1107216,20,422,22,464
1107217,25,529,21,575
1107218,17,390,10,417
1107219,26,572,32,630
1107220,24,413,32,469
1107221,24,312,24,360
1107222,7,191,3,201
1107223,10,629,71,710
1107224,30,458,54,542
1107301,0,0,0,0
1107302,18,227,9,254
1107303,15,354,19,388
1107304,33,200,0,233
1107305,21,176,6,203
1107306,18,209,12,239
1107307,30,311,19,360
1107308,39,239,10,288
1107309,15,176,6,197
1107310,13,274,18,305
1107311,10,191,8,209
1107312,13,215,4,232
1107313,3,135,22,160
1107314,6,252,14,272
1107401,15,207,6,228
1107402,3,267,19,289
1107403,46,418,15,479
1107404,19,391,38,448
1107405,30,394,44,468
1107406,3,163,12,178
1107407,24,308,35,367
1107408,10,214,10,234
1107409,47,412,92,551
1107410,12,210,38,260
1107411,18,350,13,381
1107412,25,402,34,461
1107413,31,400,45,476
1107414,20,413,21,454
1107415,23,435,31,489
1107416,18,406,13,437
1107417,12,256,21,289
1107418,0,309,15,324
1107419,18,290,39,347
1107420,9,394,21,424
1107421,11,380,29,420
1107422,12,356,15,383
1107423,28,298,12,338
1107424,18,429,10,457
1107425,33,374,34,441
1107426,26,271,41,338
1107501,0,0,0,0
1107601,12,224,8,244
1107602,6,211,20,237
1107603,19,431,52,502
1107604,24,276,18,318
1107605,12,377,19,408
1107606,75,414,21,510
1107607,20,261,14,295
1107608,19,395,12,426
1107609,15,266,15,296
1107610,15,301,15,331
1107611,19,183,15,217
1107612,13,193,12,218
1107613,9,209,15,233
1107614,6,336,30,372
1107615,16,446,3,465
1107616,15,439,24,478
1107617,16,455,25,496
1107618,8,188,24,220
1107619,15,224,30,269
1107620,15,163,4,182
1107621,6,286,12,304
1107701,3,304,10,317
1107702,175,303,22,500
1107703,21,303,17,341
1107704,23,251,26,300
1107705,61,131,21,213
1107706,33,227,9,269
1107707,27,445,21,493
1107708,23,480,17,520
1107709,16,324,4,344
1107710,12,391,15,418
1107711,29,420,47,496
1107712,7,212,11,230
1107713,34,492,26,552
1107714,27,302,6,335
1107715,11,374,32,417
1107716,18,444,25,487
1107717,16,368,15,399
1107718,11,424,12,447
1107719,21,369,15,405
1107720,13,400,49,462
1107721,18,300,3,321
1107722,8,251,10,269
1107723,16,408,27,451
1107724,68,191,6,265
1107725,15,197,24,236
1107726,23,422,25,470
1107727,11,347,19,377
1107728,3,390,30,423
1107729,13,361,18,392
1107730,16,364,35,415
1107731,27,501,21,549
1107732,6,227,22,255
1107733,38,368,33,439
1107734,15,208,21,244
1107735,0,0,0,0
1107736,6,108,0,114
1107737,6,195,15,216
1107738,3,177,17,197
1107739,61,30,60,151
1107740,27,556,9,592
1107741,26,198,10,234
1107742,4,305,7,316
1107743,9,215,27,251
1107744,7,310,15,332
1107745,21,307,3,331
1107746,16,432,22,470
1107747,27,348,55,430
1107748,15,308,37,360
1107749,18,244,30,292
1107750,24,412,53,489
1107751,15,317,38,370
1107752,20,446,154,620
1107753,18,312,27,357
1107754,21,413,9,443
1107801,12,332,6,350
1107802,13,233,9,255
1107803,19,568,18,605
1107804,19,378,19,416
1107805,27,326,28,381
1107806,19,495,26,540
1107807,5,328,9,342
1107808,31,435,55,521
1107809,9,160,3,172
1107810,11,235,6,252
1107811,6,271,12,289
1107812,12,347,68,427
1107813,0,200,9,209
1107814,6,340,14,360
1107815,29,348,9,386
1107816,3,314,18,335
1107817,15,571,18,604
1107818,12,513,34,559
1107819,6,310,15,331
1107820,3,246,10,259
1107821,11,188,9,208
1107822,24,513,14,551
1107823,4,306,9,319
1107824,12,409,31,452
1107825,49,276,18,343
1107826,17,436,0,453
1107827,6,537,28,571
1107828,30,444,32,506
1107829,32,396,27,455
1107830,29,462,5,496
1107831,6,383,3,392
1107832,27,1293,117,1437
1107833,24,505,15,544
1107834,0,574,11,585
1107835,6,417,15,438
1107836,18,335,15,368
1107837,28,321,113,462
1107838,10,248,25,283
1107839,15,324,43,382
1107901,15,249,9,273
1107902,18,310,12,340
1107903,13,291,12,316
1107904,46,386,21,453
1107905,15,254,18,287
1107906,3,169,9,181
1107907,10,284,12,306
1107908,18,294,9,321
1107909,11,250,4,265
1107910,6,172,6,184
1107911,8,256,12,276
1107912,16,217,15,248
1107913,15,391,12,418
1107914,12,310,6,328
1107915,7,297,0,304
1107916,8,207,16,231
1107917,12,214,10,236
1107918,6,258,21,285
1107919,23,307,3,333
1107920,22,198,16,236
1107921,27,258,8,293
1107922,15,340,11,366
1107923,0,139,9,148
1107924,21,498,10,529
1107925,20,539,15,574
1107926,9,137,3,149
1107927,0,353,11,364
1107928,9,325,15,349
1107929,11,462,25,498
1107930,11,418,3,432
1107931,6,156,0,162
1107932,0,233,6,239
1107933,9,87,0,96
1107934,22,305,12,339
1107935,3,255,12,270
1107936,14,351,9,374
1108001,17,319,12,348
1108002,3,52,0,55
1108003,62,242,9,313
1108004,0,31,0,31
1108005,30,210,18,258
1108006,19,334,6,359
1108007,46,417,48,511
1108008,30,274,39,343
1108009,24,327,24,375
1108010,40,427,14,481
1108011,33,360,21,414
1108012,60,436,32,528
1108013,9,98,9,116
1108014,20,316,67,403
1108015,17,451,22,490
1108016,10,309,6,325
1108017,30,433,27,490
1108018,94,283,10,387
1108019,20,445,49,514
1108020,20,327,25,372
1108021,13,281,0,294
1108022,24,273,13,310
1108023,34,299,9,342
1108024,27,242,9,278
1108025,18,424,3,445
1108026,0,0,240,240
1108027,15,366,13,394
1108028,21,330,0,351
1108029,24,437,22,483
1108030,33,436,10,479
1108031,43,357,15,415
1108032,27,249,12,288
1108033,27,357,9,393
1108034,27,309,4,340
1108035,18,347,7,372
1108036,6,144,9,159
1108037,21,357,30,408
1108038,15,253,18,286
1108039,25,410,6,441
1108040,26,495,25,546
1108041,139,301,25,465
1108042,25,285,6,316
1108043,31,390,9,430
1108044,28,485,17,530
1108045,43,579,40,662
1108046,97,229,27,353
1108047,21,251,18,290
1108048,30,322,8,360
1108049,21,164,6,191
1108050,23,358,10,391
1108051,0,0,0,0
1108101,20,237,29,286
1108102,48,366,21,435
1108103,16,226,8,250
1108104,18,139,27,184
1108105,20,279,34,333
1108106,21,267,13,301
1108107,22,217,18,257
1108108,35,326,23,384
1108109,27,252,22,301
1108110,30,221,15,266
1108111,0,0,0,0
1108112,17,262,7,286
1108113,38,306,13,357
1108114,29,429,19,477
1108115,11,238,12,261
1108116,18,201,3,222
1108117,14,312,3,329
1108118,22,273,3,298
1108119,22,165,9,196
1108120,30,338,20,388
1108121,33,306,12,351
1108122,22,218,17,257
1108123,18,243,27,288
1108124,13,363,19,395
1108125,18,184,12,214
1108126,6,175,6,187
1108127,10,161,0,171
1108128,7,294,7,308
1108129,17,268,3,288
1108130,13,321,12,346
1108131,27,309,3,339
1108132,29,298,9,336
1108133,30,225,13,268
1108134,37,480,38,555
1108135,39,511,6,556
1108136,37,355,35,427
1108137,14,215,16,245
1108138,19,219,3,241
1108139,16,277,0,293
1108140,11,229,3,243
1108141,12,202,3,217
1108142,16,319,12,347
1108143,22,323,7,352
1108144,24,300,24,348
1108145,18,281,39,338
1108146,23,382,0,405
1108147,33,305,12,350
1108148,10,129,4,143
1108149,13,171,6,190
1108150,10,196,5,211
1108201,9,43,6,58
1108202,14,266,15,295
1108203,41,497,37,575
1108204,103,584,27,714
1108205,29,311,9,349
1108206,3,41,0,44
1108207,28,554,18,600
1108208,6,172,6,184
1108209,13,175,6,194
1108210,3,6,0,9
1108211,36,343,25,404
1108212,19,315,9,343
1108213,26,329,11,366
1108214,26,334,3,363
1108215,138,361,27,526
1108216,51,324,5,380
1108217,16,184,18,218
1108218,22,205,9,236
1108219,21,319,9,349
1108220,10,180,15,205
1108221,43,409,14,466
1108222,57,377,18,452
1108223,4,174,6,184
1108224,21,318,13,352
1108225,16,187,10,213
1108226,16,280,10,306
1108227,15,318,12,345
1108228,12,290,27,329
1108229,18,294,5,317
1108230,16,362,12,390
1108231,21,305,15,341
1108232,28,451,22,501
1108233,51,546,26,623
1108234,31,431,18,480
1108235,12,287,12,311
1108236,3,9,0,12
1108237,53,403,8,464
1108238,36,435,17,488
1108239,9,205,3,217
1108240,27,424,28,479
1108241,45,395,11,451
1108242,30,288,7,325
1108243,24,378,32,434
1108244,53,448,42,543
1108245,9,380,21,410
1108301,23,455,11,489
1108302,12,197,3,212
1108303,12,412,16,440
1108304,16,252,4,272
1108305,20,381,12,413
1108306,13,176,0,189
1108307,19,301,10,330
1108308,15,271,6,292
1108309,8,314,17,339
1108310,14,356,6,376
1108311,9,222,15,246
1108312,6,280,6,292
1108313,55,284,17,356
1108314,9,394,13,416
1108315,15,307,6,328
1108316,28,300,7,335
1108317,9,355,8,372
1108401,5,255,7,267
1108402,0,0,0,0
1108403,35,369,69,473
1108404,24,367,25,416
1108405,14,210,23,247
1108406,12,298,3,313
1108407,26,369,15,410
1108408,19,246,12,277
1108409,25,457,22,504
1108410,17,309,15,341
1108411,5,161,7,173
1108412,18,222,6,246
1108413,32,430,7,469
1108414,41,427,29,497
1108415,12,414,22,448
1108416,25,333,28,386
1108417,9,295,6,310
1108418,30,308,7,345
1108419,11,366,8,385
1108420,6,157,15,178
1108421,21,368,20,409
1108422,6,178,9,193
1108423,13,182,3,198
1108424,13,197,19,229
1108425,4,262,10,276
1108426,20,388,45,453
1108427,21,493,24,538
1108428,34,240,7,281
1108429,42,310,27,379
1108430,7,414,24,445
1108431,56,434,39,529
1108432,19,266,12,297
1108433,52,518,21,591
1108434,18,214,24,256
1108435,18,313,41,372
1108436,37,431,54,522
1108437,51,584,55,690
1108438,22,387,3,412
1108439,11,519,12,542
1108440,27,391,18,436
1108441,56,236,40,332
1108442,15,228,20,263
1108443,13,421,36,470
1108444,28,478,33,539
1108501,0,0,0,0
1108502,50,329,79,458
1108503,0,21,0,21
1108504,18,343,6,367
1108505,6,345,21,372
1108506,10,296,9,315
1108507,72,296,33,401
1108508,18,273,37,328
1108509,13,190,13,216
1108510,66,431,32,529
1108511,61,185,59,305
1108512,123,336,18,477
1108513,14,291,0,305
1108514,26,314,12,352
1108515,15,241,6,262
1108516,9,267,10,286
1108517,14,429,11,454
1108518,29,320,27,376
1108519,9,284,20,313
1108520,9,68,4,81
1108521,0,19,0,19
1108522,0,17,0,17
1108523,13,232,12,257
1108524,120,328,21,469
1108525,14,343,10,367
1108526,4,199,19,222
1108527,19,506,23,548
1108528,38,364,33,435
1108529,55,434,28,517
1108530,36,265,29,330
1108531,28,368,24,420
1108601,19,335,21,375
1108602,13,223,0,236
1108603,12,266,15,293
1108604,9,235,6,250
1108605,3,231,13,247
1108606,0,143,9,152
1108607,8,179,15,202
1108608,5,306,9,320
1108609,24,367,9,400
1108610,6,200,7,213
1108611,9,288,15,312
1108612,0,234,24,258
1108613,9,301,10,320
1108701,6,175,11,192
1108702,14,218,33,265
1108703,21,269,35,325
1108704,13,196,7,216
1108705,4,194,9,207
1108706,12,187,12,211
1108707,32,200,6,238
1108708,12,183,6,201
1108709,7,420,27,454
1108710,11,226,19,256
1108711,3,231,8,242
1108712,10,171,3,184
1108713,10,282,10,302
1108801,0,0,0,0
1108802,16,593,14,623
1108803,6,356,16,378
1108804,0,260,7,267
1108805,0,201,12,213
1108806,9,374,14,397
1108807,0,0,0,0
1108808,19,398,16,433
1108809,10,290,46,346
1108810,9,288,14,311
1108811,20,500,35,555
1108812,14,482,11,507
1108813,15,398,12,425
1108814,19,326,10,355
1108815,29,450,0,479
1108816,18,341,9,368
1108817,9,456,6,471
1108818,21,506,12,539
1108819,15,323,29,367
1108820,17,586,48,651
1108901,3,309,22,334
1108902,27,544,13,584
1108903,9,227,11,247
1108904,34,384,18,436
1108905,14,507,23,544
1108906,18,256,22,296
1108907,3,151,3,157
1108908,32,646,24,702
1108909,97,230,17,344
1108910,22,260,18,300
1108911,24,534,20,578
1108912,22,402,15,439
1108913,0,4,0,4
1108914,37,509,15,561
1108915,28,369,6,403
1108916,9,309,3,321
1108917,28,370,17,415
1108918,18,263,3,284
1108919,21,309,24,354
1108920,9,187,9,205
1108921,24,325,32,381
1108922,18,257,0,275
1108923,47,459,34,540
1108924,19,467,25,511
1108925,30,198,15,243
1108926,29,342,31,402
1108927,0,0,0,0
1108928,19,344,11,374
1108929,12,382,18,412
1108930,15,326,3,344
1108931,14,211,12,237
1108932,26,398,6,430
1108933,9,402,24,435
1108934,12,401,17,430
1108935,29,397,8,434
1108936,9,40,6,55
1108937,20,167,20,207
1108938,0,16,0,16
1108939,23,317,6,346
1108940,18,292,19,329
1108941,13,230,22,265
1108942,3,9,0,12
1108943,30,356,22,408
1108944,30,340,23,393
1108945,17,338,6,361
1108946,47,491,34,572
1108947,16,318,0,334
1108948,7,434,31,472
1108949,23,339,6,368
1108950,24,358,18,400
1108951,16,346,6,368
1108952,6,121,3,130
1108953,0,0,0,0
1108954,20,310,16,346
1108955,14,278,9,301
1108956,12,291,12,315
1109001,16,307,15,338
1109002,0,0,0,0
1109003,16,264,15,295
1109004,12,251,11,274
1109005,6,128,6,140
1109006,29,356,9,394
1109007,35,314,10,359
1109008,43,355,20,418
1109009,9,314,10,333
1109010,27,310,12,349
1109011,18,261,18,297
1109012,10,205,6,221
1109013,30,379,10,419
1109014,15,268,6,289
1109015,15,389,5,409
1109101,32,571,21,624
1109102,11,372,10,393
1109103,19,318,21,358
1109104,29,561,21,611
1109105,24,396,12,432
1109106,16,296,12,324
1109107,10,429,6,445
1109108,21,297,15,333
1109109,24,352,18,394
1109110,19,308,19,346
1109111,25,412,13,450
1109112,19,572,11,602
1109113,27,281,32,340
1109114,22,180,7,209
1109115,15,200,18,233
1109116,14,241,0,255
1109117,0,0,0,0
1109118,17,268,24,309
1109119,39,807,57,903
1109120,59,485,32,576
1109121,5,264,19,288
1109122,45,452,19,516
1109123,12,419,35,466
1109124,18,469,38,525
1109125,18,273,4,295
1109126,81,366,12,459
1109127,30,398,11,439
1109128,15,300,6,321
1109201,29,433,109,571
1109202,28,427,45,500
1109203,0,167,29,196
1109204,9,345,65,419
1109205,0,173,34,207
1109206,0,55,12,67
1109207,17,410,33,460
1109208,25,330,38,393
1109209,14,291,26,331
1109210,9,138,10,157
1109211,15,249,56,320
1109212,5,258,82,345
1109213,6,242,60,308
1109301,3,95,0,98
1109302,12,344,22,378
1109303,12,286,38,336
1109304,15,453,30,498
1109305,16,335,14,365
1109306,15,220,50,285
1109307,6,302,29,337
1109308,3,221,22,246
1109309,8,402,35,445
1109310,12,375,43,430
1109311,33,285,28,346
1109312,9,140,4,153
1109313,14,347,18,379
1109314,3,391,32,426
1109401,18,276,29,323
1109402,43,183,22,248
1109403,35,310,24,369
1109404,3,236,7,246
1109405,6,168,3,177
1109406,6,279,18,303
1109407,18,214,16,248
1109408,3,237,14,254
1109409,4,201,6,211
1109410,29,359,24,412
1109411,36,306,53,395
1109412,15,344,20,379
1109413,13,252,15,280
1109414,36,354,26,416
1109501,6,260,20,286
1109502,9,191,22,222
1109503,14,547,30,591
1109504,6,285,25,316
1109505,9,523,21,553
1109506,6,203,12,221
1109507,6,242,53,301
1109508,38,535,36,609
1109509,6,242,10,258
1109510,14,292,20,326
1109511,48,407,19,474
1109512,12,253,9,274
1109513,27,483,22,532
1109514,17,213,3,233
1109515,0,0,0,0
1109601,46,265,49,360
1109602,9,346,19,374
1109603,4,108,8,120
1109604,3,178,3,184
1109605,3,112,0,115
1109606,9,158,44,211
1109607,12,169,27,208
1109608,4,45,14,63
1109609,3,86,3,92
1109610,6,224,27,257
1109611,10,329,31,370
1109612,12,283,50,345
1109613,13,210,13,236
1109614,7,280,15,302
1109615,15,450,19,484
1109616,8,172,7,187
1109617,4,202,9,215
1109618,35,358,27,420
1109619,30,232,45,307
1109620,25,235,28,288
1109621,46,278,47,371
1109622,55,392,55,502
1109623,29,343,44,416
1109624,27,344,15,386
1109701,14,239,22,275
1109702,15,187,24,226
1109703,26,253,35,314
1109704,12,131,131,274
1109705,83,281,22,386
1109706,39,335,24,398
1109707,12,285,15,312
1109708,17,227,17,261
1109709,24,263,23,310
1109710,3,46,0,49
1109711,19,189,3,211
1109712,31,337,24,392
1109713,15,408,24,447
1109714,34,385,25,444
1109715,12,310,9,331
1109716,8,212,24,244
1109717,23,338,18,379
1109718,19,310,6,335
1109719,20,453,20,493
1109720,18,317,26,361
1109721,26,348,16,390
1109722,22,306,26,354
1109723,16,373,20,409
1109724,20,458,6,484
1109725,29,382,15,426
1109726,5,210,31,246
1109727,0,193,20,213
1109728,20,397,23,440
1109729,29,328,23,380
1109730,18,406,15,439
1109731,21,188,16,225
1109732,11,182,24,217
1109733,17,295,32,344
1109734,27,395,27,449
1109735,59,313,39,411
1109736,9,184,19,212
1109737,30,341,30,401
1109738,27,393,39,459
1109739,13,293,33,339
1109740,37,410,72,519
1109741,33,292,17,342
1109742,34,399,63,496
1109743,26,319,21,366
1109744,165,317,27,509
1109745,47,378,21,446
1109746,23,347,37,407
1109747,31,450,28,509
1109748,27,307,23,357
1109749,30,304,15,349
1109750,25,347,8,380
1109751,37,370,47,454
1109752,6,75,0,81
1109801,9,94,3,106
1109802,24,372,54,450
1109803,0,211,6,217
1109804,7,250,3,260
1109805,0,169,6,175
1109806,11,234,15,260
1109807,12,372,25,409
1109808,4,175,0,179
1109809,0,173,0,173
1109810,6,150,45,201
1109811,9,230,6,245
1109901,21,251,18,290
1109902,37,410,23,470
1109903,19,426,57,502
1109904,94,385,40,519
1109905,22,226,0,248
1109906,18,215,12,245
1109907,23,244,10,277
1109908,12,237,15,264
1109909,17,133,12,162
1109910,33,252,15,300
1109911,19,130,0,149
1109912,24,222,9,255
1109913,21,249,17,287
1109914,15,224,15,254
1109915,15,212,12,239
1109916,31,540,30,601
1109917,3,114,0,117
1109918,20,119,21,160
1109919,12,220,21,253
1109920,29,349,18,396
1109921,7,232,27,266
1109922,9,135,6,150
1109923,20,278,20,318
1109924,0,248,35,283
1109925,3,190,6,199
1109926,38,246,18,302
1109927,0,124,14,138
1109928,15,312,46,373
1109929,13,136,18,167
1110001,12,432,19,463
1110002,9,252,38,299
1110003,10,274,6,290
1110004,15,391,27,433
1110005,16,478,9,503
1110006,24,559,30,613
1110007,8,369,12,389
1110008,10,282,31,323
1110009,30,375,25,430
1110010,9,247,22,278
1110011,28,361,49,438
1110012,21,258,20,299
1110013,24,292,19,335
1110014,72,245,18,335
1110015,143,415,34,592
1110016,10,341,17,368
1110017,9,529,56,594
1110018,37,404,24,465
1110019,15,270,15,300
1110020,4,359,16,379
1110021,3,142,21,166
1110022,30,469,22,521
1110023,9,285,9,303
1110024,11,421,15,447
1110025,19,365,10,394
1110026,18,405,17,440
1110027,20,434,9,463
1110101,155,275,18,448
1110102,20,496,12,528
1110103,24,461,13,498
1110104,10,339,11,360
1110105,9,630,16,655
1110106,3,237,21,261
1110107,15,527,27,569
1110108,25,326,18,369
1110109,18,350,25,393
1110110,19,318,23,360
1110111,25,301,18,344
1110112,15,307,15,337
1110113,9,294,15,318
1110114,22,315,6,343
1110115,45,459,25,529
1110116,9,236,9,254
1110117,43,278,9,330
1110118,36,490,31,557
1110119,29,499,22,550
1110120,21,465,18,504
1110121,22,541,20,583
1110122,21,219,24,264
1110123,66,414,37,517
1110124,50,299,3,352
1110125,14,320,24,358
1110126,21,257,12,290
1110127,20,386,11,417
1110128,17,444,12,473
1110129,27,466,9,502
1110130,25,397,14,436
1110131,9,686,15,710
1110132,21,404,18,443
1110133,12,285,10,307
1110134,16,538,6,560
1110135,18,337,41,396
1110136,16,369,46,431
1110137,15,113,37,165
1110201,28,381,27,436
1110202,27,290,18,335
1110203,17,251,12,280
1110204,24,387,20,431
1110205,24,500,13,537
1110206,20,300,24,344
1110207,18,325,20,363
1110208,19,358,15,392
1110209,15,278,27,320
1110210,6,210,5,221
1110211,15,316,34,365
1110212,25,623,46,694
1110213,15,477,21,513
1110214,13,393,12,418
1110215,12,693,47,752
1110216,8,753,39,800
1110217,3,155,6,164
1110218,3,49,3,55
1110301,6,240,7,253
1110302,9,203,12,224
1110303,0,344,9,353
1110304,0,324,12,336
1110305,5,241,14,260
1110306,6,274,6,286
1110307,13,370,11,394
1110308,3,107,3,113
1110309,0,233,15,248
1110310,7,229,13,249
1110311,22,452,49,523
1110312,4,169,7,180
1110313,10,217,20,247
1110314,9,200,17,226
1110315,3,147,23,173
1110316,13,361,56,430
1110317,5,424,40,469
1110318,6,179,6,191
1110401,48,417,26,491
1110402,27,460,25,512
1110403,9,206,9,224
1110404,3,154,3,160
1110405,7,270,6,283
1110406,5,325,37,367
1110407,12,241,32,285
1110408,3,108,3,114
1110409,21,353,18,392
1110410,17,269,30,316
1110411,51,256,35,342
1110412,24,268,12,304
1110413,24,264,24,312
1110414,0,0,0,0
1110415,6,76,3,85
1110416,12,263,6,281
1110501,15,264,12,291
1110502,6,322,39,367
1110503,19,300,33,352
1110504,33,448,18,499
1110505,21,460,24,505
1110506,15,295,27,337
1110507,60,254,12,326
1110508,15,332,14,361
1110509,27,495,61,583
1110510,12,230,15,257
1110511,0,179,0,179
1110512,21,418,12,451
1110513,21,462,22,505
1110514,0,126,3,129
1110515,8,614,36,658
1110516,11,293,25,329
1110517,9,369,21,399
1110518,3,144,11,158
1110601,0,57,0,57
1110602,9,84,3,96
1110603,3,50,4,57
1110604,24,156,10,190
1110605,86,350,34,470
1110606,35,408,32,475
1110607,36,408,41,485
1110608,18,237,18,273
1110609,18,450,18,486
1110610,13,191,27,231
1110611,21,341,12,374
1110612,35,253,3,291
1110613,3,130,3,136
1110614,16,448,18,482
1110615,15,411,18,444
1110616,7,319,473,799
1110617,23,395,35,453
1110618,11,444,15,470
1110619,24,344,21,389
1110620,21,259,6,286
1110621,61,343,21,425
1110622,15,238,27,280
1110623,31,477,61,569
1110624,43,348,25,416
1110701,20,477,34,531
1110702,28,472,12,512
1110703,7,340,18,365
1110704,14,348,19,381
1110705,6,298,24,328
1110706,12,278,18,308
1110707,0,338,30,368
1110708,18,311,10,339
1110709,7,271,4,282
1110710,10,271,26,307
1110711,11,300,15,326
1110712,20,390,12,422
1110713,10,249,19,278
1110714,17,463,29,509
1110715,12,430,12,454
1110716,8,568,24,600
1110717,15,200,9,224
1110718,13,214,15,242
1110719,4,201,5,210
1110720,9,393,38,440
1110721,17,765,10,792
1110722,20,362,12,394
1110723,32,598,22,652
1110801,43,474,49,566
1110802,18,712,66,796
1110803,6,117,15,138
1110804,0,0,466,466
1110805,18,531,3,552
1110806,19,274,15,308
1110807,18,389,59,466
1110808,33,350,24,407
1110809,10,226,15,251
1110810,22,353,30,405
1110811,18,342,24,384
1110812,62,364,40,466
1110813,110,312,21,443
1110814,19,153,21,193
1110815,12,241,12,265
1110816,25,387,23,435
1110817,32,366,30,428
1110818,264,48,12,324
1110819,28,379,27,434
1110820,41,381,26,448
1110821,29,318,16,363
1110822,44,489,28,561
1110823,6,170,4,180
1110824,21,161,6,188
1110825,42,519,20,581
1110826,9,166,12,187
1110827,6,57,3,66
1110828,0,0,0,0
1110829,18,339,34,391
1110830,39,585,36,660
1110831,24,201,9,234
1110832,26,318,35,379
1110833,10,283,12,305
1110834,32,346,54,432
1110835,14,154,27,195
1110836,39,539,30,608
1110837,49,525,34,608
1110838,30,280,6,316
1110839,24,307,16,347
1110840,12,286,24,322
1110841,19,325,26,370
1110842,12,322,31,365
1110843,19,335,12,366
1110844,27,315,22,364
1110845,110,342,38,490
1110846,13,298,33,344
1110847,43,558,74,675
1110848,25,173,15,213
1110849,35,414,21,470
1110850,17,390,27,434
1110851,27,327,39,393
1110852,10,215,20,245
1110853,44,380,15,439
1110901,13,289,4,306
1110902,15,217,15,247
1110903,25,302,15,342
1110904,13,198,9,220
1110905,17,332,12,361
1110906,10,307,21,338
1110907,18,223,3,244
1110908,19,292,31,342
1110909,39,427,24,490
1110910,12,336,10,358
1110911,10,220,6,236
1110912,6,306,32,344
1110913,3,251,21,275
1110914,16,357,4,377
1110915,15,263,7,285
1110916,12,418,30,460
1110917,21,227,6,254
1110918,21,195,3,219
1110919,3,218,29,250
1110920,10,316,25,351
1110921,0,144,11,155
1110922,26,357,12,395
1110923,18,161,3,182
1111001,18,168,3,189
1111002,27,500,18,545
1111003,15,294,9,318
1111004,75,143,13,231
1111005,12,243,0,255
1111006,18,251,9,278
1111007,39,433,17,489
1111008,12,223,8,243
1111009,28,319,28,375
1111010,22,214,24,260
1111011,9,407,9,425
1111012,9,317,12,338
1111013,3,166,3,172
1111014,29,240,36,305
1111015,8,226,8,242
1111016,10,206,0,216
1111017,14,241,23,278
1111018,15,202,12,229
1111019,15,266,8,289
1111020,20,290,18,328
1111021,9,313,10,332
1111022,20,278,19,317
1111023,19,342,12,373
1111024,9,268,6,283
1111025,8,213,11,232
1111026,12,221,0,233
1111027,10,475,60,545
1111101,27,463,19,509
1111102,15,256,0,271
1111103,21,241,21,283
1111104,19,180,24,223
1111105,22,368,19,409
1111106,16,267,9,292
1111107,9,200,14,223
1111108,34,384,15,433
1111109,21,269,9,299
1111110,27,371,31,429
1111111,25,506,32,563
1111112,4,268,15,287
1111113,42,496,27,565
1111114,28,413,45,486
1111115,39,476,28,543
1111116,115,424,15,554
1111117,23,288,6,317
1111118,21,218,6,245
1111119,21,427,9,457
1111120,15,462,3,480
1111121,20,286,9,315
1111122,13,249,10,272
1111123,19,351,20,390
1111124,27,417,28,472
1111125,50,363,18,431
1111126,37,484,8,529
1111127,35,440,22,497
1111128,19,442,33,494
1111129,23,350,9,382
1111130,18,496,18,532
1111131,27,296,18,341
1111132,29,301,7,337
1111133,30,307,21,358
1111134,17,298,12,327
1111135,15,265,14,294
1111136,29,298,15,342
1111137,0,0,0,0
1111138,6,207,6,219
1111139,0,0,0,0
1111140,30,326,18,374
1111141,18,251,15,284
1111142,0,17,6,23
1111143,6,202,6,214
1111144,12,201,10,223
1111145,13,163,6,182
1111146,0,0,0,0
1111147,23,444,50,517
1111201,10,325,12,347
1111202,9,312,14,335
1111203,20,490,25,535
1111204,9,297,6,312
1111205,9,280,5,294
1111206,15,275,30,320
1111207,21,306,15,342
1111208,14,210,18,242
1111209,40,419,18,477
1111210,13,546,14,573
1111211,12,157,0,169
1111212,9,357,12,378
1111213,25,365,29,419
1111214,18,428,14,460
1111215,30,248,24,302
1111216,14,285,18,317
1111217,3,313,3,319
1111218,15,301,8,324
1111219,13,410,19,442
1111220,3,102,9,114
1111221,3,264,21,288
1111222,12,329,55,396
1111223,6,216,17,239
1111224,9,380,4,393
1111225,3,243,6,252
1111226,9,291,0,300
1111227,18,428,8,454
1111228,7,202,20,229
1111229,6,295,15,316
1111230,30,441,16,487
1111231,12,430,12,454
1111232,56,251,3,310
1111233,12,461,21,494
1111234,18,327,12,357
1111235,9,445,26,480
1111236,9,612,38,659
1111237,12,321,3,336
1111238,9,281,13,303
1111239,15,593,25,633
1111240,85,218,15,318
1111241,3,177,9,189
1111242,15,404,10,429
1111243,3,767,55,825
1111301,10,231,21,262
1111302,0,355,22,377
1111303,6,163,11,180
1111304,19,248,52,319
1111305,12,332,19,363
1111306,8,340,18,366
1111307,9,153,0,162
1111308,9,166,9,184
1111309,10,374,12,396
1111310,3,214,19,236
1111311,6,374,18,398
1111312,9,463,16,488
1111313,3,299,6,308
1111314,11,411,12,434
1111315,7,268,8,283
1111401,18,245,34,297
1111402,39,444,48,531
1111403,13,200,4,217
1111404,5,482,15,502
1111405,56,498,26,580
1111406,3,124,8,135
1111407,19,542,9,570
1111408,24,343,34,401
1111409,25,272,33,330
1111410,25,454,40,519
1111411,57,262,27,346
1111412,75,258,10,343
1111501,4,380,9,393
1111502,47,323,48,418
1111503,40,257,37,334
1111504,18,210,9,237
1111505,28,484,21,533
1111506,42,430,19,491
1111507,12,324,12,348
1111508,30,435,27,492
1111509,26,565,16,607
1111510,13,263,6,282
1111511,17,384,7,408
1111512,24,347,22,393
1111513,40,328,40,408
1111514,18,521,30,569
1111515,24,462,15,501
1111516,16,392,9,417
1111517,9,423,25,457
1111518,18,260,18,296
1111519,21,394,18,433
1111520,31,457,15,503
1111521,3,177,0,180
1111522,35,688,73,796
1111523,24,424,9,457
1111524,4,279,0,283
1111525,3,89,0,92
1111526,31,557,13,601
1111527,17,359,4,380
1111528,17,349,13,379
1111529,32,519,31,582
1111530,21,360,10,391
1111531,22,268,15,305
1111532,21,314,30,365
1111533,21,483,37,541
1111534,13,299,23,335
1111535,21,425,15,461
1111536,108,192,16,316
1111537,6,219,18,243
1111538,25,501,6,532
1111539,9,389,0,398
1111540,52,584,72,708
1111541,24,531,20,575
1111542,28,295,25,348
1111543,33,483,24,540
1111544,16,329,38,383
1111545,29,300,12,341
1111546,19,415,13,447
1111547,48,443,21,512
1111548,11,292,16,319
1111549,6,190,15,211
1111550,19,323,21,363
1111551,12,293,18,323
1111552,19,373,24,416
1111553,13,359,9,381
1111554,18,489,19,526
1111555,9,436,3,448
1111556,11,485,9,505
1111557,4,291,12,307
1111558,0,293,9,302
1111559,14,329,10,353
1111560,19,301,3,323
1111561,5,331,9,345
1111562,0,0,0,0
1111563,4,181,23,208
1111564,0,41,0,41
1111565,3,405,14,422
1111601,15,455,3,473
1111602,28,433,16,477
1111603,9,247,14,270
1111604,15,533,23,571
1111605,12,434,12,458
1111606,14,690,25,729
1111607,6,158,9,173
1111608,10,373,0,383
1111609,10,236,10,256
1111610,24,408,17,449
1111611,15,224,16,255
1111612,38,563,19,620
1111613,13,310,3,326
1111614,18,409,16,443
1111615,15,385,7,407
1111616,6,315,4,325
1111701,23,206,21,250
1111702,22,413,24,459
1111703,23,538,32,593
1111704,12,375,15,402
1111705,7,375,11,393
1111706,8,248,7,263
1111707,0,168,3,171
1111708,19,433,21,473
1111709,7,239,18,264
1111710,88,323,7,418
1111711,39,479,29,547
1111712,19,657,12,688
1111713,8,516,14,538
1111714,13,566,28,607
1111715,23,272,0,295
1111716,36,448,32,516
1111717,18,414,3,435
1111718,18,451,12,481
1111719,42,511,23,576
1111720,22,329,8,359
1111721,31,337,24,392
1111722,22,417,9,448
1111723,30,527,15,572
1111724,15,420,21,456
1111725,39,367,42,448
1111726,7,215,13,235
1111727,6,209,10,225
1111728,10,189,16,215
1111729,43,613,18,674
1111730,12,211,15,238
1111731,23,419,24,466
1111732,17,560,16,593
1111733,24,412,16,452
1111734,18,324,9,351
1111735,24,255,31,310
1111736,27,449,22,498
1111737,29,398,24,451
1111738,36,429,27,492
1111739,26,655,55,736
1111740,15,276,12,303
1111741,15,313,30,358
1111742,15,263,9,287
1111743,23,320,15,358
1111744,3,11,0,14
1111801,22,534,7,563
1111802,14,327,12,353
1111803,24,276,6,306
1111804,21,494,27,542
1111805,21,474,4,499
1111806,17,467,20,504
1111807,7,393,11,411
1111808,18,424,15,457
1111809,15,306,15,336
1111810,12,456,15,483
1111811,18,303,6,327
1111812,21,477,6,504
1111813,0,207,15,222
1111814,0,173,9,182
1111815,0,0,0,0
1111816,18,542,12,572
1111817,9,306,7,322
1111818,19,319,21,359
1111819,35,468,5,508
1111820,15,225,38,278
1111821,27,423,27,477
1111822,14,482,24,520
1111901,18,247,12,277
1111902,12,363,17,392
1111903,15,455,59,529
1111904,10,348,33,391
1111905,39,503,21,563
1111906,12,230,18,260
1111907,12,87,18,117
1111908,0,0,0,0
1111909,25,148,3,176
1111910,0,225,21,246
1111911,13,245,9,267
1111912,15,236,31,282
1111913,27,391,9,427
1111914,8,327,7,342
1111915,17,462,21,500
1111916,13,363,7,383
1111917,0,0,0,0
1111918,6,254,18,278
1112001,0,13,0,13
1112002,29,321,6,356
1112003,27,261,9,297
1112004,24,408,10,442
1112005,3,9,0,12
1112006,47,519,27,593
1112007,15,215,12,242
1112008,39,452,28,519
1112009,27,476,25,528
1112010,35,556,18,609
1112011,23,232,6,261
1112012,18,290,15,323
1112013,27,357,9,393
1112014,28,422,9,459
1112015,12,190,9,211
1112016,35,484,25,544
1112017,0,0,0,0
1112018,81,410,27,518
1112101,24,439,113,576
1112102,20,394,16,430
1112103,14,289,18,321
1112104,9,248,9,266
1112105,6,281,6,293
1112106,27,374,36,437
1112107,9,202,12,223
1112108,41,410,15,466
1112109,18,363,41,422
1112110,12,217,18,247
1112111,0,0,0,0
1112112,0,0,0,0
1112113,0,6,3,9
1112114,0,21,0,21
1112115,19,405,29,453
1112116,17,336,18,371
1112117,46,0,0,46
1112118,19,325,13,357
1112119,73,375,16,464
1112120,9,249,21,279
1112121,3,62,12,77
1112122,12,168,16,196
1112123,53,346,84,483
1112124,13,393,21,427
1112125,18,300,78,396
1112126,0,201,31,232
1112127,10,423,20,453
1112128,16,326,8,350
1112129,10,243,14,267
1112130,19,345,9,373
1112131,24,438,75,537
1112132,27,701,57,785
1112133,12,320,12,344
1112134,128,470,18,616
1112135,0,52,12,64
1112136,6,390,36,432
1112137,7,358,33,398
1112138,25,581,12,618
1112139,18,314,9,341
1112140,24,266,14,304
1112141,15,400,48,463
1112142,14,335,0,349
1112143,39,429,39,507
1112144,17,264,18,299
1112145,21,421,66,508
1112146,54,279,192,525
1112147,12,255,15,282
1112148,34,361,13,408
1112149,37,360,45,442
1112150,19,250,9,278
1112151,24,397,42,463
1112152,23,304,6,333
1112153,11,318,12,341
1112154,21,379,18,418
1112155,10,313,6,329
1112156,12,283,15,310
1112201,23,624,31,678
1112202,18,236,24,278
1112203,0,0,0,0
1112204,19,334,27,380
1112205,18,388,18,424
1112206,25,376,23,424
1112207,55,393,43,491
1112208,32,282,21,335
1112209,36,348,21,405
1112210,42,511,29,582
1112211,97,210,33,340
1112212,47,492,55,594
1112213,15,207,3,225
1112214,17,352,15,384
1112215,27,423,15,465
1112216,18,311,10,339
1112217,27,438,12,477
1112218,3,334,12,349
1112219,25,415,15,455
1112220,24,294,15,333
1112221,29,496,22,547
1112222,32,428,20,480
1112223,43,449,31,523
1112224,23,301,20,344
1112225,24,398,12,434
1112226,20,473,32,525
1112227,18,574,10,602
1112228,17,477,32,526
1112229,30,539,27,596
1112230,37,406,47,490
1112231,7,217,9,233
1112232,0,4,0,4
1112233,3,195,5,203
1112234,6,256,11,273
1112301,3,197,6,206
1112302,6,277,4,287
1112303,19,394,12,425
1112304,15,388,12,415
1112305,18,498,9,525
1112306,6,163,21,190
1112307,0,229,0,229
1112308,9,419,9,437
1112309,7,283,18,308
1112310,27,548,33,608
1112311,12,331,17,360
1112312,9,302,16,327
1112313,13,390,12,415
1112314,12,300,12,324
1112315,7,225,9,241
1112401,10,221,12,243
1112402,9,221,59,289
1112403,24,307,15,346
1112404,23,343,11,377
1112405,36,480,21,537
1112406,22,277,17,316
1112407,17,189,9,215
1112408,24,269,24,317
1112409,13,218,16,247
1112410,33,360,12,405
1112411,48,387,33,468
1112412,16,209,3,228
1112413,32,374,14,420
1112414,0,89,0,89
1112415,0,0,0,0
1112416,0,0,0,0
1112501,9,157,6,172
1112502,42,359,10,411
1112503,18,266,11,295
1112504,9,294,30,333
1112505,0,0,0,0
1112506,32,464,29,525
1112507,30,512,38,580
1112508,0,0,0,0
1112509,0,138,29,167
1112510,16,228,12,256
1112511,28,375,35,438
1112512,14,279,25,318
1112513,20,489,22,531
1112514,12,98,0,110
1112515,36,306,34,376
1112516,10,338,12,360
1112517,36,290,27,353
1112518,18,440,15,473
1112519,16,339,7,362
1112520,14,296,9,319
1112521,10,510,12,532
1112522,6,349,9,364
1112523,3,325,17,345
1112524,7,500,16,523
1112525,15,445,27,487
1112526,8,298,0,306
1112527,21,557,7,585
1112528,21,441,15,477
1112529,15,321,12,348
1112530,14,502,36,552
1112531,12,275,9,296
1112532,9,225,14,248
1112533,0,0,0,0
1112534,10,178,15,203
1112535,8,313,6,327
1112536,9,234,9,252
1112537,17,332,11,360
1112601,4,134,18,156
1112602,0,91,285,376
1112603,15,342,17,374
1112604,15,354,9,378
1112605,3,297,10,310
1112606,3,217,16,236
1112607,17,286,32,335
1112608,7,169,13,189
1112609,13,418,12,443
1112610,10,455,32,497
1112611,6,201,18,225
1112612,6,261,17,284
1112613,7,416,15,438
1112614,21,394,32,447
1112615,4,95,24,123
1112616,6,203,12,221
1112617,19,447,64,530
1112618,21,307,3,331
1112619,3,183,6,192
1112620,13,392,10,415
1112621,26,356,117,499
1112622,19,423,56,498
1112623,20,397,11,428
1112624,10,312,37,359
1112625,17,300,20,337
1112626,9,240,9,258
1112627,3,368,4,375
1112628,6,199,3,208
1112629,10,328,29,367
1112630,10,536,9,555
1112631,57,572,61,690
1112632,21,178,15,214
1112633,18,227,3,248
1112634,9,221,30,260
1112635,0,0,0,0
1112701,44,367,24,435
1112702,6,303,10,319
1112703,10,363,24,397
1112704,0,0,0,0
1112705,0,166,30,196
1112706,6,399,30,435
1112707,12,207,6,225
1112708,6,291,33,330
1112709,9,367,27,403
1112710,10,479,31,520
1112711,13,245,20,278
1112712,16,423,22,461
1112801,98,383,21,502
1112802,22,442,11,475
1112803,18,339,24,381
1112804,15,476,56,547
1112805,12,381,12,405
1112806,12,382,9,403
1112807,6,245,6,257
1112808,15,340,15,370
1112809,12,509,15,536
1112810,18,564,16,598
1112811,21,476,38,535
1112812,18,419,16,453
1112813,24,397,14,435
1112901,19,356,21,396
1112902,10,490,30,530
1112903,17,478,6,501
1112904,12,381,17,410
1112905,6,187,9,202
1112906,0,292,25,317
1112907,6,278,15,299
1112908,5,288,33,326
1112909,7,264,18,289
1112910,16,280,26,322
1112911,4,182,0,186
1112912,12,249,11,272
1112913,7,354,6,367
1112914,30,198,29,257
1112915,5,254,18,277
1112916,37,371,29,437
1112917,9,312,30,351
1112918,3,247,23,273
1112919,12,202,0,214
1112920,3,248,3,254
1112921,18,335,17,370
1112922,51,396,29,476
1112923,23,489,36,548
1113001,72,271,8,351
1113002,25,490,39,554
1113003,19,293,25,337
1113004,42,418,36,496
1113005,48,508,34,590
1113006,53,542,32,627
1113007,46,398,33,477
1113008,55,498,14,567
1113009,36,286,5,327
1113010,66,447,41,554
1113011,35,246,34,315
1113012,27,305,23,355
1113013,15,433,19,467
1113014,36,435,15,486
1113015,49,345,26,420
1113016,42,383,20,445
1113017,28,387,33,448
1113018,0,27,0,27
1113019,33,406,32,471
1113020,20,260,41,321
1113021,31,499,21,551
1113022,49,350,18,417
1113023,9,315,27,351
1113024,25,373,62,460
1113025,38,364,18,420
1113026,43,322,15,380
1113027,36,338,8,382
1113028,45,408,31,484
1113029,37,327,40,404
1113030,50,340,38,428
1113031,49,437,44,530
1113032,30,218,10,258
1113033,44,384,31,459
1113034,26,291,32,349
1113035,0,12,0,12
1113036,33,271,32,336
1113037,0,0,0,0
1113038,79,360,19,458
1113039,0,9,0,9
1113040,10,233,7,250
1113041,17,588,17,622
1113042,38,340,16,394
1113043,42,458,79,579
1113044,44,383,39,466
1113045,15,257,3,275
1113046,73,452,50,575
1113047,36,217,17,270
1113048,48,485,18,551
1113049,48,509,21,578
1113050,26,386,30,442
1113051,0,0,0,0
1113052,30,248,18,296
1113053,51,448,39,538
1113054,18,201,9,228
1113055,31,427,33,491
1113056,25,97,3,125
1113057,93,803,46,942
1113058,18,198,9,225
1113059,39,420,12,471
1113060,28,291,10,329
1113061,47,380,35,462
1113062,38,383,10,431
1113063,37,539,24,600
1113064,18,229,13,260
1113065,24,356,25,405
1113066,66,313,0,379
1113067,11,152,9,172
1113101,15,272,21,308
1113102,9,306,20,335
1113103,20,317,6,343
1113104,15,254,8,277
1113105,18,470,49,537
1113106,10,305,11,326
1113107,23,336,11,370
1113108,9,301,15,325
1113109,18,508,21,547
1113110,12,195,15,222
1113111,12,320,3,335
1113112,0,6,0,6
1113113,20,332,0,352
1113114,27,638,30,695
1113115,18,359,18,395
1113116,3,211,0,214
1113117,43,513,13,569
1113118,36,510,25,571
1113119,8,421,20,449
1113120,38,374,24,436
1113121,15,199,3,217
1113122,9,236,9,254
1113123,14,300,8,322
1113124,26,363,7,396
1113125,12,217,9,238
1113126,45,425,22,492
1113127,3,431,14,448
1113128,34,495,32,561
1113129,13,395,16,424
1113130,17,285,0,302
1113131,13,386,10,409
1113132,9,280,19,308
1113133,12,232,7,251
1113134,118,381,33,532
1113135,18,272,0,290
1113136,6,233,18,257
1113137,25,546,32,603
1113138,158,431,24,613
1113139,36,503,31,570
1113140,15,308,21,344
1113141,24,201,0,225
1113142,15,189,9,213
1113143,29,474,13,516
1113144,30,357,12,399
1113145,24,270,6,300
1113146,24,408,18,450
1113147,13,369,34,416
1113148,27,421,27,475
1113149,23,307,19,349
1113150,41,526,27,594
1113151,7,254,6,267
1113152,27,453,18,498
1113153,15,203,15,233
1113154,40,403,18,461
1113155,29,382,30,441
1113156,21,189,15,225
1113157,33,474,21,528
1113158,17,434,30,481
1113201,18,319,3,340
1113202,22,298,10,330
1113203,15,283,15,313
1113204,11,537,6,554
1113205,12,350,9,371
1113206,24,376,3,403
1113207,15,338,3,356
1113208,4,168,12,184
1113209,4,181,10,195
1113210,17,312,6,335
1113211,16,573,17,606
1113212,15,252,3,270
1113213,9,432,15,456
1113214,9,482,5,496
1113215,101,517,13,631
1113216,16,355,6,377
1113217,30,511,21,562
1113218,12,268,0,280
1113219,17,338,0,355
1113301,0,29,3,32
1113401,0,0,0,0
1113402,5,411,7,423
1113403,12,405,8,425
1113404,16,432,0,448
1113405,9,195,3,207
1113406,42,477,15,534
1113407,9,295,15,319
1113408,6,282,6,294
1113409,3,219,4,226
1113410,3,286,6,295
1113411,12,290,0,302
1113412,0,249,0,249
1113413,3,253,3,259
1113414,18,330,9,357
1113415,21,447,9,477
1113416,22,307,6,335
1113417,165,265,23,453
1113418,17,268,11,296
1113419,15,408,24,447
1113420,42,439,34,515
1113421,36,359,12,407
1113422,9,542,3,554
1113423,3,346,12,361
1113424,18,537,6,561
1113425,9,216,3,228
1113426,3,362,0,365
1113427,9,170,6,185
1113428,10,212,3,225
1113429,23,352,31,406
1113430,26,325,12,363
1113431,0,283,0,283
1113432,10,300,3,313
1113433,13,288,4,305
1113434,7,442,14,463
1113435,104,342,9,455
1113436,9,311,16,336
1113437,24,186,16,226
1113438,44,308,21,373
1113439,125,294,21,440
1113440,24,299,6,329
1113441,0,7,0,7
1113442,18,479,24,521
1113443,3,278,3,284
1113444,3,263,6,272
1113445,6,202,3,211
1113501,0,8,3,11
1113601,18,438,9,465
1113602,17,326,16,359
1113603,20,455,14,489
1113604,27,355,18,400
1113605,21,355,16,392
1113606,4,166,6,176
1113607,6,392,15,413
1113608,3,147,6,156
1113609,3,431,12,446
1113610,19,557,19,595
1113611,5,319,16,340
1113612,7,387,5,399
1113613,29,460,19,508
1113614,21,463,13,497
1113615,24,625,0,649
1113616,0,0,0,0
1113617,18,456,13,487
1113618,16,399,8,423
1113619,25,405,12,442
1113620,12,358,6,376
1113621,23,385,21,429
1113622,29,494,7,530
1113623,11,382,12,405
1113624,9,303,9,321
1113625,15,458,23,496
1113626,13,202,12,227
1113627,11,205,5,221
1113628,6,262,3,271
1113629,12,329,20,361
1113630,13,336,12,361
1113631,6,216,9,231
1113632,10,283,8,301
1113633,138,456,15,609
1113634,12,291,9,312
1113635,8,504,12,524
1113701,20,216,15,251
1113702,23,560,4,587
1113703,0,4,0,4
1113704,21,252,23,296
1113705,13,293,7,313
1113706,17,439,16,472
1113707,6,251,27,284
1113708,13,254,0,267
1113709,15,281,12,308
1113710,146,329,17,492
1113711,34,401,19,454
1113712,28,357,3,388
1113713,36,484,30,550
1113714,36,452,22,510
1113715,26,392,7,425
1113716,35,364,26,425
1113717,15,281,9,305
1113718,16,314,15,345
1113719,0,4,0,4
1113720,0,0,0,0
1113721,0,14,0,14
1113722,15,269,19,303
1113801,18,305,16,339
1113802,28,257,9,294
1113803,12,248,17,277
1113804,0,306,18,324
1113805,136,340,9,485
1113806,15,316,9,340
1113807,9,306,12,327
1113808,17,264,4,285
1113809,20,486,27,533
1113810,14,296,8,318
1113811,21,464,9,494
1113812,12,387,14,413
1113813,18,356,9,383
1113814,10,275,6,291
1113815,11,449,9,469
1113816,9,244,5,258
1113817,0,234,9,243
1113818,0,147,4,151
1113819,3,69,9,81
1113820,14,394,8,416
1113821,15,408,6,429
1113901,0,30,0,30
1113902,0,6,0,6
1113903,15,189,12,216
1113904,21,472,9,502
1113905,7,456,17,480
1113906,15,293,6,314
1113907,6,346,8,360
1113908,16,512,21,549
1113909,15,375,15,405
1113910,3,294,6,303
1113911,0,0,0,0
1113912,12,448,7,467
1113913,13,262,15,290
1113914,12,319,8,339
1113915,15,347,15,377
1113916,18,357,7,382
1113917,6,196,22,224
1113918,0,0,0,0
1113919,23,452,21,496
1114001,12,488,0,500
1114002,12,140,0,152
1114003,12,355,6,373
1114004,9,299,9,317
1114005,9,201,3,213
1114006,14,509,18,541
1114007,10,596,9,615
1114008,7,208,3,218
1114009,22,524,15,561
1114010,3,271,12,286
1114011,3,378,16,397
1114012,24,449,22,495
1114013,15,329,18,362
1114014,150,206,9,365
1114015,10,205,12,227
1114016,3,190,12,205
1114017,9,407,0,416
1114018,9,250,27,286
1114019,8,246,6,260
1114020,0,210,22,232
1114101,10,456,36,502
1114102,0,0,0,0
1114103,3,151,0,154
1114104,32,386,13,431
1114105,3,219,0,222
1114106,7,368,0,375
1114107,13,317,9,339
1114108,4,407,3,414
1114109,29,862,17,908
1114110,6,381,16,403
1114111,0,0,0,0
1114112,24,561,42,627
1114113,9,353,6,368
1114114,20,363,9,392
1114115,10,283,9,302
1114116,23,493,8,524
1114117,46,361,27,434
1114118,0,258,21,279
1114119,19,472,8,499
1114120,13,414,10,437
1114121,19,417,16,452
1114122,33,556,19,608
1114123,20,529,9,558
1114124,7,243,13,263
1114125,24,660,12,696
1114126,11,154,14,179
1114127,3,359,9,371
1114128,12,588,18,618
1114129,28,453,10,491
1114130,11,582,22,615
1114131,18,421,0,439
1114132,15,510,3,528
1114201,21,484,27,532
1114202,22,356,9,387
1114203,0,20,0,20
1114204,19,317,9,345
1114205,10,386,13,409
1114206,31,355,9,395
1114207,27,341,11,379
1114208,28,434,9,471
1114209,27,275,18,320
1114210,12,211,3,226
1114211,33,402,18,453
1114212,6,356,21,383
1114213,11,325,3,339
1114214,21,350,9,380
1114215,26,257,15,298
1114216,7,356,9,372
1114217,28,363,6,397
1114218,31,474,15,520
1114219,17,262,3,282
1114220,28,347,15,390
1114221,0,30,3,33
1114222,39,478,24,541
1114223,11,297,8,316
1114224,31,341,15,387
1114225,22,458,27,507
1114226,17,365,33,415
1114301,28,257,16,301
1114302,38,481,27,546
1114303,22,353,20,395
1114304,22,316,13,351
1114305,21,228,6,255
1114306,18,376,9,403
1114307,22,342,12,376
1114308,32,246,31,309
1114309,15,274,14,303
1114310,49,365,44,458
1114311,35,363,45,443
1114312,0,0,0,0
1114313,23,337,9,369
1114314,60,278,21,359
1114315,36,396,46,478
1114316,22,305,20,347
1114317,27,555,43,625
1114318,27,337,3,367
1114319,20,429,20,469
1114320,21,330,33,384
1114321,34,526,42,602
1114322,9,267,12,288
1114323,30,335,9,374
1114324,19,230,11,260
1114325,144,355,53,552
1114326,27,437,28,492
1114327,29,225,19,273
1114328,13,289,12,314
1114329,25,181,57,263
1114330,14,279,14,307
1114331,38,330,24,392
1114332,26,306,10,342
1114333,34,386,21,441
1114334,33,489,36,558
1114335,38,433,36,507
1114336,24,424,22,470
1114337,43,351,9,403
1114338,29,265,18,312
1114339,27,384,18,429
1114340,31,232,15,278
1114341,29,282,20,331
1114342,33,320,19,372
1114343,28,284,24,336
1114344,41,470,18,529
1114345,38,459,24,521
1114346,23,496,21,540
1114347,32,444,28,504
1114348,54,368,3,425
1114349,42,525,23,590
1114350,25,480,21,526
1114401,26,398,6,430
1114402,12,566,19,597
1114403,6,198,30,234
1114404,17,430,13,460
1114405,25,344,27,396
1114406,15,318,18,351
1114407,21,483,10,514
1114408,11,288,18,317
1114409,18,237,0,255
1114410,24,300,7,331
1114411,21,353,11,385
1114412,19,178,18,215
1114413,15,301,12,328
1114414,35,432,10,477
1114415,20,137,5,162
1114416,18,214,9,241
1114417,40,542,31,613
1114418,0,412,46,458
1114419,10,231,11,252
1114420,3,113,9,125
1114421,30,394,9,433
1114422,23,436,32,491
1114423,23,587,16,626
1114424,17,442,21,480
1114425,32,458,36,526
1114426,19,514,21,554
1114427,52,365,34,451
1114428,42,506,24,572
1114429,21,398,16,435
1114430,19,388,21,428
1114431,50,521,20,591
1114432,9,386,12,407
1114433,38,531,44,613
1114434,28,396,10,434
1114435,44,444,30,518
1114436,22,524,29,575
1114437,27,427,21,475
1114438,0,242,3,245
1114439,9,317,7,333
1114440,13,357,3,373
1114441,15,323,21,359
1114442,29,343,10,382
1114443,32,381,12,425
1114444,131,510,34,675
1114445,39,481,40,560
1114446,30,301,5,336
1114447,10,332,6,348
1114448,6,207,3,216
1114501,16,266,16,298
1114502,48,476,10,534
1114503,20,393,10,423
1114504,15,327,9,351
1114505,82,450,11,543
1114506,0,0,0,0
1114507,16,301,13,330
1114508,6,324,15,345
1114509,21,358,15,394
1114510,33,417,15,465
1114511,21,314,13,348
1114512,32,342,15,389
1114513,21,175,16,212
1114514,15,279,6,300
1114515,15,336,12,363
1114516,27,586,20,633
1114517,37,357,9,403
1114518,19,486,10,515
1114519,12,321,25,358
1114520,40,413,22,475
1114521,22,263,21,306
1114522,18,329,8,355
1114523,22,477,24,523
1114524,12,267,12,291
1114525,22,281,0,303
1114526,7,365,15,387
1114527,49,362,40,451
1114528,38,486,51,575
1114529,68,411,22,501
1114530,18,83,9,110
1114531,30,347,0,377
1114532,23,271,13,307
1114533,15,453,9,477
1114534,35,409,18,462
1114535,21,489,29,539
1114536,6,216,0,222
1114537,24,261,7,292
1114538,35,381,22,438
1114539,33,459,12,504
1114601,6,265,10,281
1114602,28,377,28,433
1114603,19,499,20,538
1114604,25,290,41,356
1114605,20,442,33,495
1114606,6,429,21,456
1114607,10,359,6,375
1114608,15,334,18,367
1114609,27,574,41,642
1114610,15,467,30,512
1114611,35,428,15,478
1114612,24,349,21,394
1114613,14,249,20,283
1114614,23,643,31,697
1114615,12,408,27,447
1114616,18,426,21,465
1114617,6,403,18,427
1114618,6,446,12,464
1114619,3,195,9,207
1114620,6,250,3,259
1114621,9,202,36,247
1114622,16,478,20,514
1114623,12,355,9,376
1114624,14,353,29,396
1114625,9,440,3,452
1114626,22,612,10,644
1114627,27,557,11,595
1114628,7,385,3,395
1114629,12,389,9,410
1114630,16,537,20,573
1114631,24,337,8,369
1114632,15,321,29,365
1114633,113,186,24,323
1114634,19,446,7,472
1114635,15,562,16,593
1114636,19,384,27,430
1114637,4,560,21,585
1114638,4,41,0,45
1114639,24,210,15,249
1114640,35,479,30,544
1114641,21,332,21,374
1114642,23,356,12,391
1114643,13,406,11,430
1114644,34,352,11,397
1114645,29,529,31,589
1114646,23,493,33,549
1114701,16,538,18,572
1114702,6,516,9,531
1114703,13,255,33,301
1114704,7,415,18,440
1114705,15,445,24,484
1114706,0,271,12,283
1114707,0,0,0,0
1114708,4,437,23,464
1114709,3,298,10,311
1114710,0,5,0,5
1114711,10,445,0,455
1114712,6,410,41,457
1114713,18,567,36,621
1114714,7,180,28,215
1114715,5,184,0,189
1114716,115,136,9,260
1114717,3,66,6,75
1114718,0,284,17,301
1114719,6,257,15,278
1114720,27,343,15,385
1114721,13,398,3,414
1114722,10,449,12,471
1114723,3,437,20,460
1114724,18,439,21,478
1114801,12,391,9,412
1114802,18,391,4,413
1114803,14,272,0,286
1114804,20,461,23,504
1114805,9,307,6,322
1114806,0,0,0,0
1114807,8,324,14,346
1114808,11,416,45,472
1114809,18,286,12,316
1114810,16,417,15,448
1114811,12,442,12,466
1114812,0,0,0,0
1114813,7,365,17,389
1114814,3,184,9,196
1114815,6,263,9,278
1114816,12,254,18,284
1114817,0,0,0,0
1114818,0,189,4,193
1114819,9,243,6,258
1114820,6,241,42,289
1114821,18,392,3,413
1114822,31,439,9,479
1114823,6,256,18,280
1114824,40,436,24,500
1114825,35,412,12,459
1114826,19,605,50,674
1114827,14,468,18,500
1114828,13,313,24,350
1114829,13,248,26,287
1114830,6,324,19,349
1114831,12,407,4,423
1114901,0,0,0,0
1114902,14,486,12,512
1114903,11,370,22,403
1114904,12,174,9,195
1114905,29,459,17,505
1114906,3,179,6,188
1114907,6,400,21,427
1114908,27,620,38,685
1114909,20,421,8,449
1114910,15,267,27,309
1114911,35,503,33,571
1114912,67,354,36,457
1114913,6,273,26,305
1114914,27,311,9,347
1114915,26,330,7,363
1114916,13,485,23,521
1114917,23,618,31,672
1114918,16,271,14,301
1114919,24,531,46,601
1114920,8,338,19,365
1114921,36,648,73,757
1114922,29,461,37,527
1114923,33,547,46,626
1114924,36,437,30,503
1114925,27,479,24,530
1114926,22,599,40,661
1114927,94,449,33,576
1114928,27,496,52,575
1114929,62,564,57,683
1114930,16,477,38,531
1114931,19,305,14,338
1114932,16,610,72,698
1114933,18,328,12,358
1114934,28,564,18,610
1114935,17,401,12,430
1114936,16,328,24,368
1114937,31,384,76,491
1114938,23,426,27,476
1114939,16,514,24,554
1114940,0,8,0,8
1114941,24,459,12,495
1114942,16,271,0,287
1114943,9,377,19,405
1114944,6,198,3,207
1114945,12,419,114,545
1114946,11,431,7,449
1114947,42,318,24,384
1114948,15,420,36,471
1114949,16,380,21,417
1114950,9,360,29,398
1114951,11,386,46,443
1114952,9,494,6,509
1114953,25,605,119,749
1114954,26,413,24,463
1114955,17,290,11,318
1114956,127,740,194,1061
1114957,20,329,21,370
1114958,24,245,32,301
1114959,19,304,9,332
1114960,18,331,27,376
1114961,29,365,18,412
1115001,15,312,18,345
1115002,35,488,6,529
1115003,35,550,8,593
1115004,23,434,18,475
1115005,40,385,19,444
1115006,18,563,16,597
1115007,24,346,21,391
1115008,53,394,24,471
1115009,28,294,12,334
1115010,12,336,4,352
1115011,18,400,3,421
1115012,3,207,15,225
1115013,9,198,0,207
1115014,88,534,20,642
1115015,15,439,21,475
1115016,15,228,18,261
1115017,26,531,21,578
1115018,9,264,12,285
1115019,27,455,23,505
1115020,14,317,12,343
1115021,20,437,21,478
1115022,30,634,14,678
1115023,7,392,3,402
1115024,170,348,34,552
1115025,3,231,6,240
1115026,20,321,21,362
1115027,28,603,53,684
1115028,12,169,18,199
1115029,32,428,7,467
1115030,24,496,10,530
1115031,10,538,12,560
1115032,9,301,21,331
1115033,29,531,21,581
1115034,14,266,9,289
1115035,21,382,3,406
1115036,34,637,19,690
1115037,6,240,12,258
1115038,21,294,11,326
1115039,12,290,6,308
1115040,37,555,35,627
1115041,9,420,17,446
1115042,12,403,10,425
1115043,0,11,0,11
1115044,20,280,3,303
1115101,73,542,36,651
1115102,16,159,0,175
1115103,16,261,3,280
1115104,19,301,3,323
1115105,28,308,13,349
1115106,6,183,7,196
1115107,18,161,29,208
1115108,21,361,21,403
1115109,8,233,30,271
1115110,8,357,30,395
1115111,74,613,13,700
1115112,22,428,11,461
1115113,0,0,0,0
1115114,15,286,12,313
1115201,17,476,30,523
1115202,21,310,13,344
1115203,24,327,14,365
1115204,30,435,84,549
1115205,25,404,59,488
1115206,44,410,20,474
1115207,14,268,30,312
1115208,23,485,15,523
1115209,6,247,18,271
1115210,14,427,21,462
1115211,27,385,4,416
1115212,50,331,7,388
1115213,23,319,21,363
1115214,85,462,24,571
1115215,0,10,0,10
1115216,27,374,34,435
1115217,29,284,15,328
1115218,69,518,57,644
1115219,46,359,27,432
1115220,28,219,32,279
1115221,65,462,27,554
1115222,27,251,15,293
1115223,0,0,0,0
1115224,6,112,0,118
1115225,7,346,40,393
1115226,15,271,15,301
1115227,34,202,10,246
1115228,30,370,16,416
1115229,17,327,26,370
1115230,32,380,9,421
1115231,50,442,14,506
1115232,29,313,15,357
1115233,41,519,27,587
1115234,18,165,151,334
1115235,21,349,9,379
1115236,10,212,21,243
1115301,21,294,9,324
1115302,6,191,3,200
1115303,42,579,16,637
1115304,30,454,10,494
1115305,24,167,18,209
1115306,35,182,19,236
1115307,23,464,20,507
1115308,18,219,18,255
1115309,6,196,13,215
1115310,22,189,4,215
1115311,30,361,25,416
1115312,13,229,13,255
1115313,22,381,6,409
1115314,15,205,11,231
1115315,24,385,23,432
1115316,34,508,27,569
1115401,90,357,79,526
1115402,0,0,0,0
1115403,0,0,0,0
1115404,21,196,18,235
1115405,48,498,18,564
1115406,19,287,18,324
1115407,24,202,0,226
1115408,32,386,21,439
1115409,107,217,13,337
1115410,38,284,8,330
1115411,23,311,18,352
1115412,22,334,13,369
1115413,68,510,26,604
1115414,34,340,25,399
1115415,41,250,18,309
1115416,22,294,9,325
1115417,0,11,0,11
1115418,12,213,16,241
1115419,20,183,5,208
1115501,26,496,5,527
1115502,30,288,30,348
1115503,7,188,6,201
1115504,37,378,6,421
1115505,33,226,15,274
1115506,27,290,48,365
1115507,28,223,34,285
1115508,24,283,36,343
1115509,15,303,6,324
1115510,19,374,18,411
1115511,33,431,21,485
1115512,32,442,33,507
1115513,21,220,3,244
1115514,49,360,49,458
1115515,21,313,29,363
1115516,86,232,13,331
1115517,99,401,21,521
1115518,14,262,19,295
1115519,104,334,14,452
1115520,26,200,28,254
1115521,50,475,18,543
1115522,82,460,12,554
1115523,15,253,9,277
1115524,15,307,5,327
1115525,31,233,23,287
1115526,26,366,21,413
1115527,31,296,68,395
1115528,25,278,12,315
1115529,29,317,27,373
1115530,10,316,6,332
1115531,25,226,9,260
1115532,53,492,30,575
1115533,10,195,6,211
1115534,21,235,15,271
1115535,0,3,472,475
1115536,12,233,10,255
1115537,6,119,3,128
1115538,26,319,45,390
1115539,9,79,0,88
1115540,34,389,9,432
1115601,38,213,22,273
1115602,26,310,14,350
1115603,23,281,23,327
1115604,26,280,10,316
1115605,21,258,30,309
1115606,13,282,4,299
1115607,20,211,31,262
1115608,32,243,31,306
1115609,31,313,15,359
1115610,24,207,35,266
1115611,17,338,31,386
1115612,26,361,3,390
1115613,15,258,9,282
1115614,16,313,17,346
1115615,16,398,12,426
1115616,15,174,16,205
1115617,15,178,15,208
1115618,19,164,15,198
1115619,24,249,12,285
1115620,35,411,21,467
1115621,19,207,3,229
1115622,28,331,15,374
1115623,7,306,17,330
1115624,25,496,33,554
1115625,31,221,26,278
1115626,18,230,15,263
1115627,30,255,23,308
1115628,27,294,35,356
1115701,56,422,57,535
1115702,14,207,21,242
1115703,4,195,0,199
1115704,20,367,9,396
1115705,20,218,18,256
1115706,21,297,12,330
1115707,11,182,9,202
1115708,16,214,0,230
1115709,19,355,13,387
1115710,105,195,20,320
1115711,35,336,26,397
1115712,12,223,3,238
1115713,17,271,30,318
1115714,34,365,9,408
1115715,13,162,0,175
1115801,27,374,38,439
1115802,50,420,21,491
1115803,25,253,15,293
1115804,32,475,31,538
1115805,64,456,22,542
1115806,56,299,31,386
1115807,0,0,0,0
1115808,0,0,0,0
1115809,30,209,12,251
1115810,16,283,6,305
1115811,27,378,36,441
1115812,0,3,0,3
1115813,18,271,0,289
1115814,60,513,21,594
1115815,22,276,21,319
1115816,45,448,30,523
1115817,95,296,17,408
1115818,40,421,36,497
1115819,44,286,21,351
1115901,36,366,23,425
1115902,4,242,18,264
1115903,26,420,16,462
1115904,9,95,3,107
1115905,38,762,35,835
1115906,15,353,17,385
1115907,16,199,4,219
1115908,13,324,9,346
1115909,36,474,13,523
1115910,17,231,3,251
1115911,26,334,14,374
1115912,21,249,15,285
1115913,7,136,6,149
1115914,21,279,27,327
1115915,24,296,21,341
1115916,32,341,14,387
1115917,24,278,6,308
1115918,29,291,8,328
1115919,3,96,3,102
1115920,48,422,3,473
1115921,27,189,13,229
1115922,7,193,5,205
1116001,25,447,27,499
1116002,29,255,15,299
1116003,27,214,8,249
1116004,70,209,11,290
1116005,41,279,15,335
1116006,33,347,23,403
1116007,36,295,20,351
1116008,4,152,6,162
1116009,18,294,37,349
1116010,0,0,0,0
1116011,8,120,6,134
1116012,0,0,0,0
1116013,25,401,21,447
1116014,32,283,12,327
1116015,53,300,15,368
1116016,27,223,6,256
1116017,41,418,26,485
1116101,10,332,18,360
1116201,17,396,5,418
1116202,3,192,9,204
1116203,13,316,12,341
1116204,30,557,28,615
1116205,12,204,4,220
1116206,27,427,13,467
1116207,6,265,12,283
1116208,20,248,15,283
1116209,6,207,12,225
1116210,27,524,6,557
1116211,15,313,26,354
1116212,18,173,12,203
1116213,85,165,24,274
1116214,12,231,9,252
1116215,21,273,18,312
1116216,7,116,3,126
1116217,12,307,27,346
1116218,21,409,12,442
1116219,18,243,12,273
1116220,30,310,18,358
1116221,15,196,0,211
1116222,3,222,12,237
1116223,20,264,21,305
1116224,30,289,13,332
1116225,18,247,12,277
1116226,0,12,6,18
1116227,15,207,13,235
1116228,18,239,7,264
1116229,27,477,26,530
1116230,22,402,15,439
1116231,24,254,9,287
1116232,37,436,24,497
1116233,0,13,0,13
1116234,18,246,18,282
1116235,0,225,16,241
1116236,16,285,7,308
1116237,40,484,3,527
1116238,19,95,4,118
1116239,26,327,16,369
1116240,0,0,0,0
1116241,29,241,13,283
1116242,41,349,33,423
1116243,43,376,16,435
1116244,35,327,13,375
1116245,19,182,6,207
1116246,16,272,5,293
1116247,73,366,91,530
1116248,25,355,11,391
1116249,64,503,41,608
1116250,0,0,0,0
1116251,7,151,6,164
1116301,16,367,3,386
1116302,18,311,9,338
1116303,49,509,22,580
1116304,36,402,22,460
1116305,31,387,12,430
1116306,21,264,3,288
1116307,154,568,20,742
1116308,15,497,24,536
1116309,25,394,7,426
1116310,18,299,10,327
1116311,21,528,21,570
1116312,16,435,12,463
1116313,9,331,8,348
1116314,10,249,6,265
1116315,24,396,91,511
1116316,30,309,27,366
1116317,77,264,8,349
1116318,13,368,25,406
1116319,0,0,0,0
1116320,63,391,12,466
1116321,21,303,6,330
1116322,21,282,14,317
1116323,43,249,4,296
1116324,10,281,0,291
1116325,0,0,0,0
1116326,21,455,0,476
1116327,12,398,9,419
1116328,6,274,3,283
1116329,7,275,7,289
1116330,7,247,9,263
1116331,9,249,12,270
1116332,6,338,9,353
1116333,16,289,10,315
1116334,18,318,9,345
1116335,15,336,40,391
1116336,6,315,18,339
1116337,24,371,10,405
1116338,15,380,12,407
1116339,14,431,9,454
1116340,12,239,9,260
1116341,22,626,18,666
1116342,17,490,19,526
1116343,15,370,15,400
1116344,12,207,6,225
1116345,12,341,11,364
1116346,11,527,27,565
1116347,12,261,9,282
1116348,12,273,25,310
1116349,22,422,12,456
1116350,15,542,23,580
1116351,21,340,16,377
1116352,21,395,12,428
1116353,18,300,9,327
1116354,16,460,27,503
1116355,12,367,13,392
1116356,24,222,25,271
1116357,24,359,49,432
1116358,15,450,13,478
1116359,18,512,27,557
1116360,18,396,12,426
1116361,12,458,15,485
1116362,144,231,7,382
1116363,24,564,11,599
1116364,22,505,9,536
1116365,6,349,9,364
1116366,15,363,3,381
1116367,33,612,12,657
1116401,16,244,69,329
1116402,33,439,20,492
1116403,3,38,0,41
1116404,26,253,15,294
1116405,14,459,13,486
1116406,152,366,41,559
1116407,45,501,54,600
1116408,27,432,22,481
1116409,15,299,16,330
1116410,41,567,37,645
1116411,39,449,51,539
1116412,24,325,17,366
1116413,48,458,50,556
1116414,39,299,12,350
1116415,14,217,4,235
1116416,32,348,18,398
1116417,6,195,3,204
1116418,15,343,16,374
1116419,39,471,27,537
1116420,37,346,17,400
1116421,135,377,24,536
1116422,42,551,39,632
1116423,39,468,19,526
1116424,15,528,23,566
1116425,20,542,16,578
1116426,41,324,19,384
1116427,51,395,28,474
1116428,42,343,19,404
1116429,35,258,12,305
1116430,45,370,41,456
1116431,18,208,17,243
1116432,35,199,17,251
1116433,15,377,15,407
1116434,60,362,12,434
1116435,0,0,0,0
1116436,9,190,25,224
1116437,3,12,3,18
1116438,15,313,19,347
1116501,12,346,22,380
1116502,15,224,16,255
1116503,12,204,6,222
1116504,27,218,23,268
1116505,13,370,15,398
1116506,19,353,0,372
1116507,26,347,8,381
1116508,8,123,13,144
1116509,17,365,9,391
1116510,15,181,16,212
1116511,17,215,34,266
1116512,10,264,18,292
1116513,26,345,13,384
1116514,12,308,9,329
1116515,12,262,18,292
1116516,16,399,37,452
1116601,15,186,0,201
1116602,32,271,3,306
1116603,70,286,19,375
1116604,36,441,14,491
1116605,34,340,21,395
1116606,18,388,6,412
1116607,30,411,9,450
1116608,29,335,6,370
1116609,104,304,19,427
1116610,9,284,6,299
1116611,34,498,53,585
1116612,12,325,7,344
1116613,3,129,9,141
1116614,24,528,17,569
1116615,25,354,15,394
1116616,6,225,23,254
1116617,0,9,0,9
1116618,8,403,12,423
1116619,23,527,18,568
1116620,9,412,15,436
1116621,19,288,19,326
1116622,13,367,26,406
1116623,21,195,3,219
1116624,22,258,14,294
1116625,27,216,6,249
1116626,39,340,15,394
1116627,10,302,9,321
1116628,14,175,7,196
1116629,24,319,22,365
1116701,22,280,10,312
1116702,48,399,22,469
1116703,44,251,9,304
1116704,20,240,0,260
1116705,29,239,3,271
1116706,7,248,14,269
1116707,0,19,0,19
1116708,16,512,10,538
1116709,33,229,6,268
1116710,6,230,6,242
1116711,24,329,6,359
1116712,9,182,3,194
1116713,31,463,22,516
1116714,25,378,9,412
1116715,22,370,18,410
1116801,27,487,30,544
1116802,24,176,6,206
1116803,28,397,21,446
1116804,14,282,4,300
1116805,6,426,24,456
1116806,30,581,9,620
1116807,8,231,10,249
1116808,19,338,44,401
1116809,19,281,18,318
1116810,4,42,0,46
1116811,8,192,13,213
1116812,28,407,17,452
1116813,13,342,9,364
1116814,18,180,9,207
1116815,17,522,6,545
1116816,33,409,3,445
1116817,12,199,5,216
1116818,71,265,21,357
1116819,28,407,29,464
1116820,43,344,28,415
1116821,3,133,3,139
1116822,15,366,16,397
1116823,19,240,9,268
1116824,15,327,9,351
1116825,12,417,3,432
1116826,16,173,4,193
1116827,19,168,0,187
1116828,0,0,0,0
1116829,18,278,12,308
1116901,41,442,25,508
1116902,28,286,19,333
1116903,159,243,15,417
1116904,25,335,0,360
1116905,19,251,12,282
1116906,3,146,5,154
1116907,21,393,7,421
1116908,31,257,4,292
1116909,21,321,23,365
1116910,9,236,14,259
1116911,21,291,12,324
1116912,20,309,15,344
1116913,26,347,14,387
1116914,25,241,5,271
1116915,38,483,7,528
1116916,31,496,9,536
1116917,31,257,20,308
1116918,37,431,28,496
1116919,19,341,9,369
1116920,31,254,21,306
1116921,23,212,15,250
1116922,34,431,36,501
1116923,23,304,40,367
1116924,11,237,15,263
1116925,11,169,3,183
1116926,24,314,18,356
1116927,18,116,8,142
1116928,54,299,45,398
1116929,31,376,53,460
1116930,28,211,21,260
1116931,63,374,33,470
1116932,21,210,4,235
1116933,28,279,9,316
1116934,20,243,16,279
1116935,36,326,12,374
1116936,10,179,28,217
1116937,14,305,11,330
1116938,18,244,15,277
1116939,15,247,16,278
1116940,34,231,35,300
1116941,27,265,9,301
1116942,16,253,10,279
1116943,20,446,24,490
1116944,17,222,6,245
1116945,8,178,15,201
1116946,30,326,37,393
1116947,18,140,12,170
1116948,50,419,24,493
1116949,35,539,30,604
1116950,75,256,25,356
1116951,0,65,6,71
1116952,166,241,7,414
1116953,3,77,11,91
1116954,25,355,24,404
1116955,28,313,12,353
1116956,24,296,3,323
1116957,22,322,16,360
1116958,18,281,4,303
1116959,38,354,27,419
1116960,60,200,78,338
1117001,61,685,29,775
1117002,0,0,0,0
1117003,14,162,36,212
1117004,23,255,25,303
1117005,38,318,30,386
1117006,38,319,21,378
1117007,23,189,7,219
1117008,37,337,12,386
1117009,0,0,0,0
1117010,24,246,22,292
1117011,0,0,0,0
1117012,37,489,39,565
1117013,16,284,46,346
1117014,25,388,9,422
1117015,41,430,22,493
1117016,18,232,15,265
1117017,20,275,28,323
1117018,0,0,0,0
1117019,9,233,16,258
1117020,15,306,6,327
1117021,20,296,23,339
1117022,20,316,64,400
1117023,30,262,19,311
1117024,18,274,48,340
1117025,12,246,6,264
1117026,12,228,8,248
1117027,19,358,9,386
1117028,16,253,9,278
1117029,3,115,3,121
1117030,8,158,9,175
1117031,14,341,36,391
1117032,23,415,28,466
1117033,20,310,10,340
1117034,29,442,16,487
1117035,4,4,0,8
1117036,12,85,0,97
1117037,41,280,12,333
1117038,13,182,22,217
1117039,30,315,23,368
1117101,15,224,9,248
1117102,30,421,12,463
1117103,24,280,14,318
1117104,12,339,25,376
1117105,32,346,20,398
1117106,38,439,24,501
1117107,21,423,20,464
1117108,21,412,15,448
1117109,22,320,4,346
1117110,10,240,0,250
1117111,31,344,24,399
1117112,6,158,12,176
1117113,26,300,18,344
1117114,86,205,17,308
1117115,19,224,16,259
1117201,12,388,9,409
1117202,21,520,9,550
1117203,20,398,0,418
1117204,11,351,23,385
1117205,9,411,21,441
1117206,7,626,8,641
1117207,18,374,21,413
1117208,10,463,19,492
1117209,7,337,9,353
1117210,22,394,22,438
1117211,9,345,9,363
1117212,15,348,14,377
1117213,3,302,18,323
1117214,21,445,10,476
1117215,12,273,3,288
1117216,11,297,7,315
1117217,9,498,9,516
1117218,0,235,9,244
1117219,47,333,21,401
1117220,3,546,45,594
1117221,63,759,25,847
1117222,45,367,26,438
1117223,18,692,21,731
1117224,21,337,44,402
1117225,0,162,9,171
1117226,0,182,6,188
1117227,28,590,19,637
1117228,17,362,18,397
1117229,12,491,36,539
1117230,3,3,0,6
1117301,9,104,0,113
1117302,7,269,15,291
1117303,8,246,20,274
1117304,32,346,71,449
1117305,19,362,9,390
1117306,39,449,63,551
1117307,31,514,36,581
1117308,29,208,37,274
1117309,39,485,20,544
1117310,4,166,9,179
1117311,21,486,39,546
1117312,24,381,32,437
1117313,11,201,26,238
1117314,24,336,18,378
1117315,9,307,6,322
1117316,13,337,10,360
1117317,11,265,4,280
1117318,32,350,26,408
1117319,27,309,25,361
1117320,6,349,13,368
1117321,24,487,24,535
1117322,9,389,7,405
1117323,3,93,6,102
1117324,9,260,6,275
1117325,6,259,21,286
1117326,9,330,32,371
1117401,7,292,9,308
1117402,79,381,30,490
1117403,15,463,15,493
1117404,21,439,64,524
1117405,6,461,27,494
1117406,12,497,15,524
1117407,24,449,35,508
1117408,23,355,25,403
1117409,32,393,32,457
1117410,55,509,70,634
1117411,15,336,3,354
1117412,8,218,18,244
1117413,17,343,12,372
1117414,168,315,17,500
1117415,9,487,33,529
1117416,6,391,28,425
1117417,61,307,15,383
1117418,12,478,21,511
1117419,0,6,0,6
1117420,0,0,0,0
1117421,4,0,0,4
1117422,0,6,0,6
1117423,12,244,33,289
1117424,0,271,10,281
1117425,62,339,29,430
1117426,30,430,46,506
1117427,21,179,21,221
1117428,12,345,17,374
1117429,0,268,0,268
1117501,26,442,18,486
1117502,9,242,0,251
1117503,6,365,18,389
1117504,0,352,9,361
1117505,29,375,22,426
1117506,4,318,5,327
1117507,3,407,6,416
1117508,7,495,0,502
1117509,53,334,28,415
1117510,20,191,3,214
1117511,24,366,22,412
1117512,0,261,9,270
1117513,10,349,14,373
1117514,11,365,17,393
1117515,4,167,52,223
1117516,9,358,12,379
1117517,14,310,12,336
1117518,15,229,9,253
1117519,18,254,19,291
1117520,4,206,12,222
1117521,6,210,27,243
1117522,45,328,41,414
1117523,15,327,22,364
1117524,27,278,32,337
1117525,7,298,6,311
1117526,6,232,18,256
1117527,30,290,4,324
1117528,67,460,27,554
1117529,19,289,8,316
1117530,0,9,0,9
1117531,0,312,6,318
1117532,0,154,0,154
1117533,9,189,10,208
1117534,6,102,6,114
1117601,38,468,73,579
1117602,12,262,6,280
1117603,17,299,7,323
1117604,26,493,16,535
1117605,21,442,21,484
1117606,17,302,6,325
1117607,22,504,33,559
1117608,11,292,29,332
1117609,12,343,20,375
1117610,34,496,31,561
1117611,27,379,24,430
1117612,23,329,28,380
1117613,39,447,25,511
1117614,81,322,24,427
1117615,12,418,16,446
1117616,24,271,39,334
1117617,18,311,12,341
1117618,6,249,15,270
1117619,25,250,8,283
1117620,32,465,42,539
1117621,20,311,7,338
1117622,24,383,15,422
1117623,9,219,12,240
1117624,9,291,35,335
1117625,3,143,3,149
1117626,0,6,0,6
1117627,15,368,23,406
1117628,6,482,12,500
1117629,13,143,13,169
1117630,21,184,8,213
1117631,13,316,26,355
1117632,18,362,21,401
1117633,33,520,12,565
1117634,33,632,27,692
1117635,9,205,6,220
1117636,36,551,35,622
1117701,12,285,23,320
1117702,18,197,9,224
1117703,9,165,9,183
1117704,42,314,28,384
1117705,10,285,16,311
1117706,12,145,0,157
1117707,9,248,6,263
1117708,16,206,12,234
1117709,15,192,6,213
1117710,0,150,13,163
1117711,3,197,12,212
1117712,12,310,3,325
1117801,6,303,7,316
1117802,17,366,28,411
1117803,11,186,10,207
1117804,0,269,15,284
1117805,16,332,24,372
1117806,0,0,0,0
1117807,25,212,28,265
1117808,18,216,14,248
1117809,0,193,16,209
1117810,0,124,3,127
1117811,8,210,17,235
1117812,27,246,3,276
1117813,35,250,24,309
1117814,15,247,22,284
1117815,48,307,16,371
1117816,3,16,0,19
1117817,28,370,12,410
1117818,9,199,13,221
1117819,6,271,3,280
1117820,10,220,3,233
1117821,15,372,33,420
1117822,15,222,28,265
1117901,15,305,32,352
1117902,6,125,3,134
1117903,23,393,25,441
1117904,15,274,39,328
1117905,15,199,13,227
1117906,15,355,8,378
1117907,12,417,37,466
1117908,36,363,51,450
1117909,0,286,36,322
1117910,13,335,34,382
1117911,3,153,21,177
1118001,6,206,0,212
1118002,9,148,3,160
1118003,16,413,12,441
1118004,39,350,17,406
1118005,12,287,13,312
1118006,14,278,24,316
1118007,21,393,8,422
1118008,15,254,24,293
1118009,35,107,13,155
1118010,7,210,12,229
1118011,6,301,31,338
1118012,15,431,21,467
1118013,21,562,39,622
1118014,0,5,0,5
1118015,0,9,0,9
1118016,0,0,0,0
1118017,18,221,58,297
1118018,12,196,6,214
1118019,0,71,6,77
1118020,17,397,12,426
1118021,12,183,9,204
1118101,6,296,7,309
1118102,22,464,22,508
1118103,11,216,4,231
1118104,3,290,16,309
1118105,6,154,12,172
1118106,6,361,33,400
1118107,0,0,0,0
1118108,21,312,9,342
1118109,23,313,21,357
1118110,41,240,21,302
1118111,18,353,34,405
1118112,13,212,15,240
1118113,18,279,6,303
1118114,15,399,12,426
1118115,15,335,12,362
1118116,41,470,9,520
1118117,15,215,10,240
1118118,19,334,12,365
1118119,19,336,16,371
1118120,7,336,7,350
1118201,3,213,18,234
1118202,0,0,0,0
1118203,30,236,21,287
1118204,23,303,21,347
1118205,15,249,23,287
1118206,9,214,9,232
1118207,19,326,46,391
1118208,12,196,9,217
1118209,3,239,9,251
1118210,30,229,19,278
1118211,26,299,30,355
1118212,22,277,13,312
1118213,27,395,22,444
1118214,20,374,9,403
1118215,18,297,12,327
1118216,71,215,10,296
1118217,48,228,33,309
1118218,7,255,14,276
1118219,21,408,30,459
1118220,14,356,15,385
1118221,10,245,8,263
1118222,16,423,32,471
1118223,0,0,0,0
1118224,9,278,0,287
1118301,7,233,4,244
1118302,44,373,29,446
1118303,19,178,4,201
1118304,14,249,12,275
1118305,61,470,27,558
1118306,15,269,30,314
1118307,10,152,16,178
1118308,17,303,10,330
1118309,15,226,37,278
1118310,4,245,4,253
1118311,12,227,7,246
1118312,9,354,12,375
1118313,9,268,15,292
1118314,12,207,15,234
1118315,16,357,43,416
1118316,6,363,6,375
1118317,12,474,36,522
1118318,16,341,19,376
1118319,12,376,7,395
1118320,6,261,12,279
1118321,0,140,4,144
1118322,0,69,0,69
1118401,46,416,18,480
1118402,9,221,0,230
1118403,18,466,23,507
1118404,16,254,37,307
1118405,0,72,10,82
1118406,63,101,13,177
1118407,26,429,36,491
1118408,28,325,31,384
1118409,49,261,19,329
1118410,6,293,22,321
1118411,12,402,9,423
1118412,12,379,18,409
1118413,6,286,3,295
1118414,7,291,3,301
1118415,13,365,13,391
1118501,15,319,9,343
1118502,9,384,12,405
1118503,28,478,33,539
1118504,36,308,34,378
1118505,40,551,52,643
1118506,24,367,33,424
1118507,6,221,6,233
1118508,3,247,12,262
1118509,21,236,3,260
1118510,9,318,9,336
1118511,3,165,6,174
1118512,14,297,10,321
1118513,6,266,21,293
1118514,0,155,11,166
1118515,15,241,0,256
1118516,29,347,23,399
1118517,28,382,36,446
1118518,24,302,21,347
1118519,90,324,24,438
1118520,24,256,11,291
1118521,18,266,20,304
1118522,9,154,9,172
1118523,36,331,31,398
1118524,21,339,16,376
1118525,11,309,14,334
1118526,42,271,14,327
1118527,16,416,21,453
1118601,3,817,39,859
1118602,6,413,12,431
1118603,19,456,3,478
1118604,12,620,25,657
1118605,7,463,4,474
1118606,9,353,9,371
1118607,7,380,60,447
1118608,8,323,16,347
1118609,25,401,9,435
1118610,27,267,23,317
1118611,9,239,0,248
1118612,12,399,24,435
1118613,12,287,24,323
1118614,18,376,25,419
1118615,5,470,30,505
1118616,18,395,3,416
1118617,9,313,0,322
1118618,17,505,16,538
1118619,3,180,12,195
1118620,16,382,18,416
1118621,13,335,7,355
1118622,18,400,17,435
1118623,19,396,15,430
1118624,14,540,25,579
1118625,9,203,6,218
1118626,10,253,15,278
1118627,19,398,24,441
1118628,6,255,15,276
1118629,18,345,10,373
1118630,33,422,98,553
1118631,27,281,60,368
1118632,21,398,18,437
1118633,16,249,48,313
1118634,8,202,7,217
1118635,6,173,21,200
1118636,12,317,46,375
1118637,22,466,37,525
1118638,15,438,32,485
1118639,9,372,28,409
1118640,14,369,25,408
1118641,7,415,21,443
1118642,122,405,17,544
1118643,76,423,44,543
1118644,32,457,34,523
1118645,27,325,33,385
1118646,9,193,15,217
1118647,10,278,15,303
1118648,13,363,41,417
1118649,18,453,91,562
1118650,29,404,45,478
1118651,13,361,12,386
1118652,59,329,21,409
1118653,9,253,9,271
1118654,28,562,92,682
1118701,31,406,33,470
1118702,8,327,33,368
1118703,60,429,21,510
1118704,31,503,63,597
1118705,0,176,6,182
1118706,12,329,0,341
1118707,14,411,10,435
1118708,7,315,7,329
1118709,6,218,3,227
1118710,18,216,3,237
1118711,15,259,19,293
1118712,12,279,13,304
1118801,31,346,6,383
1118802,21,338,15,374
1118803,19,411,34,464
1118804,27,241,39,307
1118805,6,401,18,425
1118806,10,359,18,387
1118807,16,334,10,360
1118808,9,258,12,279
1118809,15,150,9,174
1118810,12,424,19,455
1118811,0,189,29,218
1118812,4,211,3,218
1118813,9,177,6,192
1118814,15,298,12,325
1118815,12,288,21,321
1118816,12,240,7,259
1118817,16,293,3,312
1118818,12,310,19,341
1118819,9,183,12,204
1118901,3,200,18,221
1118902,25,252,8,285
1118903,56,277,19,352
1118904,12,243,0,255
1118905,13,347,11,371
1118906,15,214,21,250
1118907,0,346,21,367
1118908,10,368,6,384
1118909,6,131,6,143
1118910,6,131,0,137
1118911,3,256,3,262
1118912,9,156,3,168
1119001,9,195,15,219
1119002,26,406,11,443
1119003,40,237,22,299
1119004,28,269,20,317
1119005,11,278,6,295
1119006,10,350,20,380
1119007,25,250,13,288
1119008,13,369,26,408
1119009,38,403,21,462
1119010,25,386,21,432
1119011,9,281,22,312
1119012,73,324,21,418
1119013,44,579,26,649
1119014,12,247,15,274
1119015,20,338,27,385
1119016,15,241,19,275
1119017,82,310,15,407
1119018,17,355,25,397
1119019,3,122,3,128
1119020,12,176,18,206
1119021,39,427,139,605
1119022,12,334,6,352
1119023,6,222,12,240
1119024,20,221,6,247
1119025,7,211,3,221
1119101,27,409,18,454
1119102,21,341,7,369
1119103,0,324,13,337
1119104,3,205,25,233
1119105,15,245,5,265
1119106,22,458,13,493
1119107,16,322,28,366
1119108,18,298,12,328
1119109,21,335,25,381
1119110,35,355,15,405
1119111,34,503,30,567
1119112,19,404,13,436
1119113,23,483,17,523
1119114,35,545,22,602
1119115,16,99,142,257
1119116,9,177,12,198
1119117,20,439,15,474
1119118,43,425,23,491
1119119,28,460,31,519
1119120,22,382,9,413
1119121,12,283,12,307
1119122,12,383,18,413
1119123,47,440,34,521
1119124,36,363,17,416
1119125,21,552,31,604
1119126,7,217,0,224
1119127,33,370,47,450
1119128,34,303,12,349
1119201,35,238,6,279
1119202,29,182,3,214
1119203,26,226,14,266
1119204,27,229,6,262
1119205,25,314,9,348
1119206,43,345,14,402
1119207,39,334,24,397
1119208,29,352,9,390
1119209,10,179,6,195
1119210,4,365,27,396
1119211,11,381,24,416
1119212,30,519,18,567
1119213,18,277,10,305
1119214,0,190,9,199
1119215,30,588,23,641
1119301,29,230,3,262
1119302,9,308,9,326
1119303,10,189,0,199
1119304,15,298,10,323
1119305,9,116,0,125
1119306,21,278,21,320
1119307,6,294,6,306
1119308,12,241,13,266
1119309,12,302,6,320
1119310,0,259,10,269
1119311,21,169,15,205
1119312,6,191,12,209
1119313,11,226,7,244
1119314,25,264,9,298
1119315,48,287,6,341
1119316,37,429,16,482
1119317,28,257,4,289
1119318,18,203,11,232
1119319,60,316,12,388
1119320,30,171,6,207
1119401,11,105,13,129
1119402,23,335,20,378
1119403,21,380,35,436
1119404,20,289,17,326
1119405,18,207,10,235
1119406,38,328,27,393
1119407,23,316,9,348
1119408,14,354,3,371
1119409,3,208,8,219
1119410,33,176,18,227
1119411,9,201,3,213
1119412,18,347,81,446
1119413,12,159,40,211
1119414,8,292,3,303
1119415,24,205,33,262
1119416,55,204,12,271
1119417,42,261,7,310
1119418,17,322,27,366
1119419,12,288,4,304
1119420,15,127,6,148
1119421,9,126,6,141
1119422,19,326,11,356
1119423,15,193,12,220
1119424,16,178,3,197
1119501,0,44,0,44
1119502,6,217,20,243
1119503,32,345,184,561
1119504,27,504,25,556
1119505,3,294,21,318
1119506,0,312,69,381
1119507,6,255,18,279
1119508,13,402,27,442
1119509,77,211,99,387
1119510,4,460,6,470
1119511,12,370,15,397
1119512,0,96,3,99
1119513,3,364,22,389
1119514,14,333,13,360
1119515,12,269,26,307
1119516,18,376,62,456
1119517,18,312,107,437
1119518,18,240,39,297
1119519,22,437,91,550
1119520,32,288,72,392
1119521,3,287,62,352
1119522,3,309,35,347
1119523,6,308,7,321
1119524,0,0,0,0
1119525,0,0,6,6
1119601,17,223,12,252
1119602,0,124,15,139
1119603,4,171,12,187
1119604,3,276,4,283
1119605,12,512,26,550
1119606,12,328,6,346
1119607,0,226,0,226
1119608,20,394,8,422
1119609,9,195,0,204
1119610,0,92,0,92
1119611,3,184,6,193
1119612,0,414,4,418
1119613,6,226,7,239
1119614,27,420,40,487
1119615,10,238,6,254
1119616,10,319,9,338
1119617,0,246,39,285
1119618,23,579,21,623
1119701,10,237,12,259
1119702,12,257,21,290
1119703,12,237,18,267
1119704,3,192,18,213
1119705,9,343,5,357
1119706,16,326,33,375
1119707,17,268,16,301
1119708,23,341,13,377
1119709,4,287,0,291
1119710,15,336,59,410
1119711,11,269,29,309
1119712,6,231,10,247
1119713,22,286,10,318
1119714,21,315,29,365
1119715,9,306,26,341
1119716,0,13,0,13
1119717,87,282,21,390
1119718,6,194,27,227
1119719,12,257,16,285
1119720,15,214,42,271
1119721,15,550,13,578
1119722,18,405,22,445
1119801,21,388,48,457
1119802,33,178,16,227
1119803,5,390,35,430
1119804,7,349,29,385
1119805,6,193,3,202
1119806,0,243,21,264
1119807,3,185,0,188
1119808,13,482,26,521
1119809,18,239,9,266
1119810,8,126,10,144
1119811,12,372,22,406
1119812,29,302,12,343
1119813,25,504,33,562
1119814,21,373,24,418
1119901,30,444,51,525
1119902,20,369,23,412
1119903,20,435,23,478
1119904,13,267,21,301
1119905,26,417,39,482
1119906,22,352,40,414
1119907,23,465,10,498
1119908,19,408,27,454
1119909,46,189,27,262
1119910,6,194,3,203
1119911,5,164,6,175
1119912,24,446,42,512
1119913,21,350,33,404
1119914,18,315,21,354
1119915,18,619,35,672
1119916,30,510,111,651
1119917,12,243,16,271
1119918,33,394,29,456
1119919,22,364,25,411
1119920,3,155,3,161
1119921,33,602,28,663
1120001,34,505,49,588
1120002,27,348,32,407
1120003,46,394,18,458
1120004,12,152,11,175
1120005,9,213,18,240
1120006,23,338,21,382
1120007,9,309,6,324
1120008,9,236,9,254
1120009,9,230,13,252
1120010,12,329,16,357
1120011,3,210,15,228
1120012,34,501,6,541
1120013,9,297,15,321
1120101,57,492,28,577
1120102,21,178,0,199
1120103,37,308,11,356
1120104,33,271,6,310
1120105,19,390,19,428
1120106,26,467,10,503
1120107,21,216,4,241
1120108,83,305,12,400
1120109,24,241,12,277
1120110,21,336,19,376
1120111,29,304,25,358
1120112,15,208,5,228
1120113,8,294,18,320
1120114,6,276,4,286
1120115,18,419,21,458
1120116,19,436,33,488
1120117,24,364,36,424
1120118,7,232,3,242
1120119,9,268,15,292
1120120,15,190,30,235
1120121,6,352,33,391
1120122,0,88,0,88
1120201,18,578,12,608
1120202,15,219,0,234
1120203,4,417,15,436
1120204,15,826,41,882
1120205,24,506,21,551
1120206,15,311,18,344
1120207,20,614,11,645
1120208,6,290,21,317
1120209,21,553,17,591
1120210,3,199,24,226
1120211,0,341,19,360
1120212,18,372,17,407
1120213,15,251,15,281
1120214,12,521,19,552
1120215,12,246,19,277
1120216,15,232,4,251
1120217,13,195,17,225
1120218,24,278,19,321
1120219,15,321,18,354
1120220,15,405,17,437
1120221,15,177,18,210
1120222,6,224,12,242
1120223,7,448,11,466
1120224,22,187,0,209
1120225,29,396,39,464
1120226,13,287,25,325
1120227,17,395,20,432
1120228,16,234,20,270
1120229,0,0,0,0
1120230,10,301,27,338
1120231,37,490,76,603
1120232,22,290,43,355
1120233,18,126,6,150
1120234,22,248,23,293
1120235,35,427,26,488
1120236,20,263,34,317
1120237,16,376,46,438
1120238,27,197,24,248
1120239,11,341,27,379
1120240,13,389,27,429
1120241,28,405,18,451
1120242,12,276,20,308
1120243,28,387,24,439
1120244,23,416,16,455
1120245,12,347,33,392
1120246,6,343,9,358
1120247,3,212,0,215
1120248,24,431,19,474
1120249,21,276,3,300
1120250,12,413,21,446
1120251,21,381,22,424
1120252,16,269,20,305
1120253,18,330,43,391
1120301,21,318,15,354
1120302,36,333,20,389
1120303,21,227,7,255
1120304,38,183,109,330
1120305,26,274,22,322
1120306,157,327,23,507
1120307,21,265,32,318
1120308,11,301,35,347
1120309,106,375,22,503
1120310,6,238,38,282
1120311,14,168,55,237
1120312,19,252,19,290
1120313,12,240,22,274
1120314,25,459,25,509
1120315,18,340,31,389
1120316,6,328,20,354
1120317,11,281,18,310
1120318,7,412,4,423
1120319,27,408,38,473
1120320,35,478,29,542
1120321,51,272,32,355
1120322,16,485,40,541
1120323,30,381,40,451
1120324,19,369,33,421
1120325,30,775,50,855
1120326,98,402,14,514
1120327,27,344,21,392
1120328,9,319,12,340
1120329,18,471,5,494
1120330,12,380,20,412
1120331,0,38,3,41
1120332,0,6,0,6
1120333,15,290,18,323
1120334,15,206,15,236
1120335,18,468,35,521
1120336,0,212,21,233
1120401,0,42,6,48
1120402,7,264,14,285
1120403,18,327,15,360
1120404,7,285,12,304
1120405,24,314,18,356
1120406,18,322,50,390
1120407,17,663,26,706
1120408,18,478,40,536
1120409,20,364,21,405
1120410,22,392,39,453
1120411,22,482,41,545
1120412,28,490,39,557
1120413,19,357,5,381
1120501,0,92,9,101
1120502,0,163,27,190
1120503,3,166,12,181
1120504,9,186,9,204
1120505,6,217,0,223
1120506,19,533,21,573
1120507,6,392,27,425
1120508,13,227,0,240
1120509,12,220,0,232
1120510,11,229,3,243
1120511,12,201,0,213
1120512,24,1103,22,1149
1120513,3,333,10,346
1120514,49,599,22,670
1120515,8,276,15,299
1120516,12,255,24,291
1120517,15,361,11,387
1120518,18,282,3,303
1120519,21,209,3,233
1120520,0,129,0,129
1120521,6,166,0,172
1120522,26,219,12,257
1120523,62,327,20,409
1120524,31,211,11,253
1120525,17,201,12,230
1120526,21,337,21,379
1120527,6,347,18,371
1120528,6,375,15,396
1120529,18,487,24,529
1120530,15,161,0,176
1120531,34,341,30,405
1120532,44,331,12,387
1120533,35,333,21,389
1120534,21,264,6,291
1120535,48,203,4,255
1120536,19,243,9,271
1120537,21,291,20,332
1120538,10,486,26,522
1120539,6,215,0,221
1120540,0,139,0,139
1120541,23,268,18,309
1120542,17,377,10,404
1120543,6,328,7,341
1120544,10,363,15,388
1120545,21,301,17,339
1120546,19,296,10,325
1120547,14,410,28,452
1120548,17,345,13,375
1120549,16,223,3,242
1120550,84,416,24,524
1120551,11,159,4,174
1120552,22,415,11,448
1120601,18,146,3,167
1120602,16,280,21,317
1120603,12,236,9,257
1120604,6,328,9,343
1120605,34,389,21,444
1120606,41,402,33,476
1120607,0,0,0,0
1120608,14,263,36,313
1120609,46,350,78,474
1120610,27,559,28,614
1120611,16,418,15,449
1120612,16,475,15,506
1120613,19,273,18,310
1120614,9,294,3,306
1120615,21,534,12,567
1120616,15,347,38,400
1120617,15,241,24,280
1120618,27,382,19,428
1120619,9,496,49,554
1120620,19,457,15,491
1120621,9,441,3,453
1120622,18,326,21,365
1120623,37,553,20,610
1120624,24,339,3,366
1120625,4,373,25,402
1120626,22,530,10,562
1120627,15,557,3,575
1120628,19,376,9,404
1120629,39,304,21,364
1120630,17,270,23,310
1120631,30,310,33,373
1120632,6,299,13,318
1120633,96,432,29,557
1120634,26,479,21,526
1120635,105,229,19,353
1120636,13,306,20,339
1120637,15,356,23,394
1120638,26,498,22,546
1120639,33,362,20,415
1120640,3,461,17,481
1120641,12,428,3,443
1120642,23,289,10,322
1120701,22,404,24,450
1120702,21,440,7,468
1120703,18,358,15,391
1120704,18,208,6,232
1120705,14,365,30,409
1120706,27,285,9,321
1120707,34,376,25,435
1120708,22,402,19,443
1120709,45,418,30,493
1120710,0,0,0,0
1120711,31,304,3,338
1120712,51,443,35,529
1120713,24,248,5,277
1120714,0,0,0,0
1120715,46,500,18,564
1120716,9,245,13,267
1120801,14,369,13,396
1120802,12,280,9,301
1120803,15,245,22,282
1120804,5,238,3,246
1120805,20,437,9,466
1120806,6,272,12,290
1120807,16,380,4,400
1120808,6,388,14,408
1120809,11,271,11,293
1120810,18,332,28,378
1120811,12,350,15,377
1120812,15,301,9,325
1120813,24,287,13,324
1120814,18,402,34,454
1120815,15,369,21,405
1120816,13,294,15,322
1120817,9,471,15,495
1120818,21,314,18,353
1120819,23,367,24,414
1120820,15,326,16,357
1120821,19,362,50,431
1120822,21,402,14,437
1120823,0,0,0,0
1120824,5,197,3,205
1120825,29,381,24,434
1120826,17,499,9,525
1120827,14,487,7,508
1120828,9,387,0,396
1120829,12,274,0,286
1120830,12,265,0,277
1120831,0,294,16,310
1120832,0,273,9,282
1120833,6,267,12,285
1120834,13,281,9,303
1120835,21,363,27,411
1120836,49,437,28,514
1120837,38,380,18,436
1120838,16,270,9,295
1120839,109,297,9,415
1120840,21,414,17,452
1120841,20,438,7,465
1120842,22,277,3,302
1120843,21,253,12,286
1120844,23,212,4,239
1120845,12,358,18,388
1120846,0,413,4,417
1120847,7,249,4,260
1120848,9,318,6,333
1120849,15,368,12,395
1120850,12,253,3,268
1120851,18,248,14,280
1120852,19,310,24,353
1120853,9,298,12,319
1120854,10,242,22,274
1120855,27,560,24,611
1120856,3,283,7,293
1120857,15,323,6,344
1120858,15,364,18,397
1120859,11,436,21,468
1120860,36,498,38,572
1120861,18,271,17,306
1120862,40,399,18,457
1120863,17,336,26,379
1120864,14,378,15,407
1120865,5,11,0,16
1120866,17,209,3,229
1120901,96,345,23,464
1120902,0,0,3,3
1120903,12,302,18,332
1120904,15,316,3,334
1120905,39,398,28,465
1120906,50,454,9,513
1120907,34,392,6,432
1120908,32,260,7,299
1120909,28,288,4,320
1120910,21,284,21,326
1120911,18,275,9,302
1120912,3,269,6,278
1120913,24,454,14,492
1120914,10,469,24,503
1120915,27,546,32,605
1120916,18,392,9,419
1120917,10,503,22,535
1120918,19,502,21,542
1120919,15,343,4,362
1120920,9,371,21,401
1120921,39,525,9,573
1120922,26,462,25,513
1120923,25,389,11,425
1120924,7,407,19,433
1120925,36,442,27,505
1120926,29,363,38,430
1120927,26,381,8,415
1120928,12,532,21,565
1120929,12,274,3,289
1120930,14,338,9,361
1120931,23,381,24,428
1120932,27,472,10,509
1120933,32,403,21,456
1120934,24,352,18,394
1120935,33,339,12,384
1120936,23,351,32,406
1120937,0,5,0,5
1120938,0,0,0,0
1120939,18,448,44,510
1120940,38,343,13,394
1120941,11,369,12,392
1120942,10,375,12,397
1120943,10,394,18,422
1120944,8,427,21,456
1120945,5,399,22,426
1120946,6,429,9,444
1120947,10,466,6,482
1120948,86,431,13,530
1120949,21,295,3,319
1120950,27,430,17,474
1120951,57,249,24,330
1120952,26,414,18,458
1120953,18,447,12,477
1120954,11,524,9,544
1120955,12,405,24,441
1120956,16,421,13,450
1121001,15,183,28,226
1121002,0,201,4,205
1121003,15,379,6,400
1121004,15,257,9,281
1121005,20,364,0,384
1121006,39,373,21,433
1121007,28,536,14,578
1121008,17,431,26,474
1121009,30,821,24,875
1121010,121,89,0,210
1121011,9,277,16,302
1121012,24,286,22,332
1121013,55,453,72,580
1121014,22,255,13,290
1121015,57,254,6,317
1121016,9,356,12,377
1121017,14,301,0,315
1121018,49,431,35,515
1121019,36,232,20,288
1121020,59,354,36,449
1121021,53,320,27,400
1121022,26,342,31,399
1121101,18,247,6,271
1121102,6,282,0,288
1121103,48,405,20,473
1121104,3,357,0,360
1121105,60,281,6,347
1121106,14,329,12,355
1121107,15,320,15,350
1121108,16,554,9,579
1121109,0,12,0,12
1121110,6,417,12,435
1121201,11,384,14,409
1121202,20,318,24,362
1121203,15,216,9,240
1121204,55,455,16,526
1121205,23,327,22,372
1121206,27,389,24,440
1121207,47,448,33,528
1121208,18,341,6,365
1121209,23,354,19,396
1121210,11,250,6,267
1121211,26,323,16,365
1121212,15,474,16,505
1121213,13,180,16,209
1121214,7,378,46,431
1121215,33,347,37,417
1121216,37,376,17,430
1121217,13,383,25,421
1121218,59,273,27,359
1121219,13,252,40,305
1121220,0,0,0,0
1121221,31,246,15,292
1121222,22,436,40,498
1121223,43,298,29,370
1121224,25,591,23,639
1121225,34,535,44,613
1121226,21,310,35,366
1121227,40,536,10,586
1121301,0,0,6,6
1121302,0,0,0,0
1121303,17,480,16,513
1121304,12,391,21,424
1121305,16,462,13,491
1121306,13,387,3,403
1121307,14,479,19,512
1121308,21,508,15,544
1121309,3,187,0,190
1121310,10,437,20,467
1121311,15,457,8,480
1121312,10,417,15,442
1121313,8,273,7,288
1121314,66,423,18,507
1121315,7,474,15,496
1121316,6,206,3,215
1121317,5,419,0,424
1121318,12,410,0,422
1121319,12,395,15,422
1121320,18,215,6,239
1121321,18,368,9,395
1121322,14,498,9,521
1121323,7,581,12,600
1121324,6,484,15,505
1121325,15,512,14,541
1121326,20,417,4,441
1121327,19,383,12,414
1121328,12,297,5,314
1121329,23,293,53,369
1121330,6,356,5,367
1121401,21,442,21,484
1121402,17,321,9,347
1121403,30,512,20,562
1121404,27,394,12,433
1121405,0,3,0,3
1121406,12,488,18,518
1121407,19,396,36,451
1121408,16,270,12,298
1121409,15,229,3,247
1121410,36,538,15,589
1121411,18,340,3,361
1121412,3,178,9,190
1121413,12,406,27,445
1121414,31,570,24,625
1121415,37,502,13,552
1121416,14,351,11,376
1121417,22,325,15,362
1121418,0,0,0,0
1121419,36,336,11,383
1121420,0,6,0,6
1121421,27,377,12,416
1121422,31,446,29,506
1121423,11,335,12,358
1121424,25,285,12,322
1121425,30,304,12,346
1121426,15,354,23,392
1121427,37,409,11,457
1121428,34,483,6,523
1121429,7,276,9,292
1121430,27,376,4,407
1121431,15,264,11,290
1121432,16,508,13,537
1121433,18,359,11,388
1121434,13,284,3,300
1121501,18,210,12,240
1121502,23,320,18,361
1121503,34,339,12,385
1121504,9,301,26,336
1121505,18,393,17,428
1121506,15,400,14,429
1121507,20,388,30,438
1121508,115,337,17,469
1121509,26,369,14,409
1121510,50,411,31,492
1121511,15,386,13,414
1121512,12,255,7,274
1121513,30,447,12,489
1121514,14,218,10,242
1121515,0,0,0,0
1121516,46,409,31,486
1121517,187,237,20,444
1121518,131,304,26,461
1121519,18,321,19,358
1121520,24,243,6,273
1121521,3,48,0,51
1121522,49,418,18,485
1121523,0,0,0,0
1121524,12,376,8,396
1121525,27,298,0,325
1121601,24,319,12,355
1121602,10,340,26,376
1121603,38,678,32,748
1121604,17,397,23,437
1121605,14,227,9,250
1121606,26,422,23,471
1121607,30,533,29,592
1121608,27,518,30,575
1121609,21,431,30,482
1121610,18,375,6,399
1121611,15,258,8,281
1121612,22,583,14,619
1121613,10,331,12,353
1121614,16,313,3,332
1121615,43,499,17,559
1121616,28,413,16,457
1121617,22,621,16,659
1121701,163,159,17,339
1121702,6,362,9,377
1121703,15,223,11,249
1121704,12,438,26,476
1121705,40,425,9,474
1121706,16,380,18,414
1121707,43,288,20,351
1121708,18,334,14,366
1121709,18,281,18,317
1121710,9,230,0,239
1121711,26,498,13,537
1121712,19,320,7,346
1121713,12,211,6,229
1121714,6,394,12,412
1121715,0,44,0,44
1121716,9,356,9,374
1121717,20,762,6,788
1121718,0,0,0,0
1121719,28,331,7,366
1121720,13,165,3,181
1121721,27,510,24,561
1121722,27,486,8,521
1121723,27,573,28,628
1121724,0,367,3,370
1121725,100,527,21,648
1121726,0,77,0,77
1121727,0,6,0,6
1121728,12,437,0,449
1121729,18,422,9,449
1121730,9,350,6,365
1121731,24,443,6,473
1121801,12,367,6,385
1121802,29,247,5,281
1121803,18,229,12,259
1121804,0,3,0,3
1121805,15,239,9,263
1121806,0,3,0,3
1121807,15,138,6,159
1121808,6,182,0,188
1121809,97,327,18,442
1121810,12,236,4,252
1121811,21,385,18,424
1121812,36,578,26,640
1121813,7,211,10,228
1121814,23,507,21,551
1121815,13,273,3,289
1121816,12,345,31,388
1121817,143,56,0,199
1121818,30,265,16,311
1121819,11,254,6,271
1121820,10,225,12,247
1121821,20,236,18,274
1121822,36,505,30,571
1121823,12,245,21,278
1121824,0,103,7,110
1121825,14,334,18,366
1121826,21,326,21,368
1121827,36,252,21,309
1121828,22,342,0,364
1121829,7,172,9,188
1121830,43,280,6,329
1121831,147,332,16,495
1121832,169,277,18,464
1121833,11,294,10,315
1121834,22,572,15,609
1121835,23,339,27,389
1121836,11,286,0,297
1121837,14,465,24,503
1121838,3,84,3,90
1121839,25,217,0,242
1121840,21,376,6,403
1121841,13,261,12,286
1121842,34,448,18,500
1121843,96,187,18,301
1121901,21,271,7,299
1121902,29,270,19,318
1121903,101,315,6,422
1121904,26,375,4,405
1121905,15,183,12,210
1121906,25,178,3,206
1121907,16,188,21,225
1121908,19,407,6,432
1121909,4,293,0,297
1121910,30,510,21,561
1121911,14,357,0,371
1121912,18,169,4,191
1121913,16,283,15,314
1121914,12,429,27,468
1121915,9,218,9,236
1121916,78,301,5,384
1121917,34,423,27,484
1121918,39,339,35,413
1121919,9,243,9,261
1121920,27,272,27,326
1121921,0,4,0,4
1121922,0,99,4,103
1121923,9,439,7,455
1121924,10,213,6,229
1121925,20,319,9,348
1121926,19,313,12,344
1121927,0,0,0,0
1121928,23,254,21,298
1121929,17,240,64,321
1121930,39,431,42,512
1121931,28,392,13,433
1121932,74,581,35,690
1121933,10,261,16,287
1121934,111,326,14,451
1121935,30,420,29,479
1121936,12,326,18,356
1121937,19,290,10,319
1121938,23,509,10,542
1121939,17,245,6,268
1122001,17,380,13,410
1122002,8,310,17,335
1122003,13,365,7,385
1122004,15,400,6,421
1122005,25,457,26,508
1122006,73,462,15,550
1122007,26,400,18,444
1122008,0,19,3,22
1122009,31,429,15,475
1122010,19,459,11,489
1122011,18,504,12,534
1122012,16,359,5,380
1122013,22,460,27,509
1122014,28,296,0,324
1122015,7,272,12,291
1122016,15,408,17,440
1122017,18,404,9,431
1122018,9,265,7,281
1122019,18,281,0,299
1122020,44,520,24,588
1122021,36,547,23,606
1122101,17,372,5,394
1122102,9,138,18,165
1122103,6,295,12,313
1122104,10,363,8,381
1122105,6,242,10,258
1122106,22,418,16,456
1122107,17,288,9,314
1122108,13,197,3,213
1122109,15,214,14,243
1122110,12,342,4,358
1122111,7,324,8,339
1122112,32,391,28,451
1122113,22,299,9,330
1122114,15,292,21,328
1122115,27,377,25,429
1122116,10,198,6,214
1122117,12,288,10,310
1122118,12,211,8,231
1122119,10,205,14,229
1122120,9,155,15,179
1122201,16,331,14,361
1122202,20,336,6,362
1122203,23,431,12,466
1122204,18,517,16,551
1122205,8,363,15,386
1122206,14,434,18,466
1122207,30,494,18,542
1122208,20,382,19,421
1122209,3,248,9,260
1122210,25,425,22,472
1122211,13,337,3,353
1122212,26,430,14,470
1122213,6,221,3,230
1122214,21,330,25,376
1122215,15,320,14,349
1122216,30,421,11,462
1122217,24,462,24,510
1122218,10,403,33,446
1122219,18,366,19,403
1122220,16,406,28,450
1122221,0,0,0,0
1122222,0,0,0,0
1122223,20,540,8,568
1122224,16,411,3,430
1122225,18,421,9,448
1122226,10,368,9,387
1122227,5,489,3,497
1122228,14,328,13,355
1122229,37,365,12,414
1122230,21,385,12,418
1122231,6,309,0,315
1122232,15,379,10,404
1122233,22,329,21,372
1122234,8,303,7,318
1122235,18,558,18,594
1122236,0,272,3,275
1122237,0,0,0,0
1122238,0,3,0,3
1122239,13,372,35,420
1122240,24,444,14,482
1122301,12,184,7,203
1122302,17,356,24,397
1122303,33,464,30,527
1122304,27,281,9,317
1122305,15,347,27,389
1122306,23,409,12,444
1122307,13,371,17,401
1122308,18,306,9,333
1122309,0,31,4,35
1122310,35,414,24,473
1122311,39,433,10,482
1122312,32,396,21,449
1122313,43,406,30,479
1122314,13,282,15,310
1122315,13,297,12,322
1122316,15,156,9,180
1122317,36,388,24,448
1122318,24,304,7,335
1122319,24,302,25,351
1122320,33,339,39,411
1122321,23,219,26,268
1122322,35,395,78,508
1122323,12,278,18,308
1122401,29,426,38,493
1122402,6,325,31,362
1122403,52,335,114,501
1122404,34,440,40,514
1122405,36,269,43,348
1122406,13,200,18,231
1122407,9,238,41,288
1122408,4,176,19,199
1122409,0,0,0,0
1122410,0,9,0,9
1122411,12,339,15,366
1122412,6,489,18,513
1122413,22,377,20,419
1122414,8,318,13,339
1122415,13,345,25,383
1122416,0,3,0,3
1122417,8,189,9,206
1122418,36,469,60,565
1122419,18,344,10,372
1122420,9,119,12,140
1122421,28,590,46,664
1122422,36,559,21,616
1122423,17,296,18,331
1122424,13,329,17,359
1122425,15,392,19,426
1122426,31,535,36,602
1122427,19,535,19,573
1122428,12,295,17,324
1122429,18,428,30,476
1122430,9,385,4,398
1122431,27,437,22,486
1122432,7,204,18,229
1122501,22,482,9,513
1122502,13,257,3,273
1122503,25,367,16,408
1122504,80,520,22,622
1122505,16,370,30,416
1122506,9,252,12,273
1122507,27,397,76,500
1122508,21,534,4,559
1122509,12,285,12,309
1122510,14,267,9,290
1122511,11,307,8,326
1122512,15,362,22,399
1122513,16,563,16,595
1122514,30,399,19,448
1122515,14,260,15,289
1122516,29,438,13,480
1122517,26,283,10,319
1122518,26,418,14,458
1122519,24,413,16,453
1122520,15,207,7,229
1122521,6,441,10,457
1122522,3,290,12,305
1122523,58,434,24,516
1122524,16,465,9,490
1122525,17,378,11,406
1122526,17,536,42,595
1122527,7,243,18,268
1122528,3,348,33,384
1122529,15,264,0,279
1122530,11,464,12,487
1122531,11,295,14,320
1122532,4,292,15,311
1122533,0,25,0,25
1122534,12,393,34,439
1122535,0,0,0,0
1122536,18,299,10,327
1122537,12,356,12,380
1122538,24,364,19,407
1122539,20,432,23,475
1122540,18,378,11,407
1122541,18,253,12,283
1122542,9,204,6,219
1122543,20,400,46,466
1122601,24,437,21,482
1122602,4,195,3,202
1122603,41,601,6,648
1122604,12,259,0,271
1122605,17,548,26,591
1122606,4,248,15,267
1122607,15,446,9,470
1122608,15,470,18,503
1122609,26,443,10,479
1122610,13,282,3,298
1122611,10,244,6,260
1122612,6,201,0,207
1122613,6,234,13,253
1122614,10,419,12,441
1122615,21,438,14,473
1122616,0,247,4,251
1122617,7,284,15,306
1122618,27,402,7,436
1122619,19,300,18,337
1122620,10,229,11,250
1122621,9,177,6,192
1122622,0,0,0,0
1122623,12,317,0,329
1122624,24,325,6,355
1122625,18,451,3,472
1122626,14,391,0,405
1122627,7,269,3,279
1122628,18,410,3,431
1122629,0,356,19,375
1122630,9,531,18,558
1122631,3,9,6,18
1122632,20,325,15,360
1122701,9,234,11,254
1122702,0,0,0,0
1122703,23,222,11,256
1122704,18,298,9,325
1122705,5,308,25,338
1122706,21,437,33,491
1122707,24,515,24,563
1122708,30,404,41,475
1122709,23,290,12,325
1122710,23,353,22,398
1122711,20,443,29,492
1122712,8,190,17,215
1122713,33,489,49,571
1122714,35,445,50,530
1122715,145,295,22,462
1122716,25,233,9,267
1122717,17,346,33,396
1122718,27,415,18,460
1122719,12,387,23,422
1122720,17,356,47,420
1122721,21,369,47,437
1122722,81,182,13,276
1122723,134,336,33,503
1122724,17,390,9,416
1122725,19,383,49,451
1122726,31,299,15,345
1122727,11,254,16,281
1122728,7,450,20,477
1122729,21,451,21,493
1122730,29,447,29,505
1122731,33,430,37,500
1122732,37,440,30,507
1122733,52,314,30,396
1122734,21,355,33,409
1122735,25,367,30,422
1122736,89,426,43,558
1122801,27,455,16,498
1122802,16,490,18,524
1122803,0,0,0,0
1122804,9,314,0,323
1122805,0,275,9,284
1122806,0,474,6,480
1122807,18,585,11,614
1122808,13,395,11,419
1122809,23,456,39,518
1122810,18,507,12,537
1122811,24,484,13,521
1122812,13,489,6,508
1122813,18,409,28,455
1122814,15,420,11,446
1122815,6,271,18,295
1122816,13,260,10,283
1122817,20,517,31,568
1122818,6,537,7,550
1122819,7,248,7,262
1122820,15,459,6,480
1122821,12,374,24,410
1122822,13,329,4,346
1122823,4,239,10,253
1122824,10,223,7,240
1122825,4,282,15,301
1122826,15,588,18,621
1122827,24,423,29,476
1122828,32,268,9,309
1122829,16,556,38,610
1122830,13,329,18,360
1122831,13,418,9,440
1122832,13,438,26,477
1122901,13,363,40,416
1122902,13,446,23,482
1122903,6,536,33,575
1122904,18,359,38,415
1122905,7,572,94,673
1122906,9,257,11,277
1122907,9,412,28,449
1122908,15,312,38,365
1122909,16,363,43,422
1122910,6,327,32,365
1122911,19,559,27,605
1122912,4,294,31,329
1122913,29,246,24,299
1122914,0,0,0,0
1122915,10,264,27,301
1122916,14,396,18,428
1122917,4,312,27,343
1122918,9,353,16,378
1122919,4,410,35,449
1122920,9,203,9,221
1122921,3,183,20,206
1122922,12,373,13,398
1122923,21,452,45,518
1122924,10,343,19,372
1122925,34,482,24,540
1122926,6,304,10,320
1123001,0,15,0,15
1123101,17,276,20,313
1123102,22,324,12,358
1123103,17,310,19,346
1123104,21,569,19,609
1123105,139,153,16,308
1123106,0,24,0,24
1123107,3,76,0,79
1123108,21,488,3,512
1123109,33,496,21,550
1123110,28,460,33,521
1123111,38,449,27,514
1123112,0,0,0,0
1123113,11,372,16,399
1123114,26,466,50,542
1123115,47,378,8,433
1123116,30,360,10,400
1123117,16,192,14,222
1123118,15,175,15,205
1123119,22,389,44,455
1123120,16,245,28,289
1123121,12,253,12,277
1123122,20,400,17,437
1123123,17,480,46,543
1123124,16,581,95,692
1123125,6,594,53,653
1123126,108,260,31,399
1123201,16,337,8,361
1123202,21,364,17,402
1123203,18,309,16,343
1123204,48,394,35,477
1123205,27,398,35,460
1123206,15,273,15,303
1123207,21,422,21,464
1123208,110,310,12,432
1123209,31,383,22,436
1123210,18,96,0,114
1123211,385,15,0,400
1123212,39,450,33,522
1123213,116,588,37,741
1123214,15,263,22,300
1123215,0,351,13,364
1123216,0,0,0,0
1123301,17,318,18,353
1123302,21,352,15,388
1123303,28,475,24,527
1123304,37,511,13,561
1123305,59,526,63,648
1123306,99,369,28,496
1123307,103,195,13,311
1123308,0,0,0,0
1123309,29,391,13,433
1123310,32,588,28,648
1123311,0,0,0,0
1123312,15,376,52,443
1123313,5,227,10,242
1123314,21,364,9,394
1123315,39,383,19,441
1123316,30,518,14,562
1123317,35,378,28,441
1123318,111,285,31,427
1123319,28,615,24,667
1123320,15,320,25,360
1123321,28,530,22,580
1123322,19,350,24,393
1123323,27,365,29,421
1123324,16,394,12,422
1123325,19,477,17,513
1123326,6,193,4,203
1123327,27,511,10,548
1123328,16,407,11,434
1123329,4,429,0,433
1123330,4,412,3,419
1123331,28,311,14,353
1123332,18,328,6,352
1123333,14,325,27,366
1123334,30,433,43,506
1123335,160,438,23,621
1123336,25,476,36,537
1123337,26,514,6,546
1123338,8,383,6,397
1123339,26,238,27,291
1123340,6,272,6,284
1123341,29,481,12,522
1123342,39,516,9,564
1123343,31,440,17,488
1123344,48,428,21,497
1123401,14,319,15,348
1123402,27,528,35,590
1123403,21,465,11,497
1123404,18,308,13,339
1123405,11,254,31,296
1123406,20,500,43,563
1123407,139,483,38,660
1123408,16,333,24,373
1123409,13,378,14,405
1123410,145,367,37,549
1123411,17,251,12,280
1123412,18,376,12,406
1123413,37,457,6,500
1123414,36,424,18,478
1123415,18,365,6,389
1123416,28,547,32,607
1123417,18,400,25,443
1123418,16,328,4,348
1123419,21,271,15,307
1123420,33,371,25,429
1123421,14,366,57,437
1123422,189,189,46,424
1123423,18,348,26,392
1123424,104,246,21,371
1123425,56,549,36,641
1123426,12,348,12,372
1123427,29,377,21,427
1123501,3,225,19,247
1123502,35,533,38,606
1123503,34,547,61,642
1123504,20,445,29,494
1123505,14,332,30,376
1123506,0,0,0,0
1123507,26,433,23,482
1123508,11,291,48,350
1123509,31,360,22,413
1123510,14,332,18,364
1123511,18,464,19,501
1123512,22,428,49,499
1123513,17,342,34,393
1123514,27,372,26,425
1123515,18,228,19,265
1123516,39,508,25,572
1123517,14,301,25,340
1123518,4,238,23,265
1123519,11,400,26,437
1123601,26,549,20,595
1123602,0,0,0,0
1123603,0,0,0,0
1123604,9,132,3,144
1123605,0,53,6,59
1123606,0,0,0,0
1123607,0,0,0,0
1123608,24,345,30,399
1123609,11,401,6,418
1123610,10,250,3,263
1123611,15,373,18,406
1123612,13,337,8,358
1123613,37,179,10,226
1123614,149,285,11,445
1123615,37,306,11,354
1123616,15,358,15,388
1123617,40,427,26,493
1123618,53,681,25,759
1123619,18,395,7,420
1123620,14,290,24,328
1123621,6,311,12,329
1123622,46,358,18,422
1123623,23,303,24,350
1123624,6,242,18,266
1123625,9,216,9,234
1123626,9,266,11,286
1123627,8,335,52,395
1123628,13,321,33,367
1123629,12,349,25,386
1123630,44,490,56,590
1123631,20,257,25,302
1123632,27,240,30,297
1123633,45,433,4,482
1123634,60,298,86,444
1123635,128,207,21,356
1123636,50,415,16,481
1123637,22,262,16,300
1123638,31,489,25,545
1123639,37,297,17,351
1123640,7,380,27,414
1123641,14,208,3,225
1123642,15,323,10,348
1123643,11,231,15,257
1123644,44,360,33,437
1123645,21,252,21,294
1123646,30,466,29,525
1123647,29,362,22,413
1123701,12,393,18,423
1123702,6,214,16,236
1123703,37,357,8,402
1123704,20,464,31,515
1123705,12,267,18,297
1123706,27,445,25,497
1123707,12,72,15,99
1123708,15,375,3,393
1123709,14,333,7,354
1123710,0,244,12,256
1123711,9,245,3,257
1123712,24,426,4,454
1123713,9,167,0,176
1123714,9,256,15,280
1123715,51,136,3,190
1123716,9,366,12,387
1123717,27,825,19,871
1123718,9,321,21,351
1123719,11,246,9,266
1123720,4,269,3,276
1123721,6,268,27,301
1123722,6,249,4,259
1123723,13,175,6,194
1123724,21,426,12,459
1123725,8,398,21,427
1123726,0,239,5,244
1123727,15,272,24,311
1123728,10,186,11,207
1123729,9,168,6,183
1123730,15,174,6,195
1123731,9,261,3,273
1123732,13,404,41,458
1123733,21,306,19,346
1123734,17,437,17,471
1123735,29,618,0,647
1123736,18,325,6,349
1123737,16,328,0,344
1123738,25,268,15,308
1123739,21,395,18,434
1123740,15,332,27,374
1123741,24,421,11,456
1123742,92,303,15,410
1123743,18,217,10,245
1123744,12,310,9,331
1123745,24,157,0,181
1123746,6,301,6,313
1123801,9,180,7,196
1123802,9,285,10,304
1123803,0,387,33,420
1123804,0,273,3,276
1123805,12,221,14,247
1123806,10,210,19,239
1123807,10,348,27,385
1123808,9,283,29,321
1123809,6,236,3,245
1123810,7,232,6,245
1123811,6,271,24,301
1123812,3,142,25,170
1123813,9,177,0,186
1123814,3,259,3,265
1123815,6,335,14,355
1123816,9,276,24,309
1123817,18,403,6,427
1123818,76,358,3,437
1123901,35,387,15,437
1123902,28,464,23,515
1123903,9,189,23,221
1123904,21,167,0,188
1123905,29,333,48,410
1123906,19,339,25,383
1123907,0,144,12,156
1123908,0,0,0,0
1123909,13,390,15,418
1123910,25,525,19,569
1123911,9,254,9,272
1123912,0,0,0,0
1123913,15,439,27,481
1123914,15,488,21,524
1123915,0,3,0,3
1123916,0,23,0,23
1123917,23,356,11,390
1123918,30,449,27,506
1123919,13,324,7,344
1123920,33,424,9,466
1123921,3,275,12,290
1123922,12,213,9,234
1123923,10,194,6,210
1123924,6,317,15,338
1123925,0,338,12,350
1124001,45,287,30,362
1124002,9,179,32,220
1124003,9,223,24,256
1124004,12,369,25,406
1124005,11,412,30,453
1124006,18,279,31,328
1124007,9,208,26,243
1124008,15,313,39,367
1124009,3,242,18,263
1124010,6,173,12,191
1124011,61,445,53,559
1124012,9,237,57,303
1124013,14,419,25,458
1124014,7,355,39,401
1124015,15,426,27,468
1124016,16,263,23,302
1124017,17,190,12,219
1124018,15,336,30,381
1124019,18,260,17,295
1124020,0,184,40,224
1124021,55,352,42,449
1124022,13,494,36,543
1124023,17,452,39,508
1124024,12,203,12,227
1124025,6,208,16,230
1124101,18,326,3,347
1124102,24,255,8,287
1124103,25,392,19,436
1124104,9,214,3,226
1124105,21,278,26,325
1124106,26,388,15,429
1124107,34,310,18,362
1124108,41,426,43,510
1124109,57,472,33,562
1124110,35,478,31,544
1124111,25,242,30,297
1124112,6,264,12,282
1124113,12,129,6,147
1124114,25,216,0,241
1124115,0,9,0,9
1124201,17,287,12,316
1124202,12,324,8,344
1124203,7,357,18,382
1124204,15,181,9,205
1124205,27,497,21,545
1124206,8,501,18,527
1124207,6,53,0,59
1124208,0,85,6,91
1124209,29,557,18,604
1124210,0,8,0,8
1124211,12,485,6,503
1124212,12,385,16,413
1124213,7,331,15,353
1124214,15,640,18,673
1124215,20,364,18,402
1124216,12,340,21,373
1124217,6,573,10,589
1124218,7,405,16,428
1124219,21,486,28,535
1124301,6,214,6,226
1124302,10,261,12,283
1124303,17,306,40,363
1124304,15,501,36,552
1124305,12,164,18,194
1124306,25,289,33,347
1124307,12,214,4,230
1124308,15,419,18,452
1124309,37,312,18,367
1124310,7,313,18,338
1124311,23,417,15,455
1124312,51,226,12,289
1124313,24,355,9,388
1124314,16,221,19,256
1124315,21,353,13,387
1124316,9,254,56,319
1124317,5,246,19,270
1124318,6,415,21,442
1124319,23,494,55,572
1124320,18,249,39,306
1124321,6,255,31,292
1124401,0,83,0,83
1124402,21,395,6,422
1124403,24,555,11,590
1124404,91,443,19,553
1124405,15,199,15,229
1124406,31,423,18,472
1124407,27,330,10,367
1124408,26,367,16,409
1124409,14,517,18,549
1124410,11,201,7,219
1124411,36,370,11,417
1124412,45,400,41,486
1124413,12,345,20,377
1124414,0,151,7,158
1124415,0,95,3,98
1124416,17,274,9,300
1124417,0,0,0,0
1124418,30,268,21,319
1124419,3,37,0,40
1124420,0,0,0,0
1124421,20,169,0,189
1124422,12,169,0,181
1124423,27,371,50,448
1124424,29,318,39,386
1124425,39,432,48,519
1124426,29,258,18,305
1124427,30,300,11,341
1124428,30,487,23,540
1124429,86,317,4,407
1124430,32,404,20,456
1124431,48,465,23,536
1124432,63,354,23,440
1124433,9,215,15,239
1124434,29,327,19,375
1124435,30,319,31,380
1124501,26,252,4,282
1124502,52,112,39,203
1124503,15,249,10,274
1124504,27,298,35,360
1124505,7,202,21,230
1124506,13,125,6,144
1124507,17,246,12,275
1124508,26,176,27,229
1124509,18,164,15,197
1124510,15,215,29,259
1124511,3,123,6,132
1124512,10,259,6,275
1124513,6,225,0,231
1124514,18,227,3,248
1124515,15,140,3,158
1124516,18,328,0,346
1124517,27,326,27,380
1124518,3,152,22,177
1124519,15,235,14,264
1124520,9,186,3,198
1124521,11,190,6,207
1124522,18,230,9,257
1124523,12,220,14,246
1124524,18,221,9,248
1124525,12,261,4,277
1124526,34,259,15,308
1124527,28,189,19,236
1124528,33,220,7,260
1124601,14,284,0,298
1124602,12,132,3,147
1124603,3,378,17,398
1124604,25,493,49,567
1124605,6,311,12,329
1124606,15,293,5,313
1124607,30,441,6,477
1124608,44,537,25,606
1124609,17,329,22,368
1124610,31,530,22,583
1124611,152,277,9,438
1124612,35,312,15,362
1124613,27,400,12,439
1124614,34,507,23,564
1124615,32,260,13,305
1124616,30,445,15,490
1124617,4,357,6,367
1124618,18,482,9,509
1124619,6,291,3,300
1124620,12,387,15,414
1124621,9,226,6,241
1124622,6,364,11,381
1124623,21,283,9,313
1124624,25,431,12,468
1124625,98,258,0,356
1124626,32,256,13,301
1124627,45,351,24,420
1124628,26,210,21,257
1124629,5,325,3,333
1124630,15,456,6,477
1124631,6,94,12,112
1124632,3,300,20,323
1124633,19,245,12,276
1124634,5,174,0,179
1124701,15,152,3,170
1124702,15,148,21,184
1124703,24,507,31,562
1124704,8,184,12,204
1124705,9,246,5,260
1124706,6,218,12,236
1124707,14,353,24,391
1124708,3,196,0,199
1124709,24,316,15,355
1124710,15,182,15,212
1124711,12,338,22,372
1124712,6,141,3,150
1124713,13,199,9,221
1124714,26,478,17,521
1124715,28,526,21,575
1124716,18,203,21,242
1124717,9,188,8,205
1124718,89,238,6,333
1124719,37,368,14,419
1124720,30,388,25,443
1124721,18,271,24,313
1124722,10,150,9,169
1124723,19,185,8,212
1124724,18,223,12,253
1124725,21,264,30,315
1124801,0,121,11,132
1124802,27,254,12,293
1124803,22,491,14,527
1124804,20,316,34,370
1124805,25,403,27,455
1124806,97,402,54,553
1124807,21,352,45,418
1124808,45,494,18,557
1124809,17,346,14,377
1124810,24,451,6,481
1124811,30,479,14,523
1124812,37,402,21,460
1124813,14,238,29,281
1124814,15,359,19,393
1124815,9,446,17,472
1124816,16,462,16,494
1124817,33,278,21,332
1124818,35,547,18,600
1124819,29,396,26,451
1124820,24,358,9,391
1124821,27,463,7,497
1124822,12,176,21,209
1124823,12,471,15,498
1124824,9,390,12,411
1124825,31,416,21,468
1124826,22,388,14,424
1124827,10,242,9,261
1124828,24,268,9,301
1124829,118,262,6,386
1124830,29,429,27,485
1124831,3,97,3,103
1124832,14,182,9,205
1124833,3,222,16,241
1124834,18,196,32,246
1124835,25,438,44,507
1124836,22,307,22,351
1124837,20,402,30,452
1124838,8,149,15,172
1124839,26,322,32,380
1124840,29,354,21,404
1124901,21,537,9,567
1124902,12,211,9,232
1124903,12,216,3,231
1124904,18,446,17,481
1124905,6,266,0,272
1124906,15,293,21,329
1124907,6,161,7,174
1124908,15,320,17,352
1124909,27,358,44,429
1124910,13,480,17,510
1124911,12,417,17,446
1124912,24,607,33,664
1124913,12,311,16,339
1124914,6,317,9,332
1124915,3,240,0,243
1124916,12,358,6,376
1124917,9,329,22,360
1124918,6,184,3,193
1124919,27,453,9,489
1124920,0,287,5,292
1124921,10,363,32,405
1124922,19,493,11,523
1124923,13,180,3,196
1124924,3,335,12,350
1124925,4,296,17,317
1124926,4,318,3,325
1124927,3,207,6,216
1124928,0,3,0,3
1124929,13,221,33,267
1124930,51,352,64,467
1124931,14,193,27,234
1124932,16,117,34,167
1124933,35,431,24,490
1124934,27,378,41,446
1124935,15,219,3,237
1124936,21,223,29,273
1124937,13,339,21,373
1124938,9,228,12,249
1124939,15,313,4,332
1124940,0,261,5,266
1124941,24,193,19,236
1124942,17,406,17,440
1124943,21,346,15,382
1124944,6,253,3,262
1125001,20,471,53,544
1125002,18,851,28,897
1125003,6,733,26,765
1125004,22,847,42,911
1125005,21,485,21,527
1125006,21,284,15,320
1125007,39,532,55,626
1125008,18,484,37,539
1125009,25,551,21,597
1125010,0,0,0,0
1125011,36,405,23,464
1125012,17,370,25,412
1125013,31,487,20,538
1125014,43,294,12,349
1125015,13,316,6,335
1125016,30,343,11,384
1125017,118,515,14,647
1125018,57,211,13,281
1125019,49,296,18,363
1125020,64,516,52,632
1125021,43,419,25,487
1125022,11,297,15,323
1125101,22,379,11,412
1125102,12,236,3,251
1125103,25,446,12,483
1125104,19,266,18,303
1125105,43,509,22,574
1125106,17,218,29,264
1125107,13,366,29,408
1125108,32,528,30,590
1125109,3,62,6,71
1125110,0,12,0,12
1125111,50,361,30,441
1125112,18,260,25,303
1125113,38,422,15,475
1125114,22,301,36,359
1125115,25,595,24,644
1125116,105,218,23,346
1125117,27,235,5,267
1125118,4,3,0,7
1125119,114,357,20,491
1125120,28,313,15,356
1125121,19,375,23,417
1125122,26,465,21,512
1125123,7,218,12,237
1125201,13,264,42,319
1125202,12,227,12,251
1125203,25,434,24,483
1125204,13,196,9,218
1125205,24,385,29,438
1125206,18,334,31,383
1125207,4,202,15,221
1125208,24,219,9,252
1125209,15,237,6,258
1125210,15,297,22,334
1125211,12,259,16,287
1125212,12,367,15,394
1125213,15,248,20,283
1125214,13,303,33,349
1125215,15,182,10,207
1125216,9,173,6,188
1125217,12,238,26,276
1125218,10,285,22,317
1125219,12,275,24,311
1125220,14,296,15,325
1125221,7,214,18,239
1125222,18,293,13,324
1125223,8,191,12,211
1125224,18,292,11,321
1125225,6,249,24,279
1125226,24,273,0,297
1125227,6,342,14,362
1125228,6,185,9,200
1125229,15,439,15,469
1125230,12,173,28,213
1125231,10,242,18,270
1125232,12,247,23,282
1125301,11,352,7,370
1125302,24,331,27,382
1125303,20,416,26,462
1125304,19,244,24,287
1125305,12,394,18,424
1125306,19,259,18,296
1125307,18,237,27,282
1125308,15,654,18,687
1125309,162,779,27,968
1125310,31,433,12,476
1125311,31,410,12,453
1125312,21,403,17,441
1125313,18,388,0,406
1125314,32,520,23,575
1125315,20,383,6,409
1125316,27,490,26,543
1125317,12,275,26,313
1125318,15,350,21,386
1125319,0,0,0,0
1125320,43,508,29,580
1125321,9,239,18,266
1125322,3,233,24,260
1125323,24,536,36,596
1125324,0,0,0,0
1125325,18,433,14,465
1125326,19,316,4,339
1125327,8,427,37,472
1125328,9,458,12,479
1125329,19,482,29,530
1125401,51,342,34,427
1125402,101,249,18,368
1125403,10,124,15,149
1125404,23,151,70,244
1125405,106,302,18,426
1125406,12,282,7,301
1125407,6,333,24,363
1125408,39,445,35,519
1125409,14,241,24,279
1125410,39,317,59,415
1125411,38,304,42,384
1125412,27,328,6,361
1125413,6,232,9,247
1125414,23,340,21,384
1125415,35,356,18,409
1125416,29,185,0,214
1125417,7,200,30,237
1125418,17,382,26,425
1125419,12,298,18,328
1125420,33,354,12,399
1125421,25,404,33,462
1125422,27,449,20,496
1125423,11,311,10,332
1125424,18,396,8,422
1125425,11,376,16,403
1125426,9,385,9,403
1125427,7,215,3,225
1125428,7,257,33,297
1125429,18,356,86,460
1125430,19,241,9,269
1125431,20,359,30,409
1125432,25,475,35,535
1125433,68,406,30,504
1125434,9,312,7,328
1125435,37,566,22,625
1125436,19,225,32,276
1125437,9,124,27,160
1125438,16,375,33,424
1125439,30,315,29,374
1125440,37,712,44,793
1125441,78,396,18,492
1125442,33,390,76,499
1125443,10,244,9,263
1125444,26,550,18,594
1125445,45,238,51,334
1125446,29,490,31,550
1125447,22,338,28,388
1125501,45,611,23,679
1125502,18,378,28,424
1125503,19,348,15,382
1125504,12,213,9,234
1125505,0,0,0,0
1125506,24,264,9,297
1125507,12,335,15,362
1125508,17,492,18,527
1125509,18,159,12,189
1125510,9,299,24,332
1125511,46,568,26,640
1125512,6,288,10,304
1125513,54,577,80,711
1125514,31,241,24,296
1125515,17,268,6,291
1125516,16,524,18,558
1125517,24,176,16,216
1125518,52,508,37,597
1125519,93,151,21,265
1125520,39,270,17,326
1125521,24,496,29,549
1125522,29,212,24,265
1125523,0,9,0,9
1125524,24,480,12,516
1125525,71,354,24,449
1125526,32,278,3,313
1125527,12,270,12,294
1125528,47,456,21,524
1125529,8,183,10,201
1125530,20,474,22,516
1125531,17,518,24,559
1125532,13,372,21,406
1125533,19,312,6,337
1125534,18,278,12,308
1125535,0,0,0,0
1125536,24,418,31,473
1125537,80,108,12,200
1125538,6,252,19,277
1125539,6,351,21,378
1125540,23,181,0,204
1125541,87,260,16,363
1125542,8,423,21,452
1125543,30,554,21,605
1125544,155,351,15,521
1125545,91,215,18,324
1125546,24,349,6,379
1125547,30,433,15,478
1125548,5,278,15,298
1125549,21,198,6,225
1125550,24,482,9,515
1125551,12,340,10,362
1125552,22,292,45,359
1125553,11,440,12,463
1125554,27,529,3,559
1125555,11,257,4,272
1125556,19,317,3,339
1125557,33,379,24,436
1125558,68,429,48,545
1125559,37,221,32,290
1125560,74,616,51,741
1125561,62,407,17,486
1125562,52,397,17,466
1125563,29,264,13,306
1125564,40,400,13,453
1125565,4,243,15,262
1125566,39,512,22,573
1125567,36,483,75,594
1125601,15,295,18,328
1125602,27,239,9,275
1125603,22,212,26,260
1125604,18,248,94,360
1125605,12,225,30,267
1125606,15,420,25,460
1125607,28,567,28,623
1125608,30,474,54,558
1125609,70,293,10,373
1125610,18,217,21,256
1125611,22,269,29,320
1125612,4,235,12,251
1125613,17,495,18,530
1125614,25,571,15,611
1125615,15,309,35,359
1125616,16,532,34,582
1125617,6,325,3,334
1125618,0,18,5,23
1125619,7,345,12,364
1125620,6,411,24,441
1125621,11,466,47,524
1125622,17,425,25,467
1125623,24,413,94,531
1125624,26,454,25,505
1125625,30,377,19,426
1125626,50,320,48,418
1125627,26,399,21,446
1125628,12,325,33,370
1125629,22,698,69,789
1125630,3,422,25,450
1125631,15,164,12,191
1125632,0,280,23,303
1125633,15,236,69,320
1125634,23,486,125,634
1125635,83,343,34,460
1125636,15,285,36,336
1125637,23,473,25,521
1125638,101,344,15,460
1125639,15,295,33,343
1125640,18,254,15,287
1125641,12,135,9,156
1125642,21,437,36,494
1125643,12,225,14,251
1125644,22,350,29,401
1125645,9,217,28,254
1125701,0,234,15,249
1125702,6,151,3,160
1125703,15,447,18,480
1125704,21,268,19,308
1125705,3,131,0,134
1125706,9,177,5,191
1125707,9,400,24,433
1125708,3,283,10,296
1125709,13,395,21,429
1125710,26,379,12,417
1125711,16,394,28,438
1125712,17,453,17,487
1125713,26,247,3,276
1125714,9,222,3,234
1125715,3,251,9,263
1125716,6,181,12,199
1125717,0,286,10,296
1125718,12,266,12,290
1125719,6,164,0,170
1125720,15,360,18,393
1125721,9,286,13,308
1125722,15,355,0,370
1125723,11,297,3,311
1125724,3,216,3,222
1125725,6,240,18,264
1125726,6,458,27,491
1125727,7,278,25,310
1125728,20,320,15,355
1125729,6,200,0,206
1125730,40,322,18,380
1125731,9,176,28,213
1125732,35,425,43,503
1125733,8,251,34,293
1125734,9,318,27,354
1125735,10,242,9,261
1125736,32,301,11,344
1125737,6,206,12,224
1125738,18,234,12,264
1125739,0,0,0,0
1125740,15,246,13,274
1125741,11,369,33,413
1125742,3,179,6,188
1125801,38,214,27,279
1125802,24,611,12,647
1125803,0,22,0,22
1125804,17,331,44,392
1125805,7,245,32,284
1125806,0,48,0,48
1125807,8,264,18,290
1125808,12,175,3,190
1125809,23,275,15,313
1125810,9,327,13,349
1125811,16,325,34,375
1125812,3,88,33,124
1125813,6,296,9,311
1125814,3,238,0,241
1125815,14,259,46,319
1125816,33,307,27,367
1125817,21,295,32,348
1125818,21,470,21,512
1125819,9,200,4,213
1125820,27,327,20,374
1125821,3,365,21,389
1125822,15,272,9,296
1125823,12,214,9,235
1125824,19,274,12,305
1125825,6,209,24,239
1125826,35,345,22,402
1125827,41,454,9,504
1125828,12,296,99,407
1125829,13,433,20,466
1125830,3,435,3,441
1125831,4,184,6,194
1125901,32,215,24,271
1125902,24,320,25,369
1125903,21,304,19,344
1125904,18,170,15,203
1125905,24,388,29,441
1125906,63,148,17,228
1125907,29,390,46,465
1125908,27,288,12,327
1125909,24,352,21,397
1125910,9,296,10,315
1125911,3,204,10,217
1125912,4,166,9,179
1125913,16,279,28,323
1125914,15,184,6,205
1125915,17,181,14,212
1125916,12,180,12,204
1125917,19,212,18,249
1125918,12,182,38,232
1125919,19,270,26,315
1125920,0,0,0,0
1125921,26,185,14,225
1125922,8,362,34,404
1126001,29,420,27,476
1126002,27,449,37,513
1126003,9,269,39,317
1126004,15,200,9,224
1126005,4,192,131,327
1126006,18,199,8,225
1126007,12,279,15,306
1126008,0,13,0,13
1126009,21,209,16,246
1126010,0,11,0,11
1126011,0,18,6,24
1126012,0,321,12,333
1126013,6,219,4,229
1126014,32,118,4,154
1126101,19,329,12,360
1126102,16,406,20,442
1126103,12,438,27,477
1126104,11,338,18,367
1126105,22,392,34,448
1126106,21,319,9,349
1126107,14,197,0,211
1126108,17,348,35,400
1126109,12,187,12,211
1126110,26,289,18,333
1126111,25,359,8,392
1126112,17,414,24,455
1126113,25,385,12,422
1126114,34,283,12,329
1126115,21,349,44,414
1126116,9,216,15,240
1126117,67,152,16,235
1126118,3,147,3,153
1126119,0,8,0,8
1126120,0,54,0,54
1126201,30,243,17,290
1126202,15,184,0,199
1126203,6,374,15,395
1126204,0,193,0,193
1126205,7,332,22,361
1126206,6,272,3,281
1126207,6,152,9,167
1126208,9,250,8,267
1126209,3,112,9,124
1126210,7,204,0,211
1126211,12,293,3,308
1126212,14,405,18,437
1126213,3,207,12,222
1126214,17,410,19,446
1126215,19,352,20,391
1126216,15,301,24,340
1126301,15,466,47,528
1126302,121,434,18,573
1126303,29,219,28,276
1126304,56,424,24,504
1126305,31,345,15,391
1126306,9,328,28,365
1126307,20,210,15,245
1126308,21,262,23,306
1126309,11,296,15,322
1126310,8,182,9,199
1126311,12,448,38,498
1126312,10,275,9,294
1126313,31,466,9,506
1126314,18,146,0,164
1126315,15,276,9,300
1126316,32,290,19,341
1126317,15,295,0,310
1126318,12,275,33,320
1126319,29,354,26,409
1126320,19,239,31,289
1126321,24,269,11,304
1126322,0,0,0,0
1126401,10,286,6,302
1126402,39,299,21,359
1126403,4,222,18,244
1126404,10,279,9,298
1126405,15,248,5,268
1126406,25,400,30,455
1126407,10,325,3,338
1126408,11,376,22,409
1126409,12,347,5,364
1126410,13,299,22,334
1126411,3,191,6,200
1126501,17,318,26,361
1126502,13,214,10,237
1126503,33,371,44,448
1126504,15,276,12,303
1126505,57,411,18,486
1126506,17,394,17,428
1126507,22,207,12,241
1126508,0,3,0,3
1126509,0,30,747,777
1126510,21,370,24,415
1126511,13,213,3,229
1126512,28,400,34,462
1126513,6,170,3,179
1126514,16,478,36,530
1126515,16,382,18,416
1126516,4,282,13,299
1126517,0,0,0,0
1126601,0,0,0,0
1126602,12,151,9,172
1126603,22,178,4,204
1126604,20,273,15,308
1126605,15,327,21,363
1126606,12,230,4,246
1126607,19,390,9,418
1126608,22,294,12,328
1126609,24,253,15,292
1126610,15,169,6,190
1126611,24,185,3,212
1126612,19,377,10,406
1126613,19,294,3,316
1126614,17,263,6,286
1126615,77,290,14,381
1126616,9,268,18,295
1126617,15,252,7,274
1126618,14,339,7,360
1126619,18,385,21,424
1126620,31,316,16,363
1126621,9,194,18,221
1126622,32,220,16,268
1126701,11,277,9,297
1126702,16,315,21,352
1126703,12,315,21,348
1126704,6,302,6,314
1126705,11,235,3,249
1126706,0,0,0,0
1126707,12,339,6,357
1126708,9,383,13,405
1126709,10,470,29,509
1126710,10,331,6,347
1126711,13,418,16,447
1126712,5,379,12,396
1126713,13,263,12,288
1126714,21,452,6,479
1126715,3,382,0,385
1126716,9,243,9,261
1126717,30,426,19,475
1126718,11,428,13,452
1126719,15,380,5,400
1126720,9,247,12,268
1126721,7,442,21,470
1126722,21,290,10,321
1126723,19,398,21,438
1126724,12,252,3,267
1126725,14,496,9,519
1126726,18,254,3,275
1126727,27,493,28,548
1126728,13,290,15,318
1126729,25,386,21,432
1126730,18,203,6,227
1126731,6,335,6,347
1126732,20,395,27,442
1126733,31,321,12,364
1126734,13,256,17,286
1126735,12,196,3,211
1126736,124,349,24,497
1126737,11,427,19,457
1126738,4,329,5,338
1126739,4,617,3,624
1126740,4,249,4,257
1126741,15,469,12,496
1126742,8,216,11,235
1126743,18,463,18,499
1126801,6,393,9,408
1126802,6,281,0,287
1126803,0,293,6,299
1126804,3,331,15,349
1126805,31,348,24,403
1126806,3,125,3,131
1126807,3,105,3,111
1126808,0,528,33,561
1126809,26,506,39,571
1126810,0,161,6,167
1126811,0,30,3,33
1126812,7,157,11,175
1126901,12,701,27,740
1126902,13,514,3,530
1126903,6,396,6,408
1126904,4,375,14,393
1126905,13,924,13,950
1126906,10,522,5,537
1126907,9,215,17,241
1126908,0,3,0,3
1126909,0,3,0,3
1126910,15,579,17,611
1126911,3,415,12,430
1126912,14,495,7,516
1126913,18,378,6,402
1126914,21,250,35,306
1126915,23,370,17,410
1126916,14,361,12,387
1126917,12,333,12,357
1126918,18,723,15,756
1126919,27,837,28,892
1126920,9,478,24,511
1126921,14,389,17,420
1126922,25,476,27,528
1126923,19,377,3,399
1126924,182,348,16,546
1126925,18,219,6,243
1126926,9,226,3,238
1126927,27,409,27,463
1126928,49,428,30,507
1126929,15,404,20,439
1126930,10,307,6,323
1126931,17,308,10,335
1126932,24,377,12,413
1126933,43,316,15,374
1126934,21,419,19,459
1126935,13,500,18,531
1126936,24,330,32,386
1126937,33,268,23,324
1126938,9,337,15,361
1126939,10,396,23,429
1126940,18,367,15,400
1126941,0,295,9,304
1126942,27,330,15,372
1126943,9,253,0,262
1126944,22,484,3,509
1126945,9,432,15,456
1126946,10,346,19,375
1126947,11,322,20,353
1126948,15,388,12,415
1126949,19,283,27,329
1127001,4,323,10,337
1127002,0,99,3,102
1127003,12,301,5,318
1127004,33,314,35,382
1127005,23,379,53,455
1127006,26,265,12,303
1127007,37,422,34,493
1127008,60,213,36,309
1127009,23,420,27,470
1127010,33,387,15,435
1127011,33,361,22,416
1127012,17,418,6,441
1127013,21,459,26,506
1127014,19,346,16,381
1127015,7,270,16,293
1127016,0,296,16,312
1127017,9,255,15,279
1127018,58,266,13,337
1127019,18,385,28,431
1127020,4,331,4,339
1127021,15,525,9,549
1127022,18,425,13,456
1127023,21,315,27,363
1127024,16,287,27,330
1127025,33,410,30,473
1127026,13,287,12,312
1127027,9,288,9,306
1127028,21,337,12,370
1127029,16,370,10,396
1127030,0,0,0,0
1127031,14,381,32,427
1127032,12,407,39,458
1127101,15,169,16,200
1127102,0,3,0,3
1127103,31,185,6,222
1127104,6,287,6,299
1127105,0,125,12,137
1127106,44,415,16,475
1127107,31,273,27,331
1127108,8,289,3,300
1127109,4,290,10,304
1127110,8,279,17,304
1127111,15,380,12,407
1127112,9,368,11,388
1127113,3,174,13,190
1127114,7,220,0,227
1127115,24,579,20,623
1127116,33,453,32,518
1127117,9,213,9,231
1127118,3,227,3,233
1127119,6,268,0,274
1127120,6,171,18,195
1127121,3,217,3,223
1127122,9,462,6,477
1127123,0,406,8,414
1127124,9,339,10,358
1127125,17,243,12,272
1127126,22,344,20,386
1127127,54,434,33,521
1127128,16,378,16,410
1127129,13,514,14,541
1127130,14,370,6,390
1127131,10,202,11,223
1127132,17,293,10,320
1127133,4,527,28,559
1127134,0,24,3,27
1127135,15,333,5,353
1127136,7,537,28,572
1127137,9,476,33,518
1127138,24,438,6,468
1127139,32,339,6,377
1127140,17,212,6,235
1127141,0,263,42,305
1127142,6,154,12,172
1127201,8,357,3,368
1127202,24,532,15,571
1127203,18,342,18,378
1127204,42,320,17,379
1127205,7,265,27,299
1127206,6,236,12,254
1127207,12,410,21,443
1127208,6,180,3,189
1127209,15,406,15,436
1127210,9,272,9,290
1127211,3,279,8,290
1127212,52,229,15,296
1127213,6,353,15,374
1127214,9,235,9,253
1127215,12,269,11,292
1127216,3,156,37,196
1127217,48,460,13,521
1127218,15,208,10,233
1127219,35,276,10,321
1127220,10,290,16,316
1127221,33,213,10,256
1127222,12,440,12,464
1127223,33,371,7,411
1127224,32,378,61,471
1127301,0,70,3,73
1127302,28,389,18,435
1127303,27,289,27,343
1127304,6,246,12,264
1127305,25,405,21,451
1127306,21,368,15,404
1127307,24,425,61,510
1127308,19,428,49,496
1127309,7,113,4,124
1127310,12,293,21,326
1127311,0,0,0,0
1127312,10,90,3,103
1127401,12,244,6,262
1127402,10,90,0,100
1127403,30,260,32,322
1127404,19,285,0,304
1127405,16,205,14,235
1127406,22,295,6,323
1127407,20,303,13,336
1127408,38,446,9,493
1127409,13,206,4,223
1127410,22,250,6,278
1127411,29,315,39,383
1127412,26,267,21,314
1127413,18,256,18,292
1127414,6,247,7,260
1127415,26,15,0,41
1127416,85,525,12,622
1127501,3,18,18,39
1127601,18,246,21,285
1127602,23,416,12,451
1127603,32,387,27,446
1127604,19,294,30,343
1127605,21,287,101,409
1127606,29,371,23,423
1127607,15,389,64,468
1127608,10,286,33,329
1127609,13,363,14,390
1127610,8,271,10,289
1127701,22,401,21,444
1127702,24,334,17,375
1127703,42,401,47,490
1127704,7,234,0,241
1127705,29,337,13,379
1127706,6,185,22,213
1127707,19,209,34,262
1127708,12,329,9,350
1127709,10,273,6,289
1127710,12,315,6,333
1127711,8,453,12,473
1127712,16,428,12,456
1127713,24,229,33,286
1127714,30,316,21,367
1127715,12,297,4,313
1127716,26,251,15,292
1127717,21,449,31,501
1127718,17,376,18,411
1127719,24,328,18,370
1127720,25,283,7,315
1127721,3,398,12,413
1127722,11,282,16,309
1127723,83,355,30,468
1127724,17,210,3,230
1127725,30,473,14,517
1127726,21,339,12,372
1127727,36,540,0,576
1127728,38,434,3,475
1127729,21,286,12,319
1127730,16,474,18,508
1127731,4,290,45,339
1127732,17,509,11,537
1127733,40,505,28,573
1127734,17,309,12,338
1127735,27,311,9,347
1127736,12,200,9,221
1127737,143,410,15,568
1127738,13,234,3,250
1127739,19,354,9,382
1127740,3,0,0,3
1127741,6,282,46,334
1127801,15,447,45,507
1127802,21,291,32,344
1127803,35,521,18,574
1127804,13,189,5,207
1127805,0,129,105,234
1127806,14,83,0,97
1127807,15,283,455,753
1127808,101,120,38,259
1127809,25,282,37,344
1127810,42,288,40,370
1127811,40,318,118,476
1127812,51,348,91,490
1127813,33,417,28,478
1127814,98,832,23,953
1127815,48,452,84,584
1127816,41,393,78,512
1127817,30,254,46,330
1127818,35,277,49,361
1127819,33,270,73,376
1127820,24,310,15,349
1127821,76,318,42,436
1127822,18,423,12,453
1127823,9,213,16,238
1127824,3,58,6,67
1127825,12,332,18,362
1127826,18,609,32,659
1127827,24,269,0,293
1127828,13,410,46,469
1127829,22,396,21,439
1127830,26,254,42,322
1127831,20,202,13,235
1127832,14,382,32,428
1127833,24,282,19,325
1127834,23,247,15,285
1127835,27,373,25,425
1127836,26,258,15,299
1127837,27,200,19,246
1127838,15,192,3,210
1127839,17,451,20,488
1127840,53,466,98,617
1127841,23,302,15,340
1127842,37,295,35,367
1127843,15,286,25,326
1127844,8,335,7,350
1127845,20,356,17,393
1127846,21,381,41,443
1127901,0,0,0,0
1127902,0,0,0,0
1127903,0,0,0,0
1127904,80,496,30,606
1127905,25,321,20,366
1127906,4,203,14,221
1127907,11,244,26,281
1127908,20,345,14,379
1127909,116,256,11,383
1127910,28,342,26,396
1127911,34,547,40,621
1127912,33,242,7,282
1127913,17,331,22,370
1127914,18,192,12,222
1127915,44,361,36,441
1127916,23,452,16,491
1127917,10,315,13,338
1127918,18,222,7,247
1127919,9,174,6,189
1127920,133,192,16,341
1127921,22,311,33,366
1127922,17,433,22,472
1127923,25,502,26,553
1127924,0,117,6,123
1127925,16,246,27,289
1127926,25,213,9,247
1127927,42,410,26,478
1127928,30,327,32,389
1127929,44,322,23,389
1127930,29,297,19,345
1127931,32,340,28,400
1127932,24,289,36,349
1127933,28,279,15,322
1127934,44,454,11,509
1127935,19,218,7,244
1127936,39,445,27,511
1127937,30,393,13,436
1127938,0,0,0,0
1128001,13,159,9,181
1128002,22,208,15,245
1128003,90,409,23,522
1128004,30,289,10,329
1128005,18,349,12,379
1128006,49,325,24,398
1128007,0,3,0,3
1128008,21,266,7,294
1128009,25,268,15,308
1128010,38,253,13,304
1128011,44,236,6,286
1128012,26,284,13,323
1128013,22,270,6,298
1128014,11,239,7,257
1128101,14,257,7,278
1128102,12,280,18,310
1128103,21,379,43,443
1128104,21,351,32,404
1128105,12,296,15,323
1128106,9,215,15,239
1128107,25,250,27,302
1128108,12,290,22,324
1128109,16,257,3,276
1128110,26,369,3,398
1128201,0,0,0,0
1128202,31,320,37,388
1128203,40,560,16,616
1128204,33,515,14,562
1128205,37,377,24,438
1128206,26,290,17,333
1128207,24,206,4,234
1128208,34,297,13,344
1128209,27,255,0,282
1128210,31,331,22,384
1128211,32,314,19,365
1128212,15,423,15,453
1128213,20,191,3,214
1128214,31,317,6,354
1128215,21,403,30,454
1128216,15,201,31,247
1128217,15,329,12,356
1128218,8,216,13,237
1128219,47,413,31,491
1128220,33,245,9,287
1128221,23,401,13,437
1128222,13,298,29,340
1128223,27,346,10,383
1128224,20,348,19,387
1128225,79,204,84,367
1128226,26,378,41,445
1128227,26,410,28,464
1128228,21,340,25,386
1128229,25,400,5,430
1128230,32,345,16,393
1128231,24,428,41,493
1128232,12,240,15,267
1128233,29,299,0,328
1128234,13,247,12,272
1128235,29,424,11,464
1128236,14,232,7,253
1128237,17,384,18,419
1128238,24,276,5,305
1128239,9,225,21,255
1128301,12,175,6,193
1128302,20,350,11,381
1128303,15,201,15,231
1128304,28,368,23,419
1128305,32,550,17,599
1128306,24,299,15,338
1128307,28,357,8,393
1128308,13,191,12,216
1128309,12,299,10,321
1128310,10,175,10,195
1128311,0,0,0,0
1128312,0,32,3,35
1128313,9,243,9,261
1128314,22,363,11,396
1128315,9,177,7,193
1128316,27,165,15,207
1128317,7,232,10,249
1128401,24,283,33,340
1128402,13,295,17,325
1128403,7,275,22,304
1128404,12,381,16,409
1128405,18,482,43,543
1128406,9,357,13,379
1128407,20,407,20,447
1128408,15,300,9,324
1128409,36,616,15,667
1128410,9,152,3,164
1128411,12,427,23,462
1128412,21,310,11,342
1128413,47,396,15,458
1128414,71,229,16,316
1128415,30,355,3,388
1128416,18,373,15,406
1128417,31,270,6,307
1128418,17,376,10,403
1128419,19,330,16,365
1128420,15,290,18,323
1128421,18,329,10,357
1128422,20,571,17,608
1128423,15,318,12,345
1128424,99,337,9,445
1128425,6,303,14,323
1128426,14,512,18,544
1128427,25,289,12,326
1128428,19,321,41,381
1128429,0,102,9,111
1128430,17,533,33,583
1128431,45,400,20,465
1128501,7,300,6,313
1128502,7,356,21,384
1128503,9,214,18,241
1128504,21,326,37,384
1128505,30,416,27,473
1128506,39,524,32,595
1128507,12,403,14,429
1128508,12,279,12,303
1128509,24,372,8,404
1128510,3,343,3,349
1128511,6,310,12,328
1128512,6,163,10,179
1128513,15,564,37,616
1128514,15,273,6,294
1128515,12,314,12,338
1128516,0,45,3,48
1128601,20,344,12,376
1128602,0,0,0,0
1128603,15,273,15,303
1128604,8,384,9,401
1128605,16,326,9,351
1128606,18,370,29,417
1128607,51,452,39,542
1128608,24,217,12,253
1128609,24,279,24,327
1128610,110,349,24,483
1128611,6,380,17,403
1128612,0,0,0,0
1128613,11,433,20,464
1128614,19,648,27,694
1128615,9,505,20,534
1128616,61,193,24,278
1128617,9,233,23,265
1128618,20,233,9,262
1128619,37,403,35,475
1128620,14,449,24,487
1128621,10,204,6,220
1128622,15,283,12,310
1128623,9,223,18,250
1128701,12,343,21,376
1128702,6,407,12,425
1128703,39,574,15,628
1128704,31,591,18,640
1128705,18,370,33,421
1128706,4,247,9,260
1128707,12,386,10,408
1128708,13,419,29,461
1128709,7,350,5,362
1128710,16,353,9,378
1128711,18,233,32,283
1128712,14,147,10,171
1128713,19,209,15,243
1128714,24,749,15,788
1128715,0,61,0,61
1128716,122,348,15,485
1128717,27,337,14,378
1128718,16,304,7,327
1128719,9,297,12,318
1128720,0,166,78,244
1128721,25,494,23,542
1128722,0,0,0,0
1128723,15,333,3,351
1128724,15,213,13,241
1128725,3,108,4,115
1128726,0,16,6,22
1128801,7,141,0,148
1128802,9,252,22,283
1128803,13,207,5,225
1128804,12,273,25,310
1128805,0,295,11,306
1128806,3,238,6,247
1128807,12,486,18,516
1128808,3,178,0,181
1128809,12,218,12,242
1128810,3,7,0,10
1128811,9,193,6,208
1128812,14,656,21,691
1128901,20,582,19,621
1128902,17,334,33,384
1128903,14,491,23,528
1128904,12,435,29,476
1128905,0,145,3,148
1128906,7,362,21,390
1128907,0,250,17,267
1128908,4,180,8,192
1128909,9,294,7,310
1128910,10,239,0,249
1128911,6,136,6,148
1128912,0,145,6,151
1128913,29,270,10,309
1128914,95,362,12,469
1128915,10,259,16,285
1128916,24,360,25,409
1128917,15,303,13,331
1128918,18,256,8,282
1128919,11,172,16,199
1129001,27,483,18,528
1129002,24,636,44,704
1129003,13,452,24,489
1129004,14,482,19,515
1129005,18,603,26,647
1129006,10,350,17,377
1129007,11,276,7,294
1129008,25,562,15,602
1129009,7,424,12,443
1129010,6,470,12,488
1129011,4,335,4,343
1129012,11,479,6,496
1129013,13,534,0,547
1129014,12,451,12,475
1129015,12,397,21,430
1129016,18,542,26,586
1129017,9,281,27,317
1129018,9,513,19,541
1129019,9,318,8,335
1129020,6,391,3,400
1129021,12,503,15,530
1129022,10,384,15,409
1129023,17,335,6,358
1129024,13,509,3,525
1129025,9,240,0,249
1129026,10,548,6,564
1129027,12,328,3,343
1129028,14,456,29,499
1129029,12,500,6,518
1129030,15,314,3,332
1129031,16,514,19,549
1129032,135,555,9,699
1129033,12,655,38,705
1129034,3,202,12,217
1129035,12,491,22,525
1129036,15,394,0,409
1129037,3,642,18,663
1129038,7,274,25,306
1129039,9,207,0,216
1129040,15,452,15,482
1129041,13,279,17,309
1129042,5,461,13,479
1129043,15,551,16,582
1129044,7,275,3,285
1129045,9,541,15,565
1129046,3,190,9,202
1129047,3,258,9,270
1129101,3,330,18,351
1129102,9,381,3,393
1129103,0,504,21,525
1129104,6,386,15,407
1129105,7,454,3,464
1129106,27,377,3,407
1129107,6,248,3,257
1129108,12,472,6,490
1129109,11,463,4,478
1129110,9,483,23,515
1129111,9,530,15,554
1129112,6,354,21,381
1129113,6,243,15,264
1129114,4,374,8,386
1129115,11,408,7,426
1129116,20,547,7,574
1129117,5,314,3,322
1129118,0,390,13,403
1129119,10,438,0,448
1129120,3,394,0,397
1129121,9,414,13,436
1129122,12,256,6,274
1129123,0,363,4,367
1129124,0,293,0,293
1129125,21,271,15,307
1129126,18,1015,32,1065
1129127,0,12,9,21
1129128,13,510,12,535
1129129,10,544,13,567
1129130,0,194,0,194
1129131,6,356,6,368
1129132,3,211,4,218
1129133,14,442,7,463
1129134,6,236,3,245
1129135,4,294,3,301
1129136,17,206,3,226
1129137,12,443,10,465
1129138,0,0,0,0
1129139,9,376,7,392
1129140,13,460,10,483
1129141,9,345,19,373
1129142,27,470,9,506
1129143,15,661,18,694
1129144,12,432,10,454
1129145,6,464,31,501
1129146,9,377,12,398
1129147,0,6,0,6
1129201,7,268,10,285
1129202,3,496,3,502
1129203,9,382,6,397
1129204,14,459,9,482
1129205,15,287,6,308
1129206,6,443,24,473
1129207,13,294,16,323
1129208,9,255,6,270
1129209,6,368,27,401
1129210,4,492,12,508
1129211,23,338,26,387
1129212,12,439,28,479
1129213,8,550,14,572
1129214,0,0,0,0
1129215,6,285,3,294
1129216,0,245,6,251
1129217,7,569,14,590
1129218,18,588,12,618
1129219,11,552,21,584
1129220,6,417,20,443
1129221,17,412,9,438
1129222,3,334,9,346
1129223,9,312,0,321
1129224,6,330,9,345
1129225,15,625,9,649
1129226,0,200,12,212
1129227,7,550,12,569
1129228,12,513,0,525
1129229,0,247,21,268
1129230,18,562,18,598
1129231,7,484,4,495
1129232,0,212,15,227
1129233,6,391,6,403
1129234,9,374,6,389
1129235,9,386,6,401
1129236,10,378,15,403
1129237,10,522,30,562
1129238,21,474,3,498
1129239,13,434,8,455
1129240,15,408,9,432
1129241,27,619,19,665
1129242,8,525,27,560
1129243,0,15,0,15
1129244,4,312,19,335
1129245,19,502,16,537
1129246,15,560,6,581
1129247,4,371,18,393
1129248,7,610,23,640
1129249,15,585,55,655
1129250,9,427,18,454
1129251,24,596,27,647
1129252,0,0,0,0
1129253,4,353,8,365
1129254,6,368,0,374
1129255,3,274,12,289
1129256,9,284,6,299
1129257,12,446,3,461
1129258,31,400,6,437
1129259,9,469,12,490
1129260,18,376,9,403
1129261,19,998,110,1127
1129262,8,501,6,515
1129263,0,228,6,234
1129264,0,246,0,246
1129301,12,347,9,368
1129302,8,390,3,401
1129303,10,560,8,578
1129304,8,273,4,285
1129305,19,510,7,536
1129306,3,312,10,325
1129307,15,319,6,340
1129308,14,466,21,501
1129309,0,215,4,219
1129310,9,334,0,343
1129311,0,274,3,277
1129312,4,210,3,217
1129313,6,276,15,297
1129314,11,258,3,272
1129315,6,469,18,493
1129316,0,305,9,314
1129317,12,481,6,499
1129318,5,278,0,283
1129319,9,381,9,399
1129320,0,353,12,365
1129321,25,356,17,398
1129322,7,257,9,273
1129323,6,183,0,189
1129324,9,224,4,237
1129325,12,409,4,425
1129326,0,209,3,212
1129327,15,367,9,391
1129328,12,305,21,338
1129329,0,328,15,343
1129330,12,324,27,363
1129331,12,457,16,485
1129332,8,342,28,378
1129333,8,444,42,494
1129334,10,407,19,436
1129335,0,306,0,306
1129336,3,495,15,513
1129337,13,590,29,632
1129338,6,338,18,362
1129339,9,399,15,423
1129340,7,332,9,348
1129341,12,237,9,258
1129342,111,166,7,284
1129343,0,0,0,0
1129344,102,284,6,392
1129345,746,708,53,1507
1129346,0,0,0,0
1129347,8,418,6,432
1129348,53,365,12,430
1129349,6,256,4,266
1129350,7,222,9,238
1129351,8,594,6,608
1129352,4,430,6,440
1129353,9,332,9,350
1129354,0,289,10,299
1129355,0,292,14,306
1129356,9,423,21,453
1129357,0,403,18,421
1129358,12,455,3,470
1129359,6,336,17,359
1129360,0,371,3,374
1129361,0,242,6,248
1129362,8,438,11,457
1129363,21,541,4,566
1129364,4,329,8,341
1129401,15,555,17,587
1129402,6,342,9,357
1129403,18,224,3,245
1129404,0,88,6,94
1129405,14,348,18,380
1129406,4,311,3,318
1129407,0,291,12,303
1129408,9,451,9,469
1129409,0,326,13,339
1129410,0,274,3,277
1129411,3,203,9,215
1129412,4,401,21,426
1129413,15,572,23,610
1129414,9,350,12,371
1129415,67,319,7,393
1129416,0,427,18,445
1129501,6,228,3,237
1129502,9,512,10,531
1129503,9,425,6,440
1129504,18,573,11,602
1129505,15,650,19,684
1129506,3,499,6,508
1129507,0,316,8,324
1129508,6,371,3,380
1129509,12,719,5,736
1129510,3,465,12,480
1129511,6,387,15,408
1129512,7,620,15,642
1129513,6,396,15,417
1129514,21,564,18,603
1129515,10,543,21,574
1129516,12,647,6,665
1129517,12,276,0,288
1129518,18,482,18,518
1129519,6,495,4,505
1129520,12,465,18,495
1129521,3,291,9,303
1129522,21,616,42,679
1129523,9,539,12,560
1129524,18,620,6,644
1129525,21,502,12,535
1129526,9,388,15,412
1129527,3,501,17,521
1129528,6,346,5,357
1129529,10,444,10,464
1129530,5,472,12,489
1129531,6,251,3,260
1129532,7,330,11,348
1129533,10,406,9,425
1129534,4,356,7,367
1129535,10,803,16,829
1129536,8,432,3,443
1129537,9,534,16,559
1129538,24,559,12,595
1129539,9,324,9,342
1129540,17,409,27,453
1129541,3,272,14,289
1129542,18,466,24,508
1129543,9,437,23,469
1129544,8,539,23,570
1129545,6,532,9,547
1129546,16,702,62,780
1129547,12,396,16,424
1129548,18,502,25,545
1129601,12,317,4,333
1129602,9,307,0,316
1129603,33,344,12,389
1129604,9,218,12,239
1129605,10,338,6,354
1129606,6,435,3,444
1129607,3,251,6,260
1129608,5,256,0,261
1129609,3,332,9,344
1129610,12,556,19,587
1129611,13,388,10,411
1129612,3,327,0,330
1129613,9,337,0,346
1129614,6,618,6,630
1129615,3,425,12,440
1129616,7,408,11,426
1129617,3,380,0,383
1129618,52,194,14,260
1129619,15,392,6,413
1129620,12,478,22,512
1129621,10,361,3,374
1129622,18,536,24,578
1129623,12,343,12,367
1129624,12,243,0,255
1129625,4,441,9,454
1129626,0,241,9,250
1129627,6,353,24,383
1129628,15,472,13,500
1129629,9,449,9,467
1129630,9,303,3,315
1129631,3,354,3,360
1129632,3,452,12,467
1129701,12,376,12,400
1129702,3,342,13,358
1129703,8,393,15,416
1129704,9,320,12,341
1129705,12,281,12,305
1129706,15,183,3,201
1129707,9,239,0,248
1129708,3,253,4,260
1129709,22,404,18,444
1129710,12,346,9,367
1129711,9,201,9,219
1129712,9,322,21,352
1129713,115,423,13,551
1129714,12,457,21,490
1129715,3,325,25,353
1129716,3,210,12,225
1129717,15,240,9,264
1129718,11,342,30,383
1129719,12,341,21,374
1129720,15,326,6,347
1129721,6,253,3,262
1129722,9,422,24,455
1129723,6,275,17,298
1129724,12,252,9,273
1129725,12,280,0,292
1129726,12,254,15,281
1129727,9,149,27,185
1129728,10,292,13,315
1129729,9,269,15,293
1129730,9,205,16,230
1129731,12,292,16,320
1129732,3,404,18,425
1129733,16,344,11,371
1129734,15,495,21,531
1129735,48,303,3,354
1129736,11,416,15,442
1129737,9,424,10,443
1129738,6,311,13,330
1129739,12,355,15,382
1129740,16,218,3,237
1129741,12,243,9,264
1129742,0,279,0,279
1129743,12,349,10,371
1129744,6,376,3,385
1129745,3,262,0,265
1129746,9,338,9,356
1129747,6,425,15,446
1129748,39,390,30,459
1129749,6,330,27,363
1129750,12,352,42,406
1129751,18,388,8,414
1129752,3,410,15,428
1129753,9,497,21,527
1129754,15,350,24,389
1129755,15,341,9,365
1129756,9,430,15,454
1129757,3,211,3,217
1129758,12,261,3,276
1129801,15,302,3,320
1129802,9,270,9,288
1129803,15,377,13,405
1129804,3,261,15,279
1129805,3,187,6,196
1129806,50,335,12,397
1129807,6,396,6,408
1129808,12,290,10,312
1129809,8,297,6,311
1129810,7,195,12,214
1129811,3,266,9,278
1129812,6,317,12,335
1129813,24,112,3,139
1129814,15,447,27,489
1129815,12,268,6,286
1129816,7,190,4,201
1129817,7,227,9,243
1129901,18,291,32,341
1129902,19,462,111,592
1129903,18,287,28,333
1129904,0,261,20,281
1129905,18,206,39,263
1129906,9,160,26,195
1129907,9,238,79,326
1129908,12,270,22,304
1130001,18,393,9,420
1130002,12,470,21,503
1130003,15,222,15,252
1130004,24,367,24,415
1130005,3,260,6,269
1130006,12,248,18,278
1130007,3,317,31,351
1130008,0,0,0,0
1130009,11,249,3,263
1130010,40,300,9,349
1130011,6,299,9,314
1130012,12,232,21,265
1130013,9,299,8,316
1130014,9,290,24,323
1130015,12,243,23,278
1130016,21,530,49,600
1130017,3,230,18,251
1130018,6,361,13,380
1130019,10,473,39,522
1130020,6,176,10,192
1130021,3,238,9,250
1130022,0,449,15,464
1130023,18,425,60,503
1130024,15,250,17,282
1130025,7,328,28,363
1130026,19,358,13,390
1130027,6,243,13,262
1130028,12,284,12,308
1130029,17,466,18,501
1130030,8,157,30,195
1130031,15,401,9,425
1130032,3,269,12,284
1130033,6,300,19,325
1130034,13,319,74,406
1130035,15,412,9,436
1130036,6,324,18,348
1130037,12,411,18,441
1130038,4,316,6,326
1130039,0,0,0,0
1130040,10,246,0,256
1130041,13,416,4,433
1130042,24,433,12,469
1130043,24,495,16,535
1130044,3,283,3,289
1130045,16,348,12,376
1130046,6,218,4,228
1130047,24,479,24,527
1130048,13,415,0,428
1130049,18,442,20,480
1130050,15,354,9,378
1130051,0,311,24,335
1130052,0,317,29,346
1130053,12,275,27,314
1130054,11,411,20,442
1130055,12,258,27,297
1130056,43,352,38,433
1130057,13,175,47,235
1130058,12,322,15,349
1130059,7,85,3,95
1130060,0,199,6,205
1130061,0,107,9,116
1130062,13,460,26,499
1130063,13,321,11,345
1130101,18,370,48,436
1130102,4,214,11,229
1130103,27,332,9,368
1130104,11,558,12,581
1130105,6,278,19,303
1130106,0,383,8,391
1130107,13,443,33,489
1130108,0,314,30,344
1130109,10,529,44,583
1130110,6,404,18,428
1130111,16,288,0,304
1130112,12,329,19,360
1130113,12,248,14,274
1130114,16,369,16,401
1130115,8,410,9,427
1130116,12,602,27,641
1130117,8,319,3,330
1130118,21,535,9,565
1130119,8,382,6,396
1130120,9,404,13,426
1130121,21,416,13,450
1130122,7,253,12,272
1130201,9,452,27,488
1130202,6,315,4,325
1130203,3,418,9,430
1130204,5,686,20,711
1130205,3,572,15,590
1130206,9,551,18,578
1130207,7,214,15,236
1130208,6,453,12,471
1130209,10,337,24,371
1130210,19,483,12,514
1130211,4,464,31,499
1130212,9,392,11,412
1130213,0,227,12,239
1130214,9,483,12,504
1130215,12,431,12,455
1130216,3,333,6,342
1130217,5,354,0,359
1130218,60,391,33,484
1130219,6,591,15,612
1130220,15,481,41,537
1130221,12,292,19,323
1130222,21,369,11,401
1130223,6,311,6,323
1130224,12,421,14,447
1130225,7,325,5,337
1130226,9,433,12,454
1130227,6,347,0,353
1130228,13,377,15,405
1130229,6,356,18,380
1130230,6,342,21,369
1130231,10,527,6,543
1130232,8,326,10,344
1130233,12,303,12,327
1130234,4,352,12,368
1130235,0,387,8,395
1130236,12,381,31,424
1130237,12,431,69,512
1130238,9,355,40,404
1130239,3,12,3,18
1130240,12,375,36,423
1130241,7,367,12,386
1130242,0,291,45,336
1130243,15,461,18,494
1130244,3,240,10,253
1130301,9,196,15,220
1130302,12,254,7,273
1130303,3,3,0,6
1130304,12,347,48,407
1130305,18,336,18,372
1130306,28,470,35,533
1130307,3,377,30,410
1130308,6,489,12,507
1130309,0,0,3,3
1130310,12,322,9,343
1130311,5,446,15,466
1130312,17,345,6,368
1130313,0,3,0,3
1130314,9,405,16,430
1130315,14,464,11,489
1130316,3,175,15,193
1130317,4,260,0,264
1130318,78,265,15,358
1130319,17,564,32,613
1130320,15,440,24,479
1130321,21,195,12,228
1130322,22,383,50,455
1130323,19,336,25,380
1130324,23,358,12,393
1130325,31,505,39,575
1130326,113,266,12,391
1130327,38,365,27,430
1130328,24,663,75,762
1130329,26,430,44,500
1130330,0,6,0,6
1130331,9,822,41,872
1130332,3,133,15,151
1130333,6,596,26,628
1130334,3,453,37,493
1130335,31,580,52,663
1130336,9,274,17,300
1130337,0,0,0,0
1130338,31,410,35,476
1130339,24,253,51,328
1130340,0,20,0,20
1130341,22,356,15,393
1130342,25,306,21,352
1130401,19,307,12,338
1130402,10,320,12,342
1130403,21,452,22,495
1130404,47,475,31,553
1130405,22,325,21,368
1130406,12,352,28,392
1130407,35,414,28,477
1130408,28,267,25,320
1130409,21,310,16,347
1130410,10,369,28,407
1130411,12,310,18,340
1130412,10,283,22,315
1130413,63,546,35,644
1130414,169,257,61,487
1130415,15,267,18,300
1130416,14,468,13,495
1130417,26,546,43,615
1130418,27,633,45,705
1130419,19,368,21,408
1130420,20,392,36,448
1130421,14,332,29,375
1130422,12,265,6,283
1130423,20,230,6,256
1130424,23,609,17,649
1130425,22,398,16,436
1130426,27,546,16,589
1130427,0,0,0,0
1130428,31,338,24,393
1130429,14,313,21,348
1130430,33,367,16,416
1130431,12,151,7,170
1130432,33,505,31,569
1130433,3,347,26,376
1130434,19,381,15,415
1130435,12,457,28,497
1130436,27,358,18,403
1130437,18,368,20,406
1130438,16,252,14,282
1130439,22,450,39,511
1130440,16,309,8,333
1130441,0,0,0,0
1130442,23,323,9,355
1130501,19,461,25,505
1130502,17,327,12,356
1130503,26,377,19,422
1130504,7,305,4,316
1130505,27,392,8,427
1130506,20,570,15,605
1130507,9,324,12,345
1130508,25,374,12,411
1130509,16,642,27,685
1130510,37,353,14,404
1130511,11,409,9,429
1130512,0,262,4,266
1130513,9,324,18,351
1130514,25,465,17,507
1130515,9,272,18,299
1130516,21,473,4,498
1130517,30,577,21,628
1130518,24,312,13,349
1130519,12,359,12,383
1130520,3,175,3,181
1130521,16,428,24,468
1130522,12,311,7,330
1130523,7,269,3,279
1130524,24,507,15,546
1130525,6,243,27,276
1130526,15,222,17,254
1130527,17,567,42,626
1130528,14,407,10,431
1130529,17,403,29,449
1130530,15,286,36,337
1130531,22,328,15,365
1130532,11,278,21,310
1130533,13,399,32,444
1130534,23,543,27,593
1130535,26,337,13,376
1130536,26,432,34,492
1130537,9,330,12,351
1130538,21,473,26,520
1130539,19,446,13,478
1130540,13,286,15,314
1130541,3,295,9,307
1130542,9,386,23,418
1130543,21,339,12,372
1130544,7,284,6,297
1130545,22,348,13,383
1130546,18,331,21,370
1130547,11,397,9,417
1130548,144,379,21,544
1130549,19,471,24,514
1130550,46,551,24,621
1130551,28,422,21,471
1130552,14,246,15,275
1130553,14,324,26,364
1130554,10,395,30,435
1130555,20,523,15,558
1130556,21,434,41,496
1130557,18,417,15,450
1130558,9,349,9,367
1130559,12,507,4,523
1130560,38,251,27,316
1130561,5,485,32,522
1130562,5,334,15,354
1130563,30,582,21,633
1130601,5,514,24,543
1130602,15,434,6,455
1130603,22,1127,25,1174
1130604,0,0,0,0
1130605,30,207,26,263
1130606,21,351,31,403
1130607,6,236,42,284
1130608,30,587,26,643
1130609,18,262,12,292
1130610,12,235,18,265
1130611,13,437,23,473
1130612,15,426,6,447
1130613,18,402,19,439
1130614,21,359,23,403
1130615,15,367,12,394
1130616,11,285,10,306
1130617,15,427,15,457
1130618,4,295,4,303
1130619,30,482,13,525
1130620,24,475,12,511
1130621,14,417,18,449
1130622,22,359,4,385
1130623,12,224,4,240
1130624,24,402,7,433
1130625,25,455,59,539
1130626,31,359,19,409
1130627,25,328,45,398
1130628,18,327,9,354
1130629,0,4,0,4
1130630,27,428,28,483
1130631,18,347,21,386
1130632,28,321,41,390
1130633,3,304,18,325
1130634,16,302,22,340
1130635,18,216,28,262
1130636,12,232,3,247
1130637,7,226,17,250
1130638,72,452,26,550
1130639,25,362,13,400
1130640,18,308,9,335
1130641,34,445,29,508
1130642,14,320,21,355
1130643,32,257,27,316
1130644,16,176,12,204
1130645,33,304,39,376
1130646,28,384,19,431
1130647,44,335,27,406
1130648,28,288,3,319
1130649,43,258,32,333
1130650,39,441,27,507
1130701,18,510,21,549
1130702,14,368,7,389
1130703,3,415,12,430
1130704,3,210,12,225
1130705,13,365,15,393
1130706,6,322,12,340
1130707,22,390,35,447
1130708,31,380,36,447
1130709,18,434,37,489
1130710,40,407,16,463
1130711,9,469,9,487
1130712,4,380,6,390
1130713,4,329,13,346
1130714,14,494,13,521
1130715,14,308,30,352
1130716,35,426,27,488
1130717,32,498,14,544
1130718,39,306,35,380
1130719,35,363,21,419
1130720,9,511,34,554
1130721,0,9,0,9
1130722,6,293,6,305
1130723,18,365,12,395
1130724,13,277,9,299
1130725,3,393,20,416
1130726,18,543,3,564
1130727,31,321,13,365
1130728,100,113,0,213
1130729,9,328,18,355
1130730,80,468,32,580
1130731,4,353,21,378
1130732,15,255,6,276
1130733,4,310,10,324
1130734,31,418,25,474
1130735,31,459,20,510
1130736,23,452,18,493
1130737,15,285,8,308
1130738,26,411,10,447
1130739,19,379,13,411
1130740,25,408,36,469
1130741,25,412,6,443
1130742,24,469,22,515
1130743,10,266,4,280
1130744,10,508,18,536
1130745,15,519,4,538
1130746,9,383,6,398
1130747,14,446,0,460
1130748,40,512,28,580
1130749,24,516,21,561
1130750,12,509,9,530
1130751,12,338,0,350
1130752,12,414,13,439
1130753,18,420,12,450
1130754,23,554,30,607
1130755,34,433,27,494
1130756,40,459,43,542
1130801,29,349,28,406
1130802,12,458,18,488
1130803,13,373,20,406
1130804,6,230,11,247
1130805,19,461,13,493
1130806,21,327,3,351
1130807,28,494,10,532
1130808,12,301,9,322
1130809,16,461,11,488
1130810,34,554,85,673
1130811,42,421,49,512
1130812,18,409,9,436
1130813,15,484,18,517
1130814,28,490,17,535
1130815,12,376,9,397
1130816,9,366,15,390
1130817,15,328,12,355
1130818,6,33,9,48
1130819,21,297,0,318
1130820,29,539,31,599
1130821,25,487,24,536
1130822,20,310,3,333
1130823,35,605,38,678
1130824,15,253,11,279
1130825,5,244,8,257
1130826,10,376,13,399
1130827,16,511,6,533
1130828,26,487,22,535
1130829,12,621,21,654
1130830,21,409,52,482
1130831,6,265,8,279
1130832,22,495,24,541
1130833,23,538,32,593
1130834,15,383,15,413
1130835,10,329,17,356
1130836,27,418,21,466
1130837,14,471,34,519
1130838,26,452,25,503
1130839,13,297,20,330
1130840,20,335,0,355
1130841,0,0,0,0
1130842,17,543,36,596
1130843,22,485,9,516
1130844,8,487,18,513
1130845,13,567,19,599
1130846,8,486,38,532
1130847,6,309,24,339
1130848,23,461,11,495
1130849,16,525,22,563
1130850,10,373,16,399
1130851,15,364,24,403
1130901,27,461,22,510
1130902,21,399,29,449
1130903,9,366,0,375
1130904,0,385,17,402
1130905,11,408,24,443
1130906,20,510,27,557
1130907,7,337,6,350
1130908,5,381,11,397
1130909,3,319,3,325
1130910,13,418,12,443
1130911,11,358,13,382
1130912,9,502,5,516
1130913,3,275,0,278
1130914,20,566,31,617
1130915,12,289,9,310
1130916,7,284,3,294
1130917,12,338,6,356
1130918,9,572,6,587
1130919,6,559,24,589
1130920,3,289,12,304
1130921,3,311,18,332
1130922,23,658,28,709
1130923,4,371,18,393
1130924,16,660,15,691
1130925,14,519,21,554
1130926,6,261,0,267
1130927,15,265,12,292
1130928,9,523,0,532
1130929,15,438,15,468
1130930,4,429,4,437
1130931,6,436,12,454
1130932,7,391,9,407
1130933,9,226,0,235
1130934,6,397,9,412
1130935,6,297,15,318
1130936,9,318,3,330
1131001,25,1124,18,1167
1131002,19,875,8,902
1131003,31,1887,73,1991
1131004,34,505,25,564
1131005,20,540,18,578
1131006,6,229,3,238
1131007,3,249,6,258
1131008,9,392,21,422
1131009,31,882,33,946
1131010,21,1045,9,1075
1131011,7,280,8,295
1131012,33,315,9,357
1131013,0,360,4,364
1131014,3,395,12,410
1131015,6,346,19,371
1131016,17,968,24,1009
1131017,13,505,13,531
1131018,6,556,25,587
1131019,9,489,24,522
1131020,7,406,34,447
1131021,0,285,13,298
1131022,6,344,26,376
1131023,19,1007,27,1053
1131024,0,0,734,734
1131025,9,509,15,533
1131026,23,1325,70,1418
1131027,9,461,15,485
1131028,23,1709,39,1771
1131029,16,755,14,785
1131030,30,446,6,482
1131031,20,1392,31,1443
1131101,28,625,32,685
1131102,13,503,3,519
1131103,15,633,12,660
1131104,13,587,15,615
1131105,16,443,26,485
1131106,4,214,4,222
1131107,15,344,12,371
1131108,6,461,7,474
1131109,15,455,18,488
1131110,6,435,6,447
1131111,0,317,3,320
1131112,15,475,12,502
1131113,3,87,21,111
1131114,12,584,22,618
1131115,9,413,9,431
1131116,9,831,38,878
1131117,17,375,3,395
1131118,16,496,8,520
1131119,6,270,0,276
1131120,8,412,12,432
1131121,30,468,21,519
1131122,0,380,17,397
1131123,5,421,24,450
1131124,8,583,18,609
1131125,9,303,12,324
1131126,15,406,21,442
1131127,18,449,9,476
1131128,15,293,8,316
1131129,9,361,6,376
1131130,9,333,15,357
1131131,0,419,22,441
1131132,12,256,21,289
1131133,15,477,19,511
1131134,18,243,25,286
1131135,8,305,7,320
1131136,10,279,9,298
1131137,13,445,11,469
1131138,6,431,12,449
1131139,16,416,9,441
1131140,13,555,7,575
1131141,13,257,21,291
1131142,7,274,9,290
1131143,8,378,6,392
1131144,4,388,19,411
1131145,18,543,30,591
1131146,11,330,7,348
1131147,3,293,6,302
1131148,19,310,12,341
1131149,14,320,39,373
1131150,16,373,15,404
1131151,12,592,27,631
1131152,9,453,17,479
1131153,15,571,21,607
1131154,0,274,5,279
1131155,12,457,15,484
1131156,103,449,29,581
1131157,6,481,7,494
1131158,11,689,12,712
1131201,9,207,0,216
1131202,33,570,38,641
1131203,3,146,26,175
1131204,32,361,32,425
1131205,24,405,33,462
1131206,12,278,15,305
1131207,22,309,14,345
1131208,12,328,31,371
1131209,16,362,35,413
1131210,12,439,33,484
1131211,15,216,23,254
1131212,3,168,21,192
1131213,18,322,15,355
1131214,11,326,17,354
1131215,19,447,13,479
1131216,9,234,12,255
1131217,15,423,18,456
1131218,15,270,14,299
1131219,8,231,17,256
1131220,13,361,27,401
1131221,0,12,0,12
1131222,24,363,14,401
1131223,18,293,5,316
1131224,14,282,9,305
1131225,0,0,0,0
1131226,24,555,23,602
1131227,36,362,11,409
1131228,9,191,24,224
1131229,11,305,14,330
1131230,13,282,9,304
1131231,22,342,0,364
1131232,18,419,33,470
1131233,10,355,17,382
1131301,25,214,27,266
1131302,9,184,27,220
1131303,50,498,44,592
1131304,51,466,62,579
1131305,35,381,24,440
1131306,35,328,33,396
1131307,28,322,25,375
1131308,16,215,9,240
1131309,32,366,20,418
1131310,12,407,53,472
1131311,28,318,24,370
1131312,29,271,21,321
1131313,7,198,22,227
1131314,33,428,18,479
1131315,27,242,30,299
1131316,22,209,16,247
1131317,25,374,39,438
1131318,39,400,61,500
1131319,24,320,21,365
1131320,18,419,27,464
1131321,18,296,15,329
1131322,20,402,5,427
1131323,17,314,47,378
1131324,0,0,0,0
1131325,33,461,64,558
1131326,14,183,6,203
1131327,20,518,25,563
1131328,23,463,4,490
1131329,0,0,0,0
1131330,27,242,12,281
1131331,0,0,0,0
1131332,15,357,38,410
1131333,26,387,34,447
1131334,12,197,19,228
1131335,30,356,30,416
1131336,44,466,49,559
1131337,24,303,9,336
1131338,12,324,20,356
1131339,12,274,19,305
1131340,12,171,9,192
1131341,22,304,22,348
1131342,34,420,39,493
1131343,9,203,15,227
1131344,0,0,0,0
1131345,21,375,21,417
1131346,35,289,26,350
1131347,37,455,48,540
1131348,23,318,18,359
1131349,24,413,9,446
1131350,50,549,40,639
1131351,8,359,3,370
1131352,8,207,9,224
1131401,11,430,3,444
1131402,24,479,30,533
1131403,16,378,5,399
1131404,12,376,16,404
1131405,9,502,14,525
1131406,7,409,16,432
1131407,19,412,20,451
1131408,16,455,16,487
1131409,3,325,4,332
1131410,9,281,15,305
1131411,6,497,33,536
1131412,9,374,18,401
1131413,15,305,15,335
1131414,6,255,11,272
1131415,14,384,42,440
1131416,90,197,0,287
1131417,27,426,24,477
1131418,0,0,0,0
1131419,15,308,16,339
1131420,0,6,0,6
1131421,0,6,0,6
1131422,12,312,17,341
1131423,12,344,6,362
1131501,10,321,12,343
1131502,18,337,12,367
1131503,8,254,0,262
1131504,16,486,21,523
1131505,18,409,25,452
1131506,21,649,18,688
1131507,0,0,0,0
1131508,15,325,3,343
1131509,10,255,17,282
1131510,16,310,9,335
1131511,12,255,18,285
1131512,18,434,22,474
1131513,9,373,70,452
1131514,25,569,47,641
1131515,9,377,43,429
1131516,18,504,40,562
1131517,21,440,15,476
1131518,17,417,31,465
1131519,9,313,42,364
1131520,10,546,71,627
1131521,19,367,12,398
1131522,24,432,37,493
1131523,19,540,28,587
1131524,18,450,16,484
1131525,21,413,12,446
1131526,9,234,6,249
1131527,13,381,3,397
1131528,16,339,23,378
1131529,15,441,15,471
1131530,22,392,7,421
1131531,4,278,7,289
1131532,15,398,3,416
1131533,12,490,9,511
1131534,21,254,15,290
1131535,17,533,31,581
1131536,50,257,7,314
1131537,23,562,31,616
1131538,6,331,0,337
1131539,11,424,0,435
1131540,21,392,0,413
1131541,10,315,16,341
1131542,18,392,32,442
1131543,26,450,13,489
1131544,47,504,25,576
1131545,11,325,27,363
1131546,23,407,31,461
1131601,0,0,0,0
1131602,15,164,33,212
1131603,13,166,27,206
1131604,50,1376,51,1477
1131605,33,488,30,551
1131606,23,385,42,450
1131607,25,316,30,371
1131608,27,295,24,346
1131609,15,225,21,261
1131610,24,399,34,457
1131611,21,314,36,371
1131612,20,275,10,305
1131613,48,388,45,481
1131614,16,251,9,276
1131615,17,335,15,367
1131616,21,240,13,274
1131617,57,415,44,516
1131618,22,286,42,350
1131619,26,258,25,309
1131620,20,284,54,358
1131621,33,239,30,302
1131622,13,318,34,365
1131623,30,556,12,598
1131624,29,329,11,369
1131625,19,263,59,341
1131626,35,335,24,394
1131627,14,234,39,287
1131628,10,231,37,278
1131629,30,262,43,335
1131630,22,369,63,454
1131631,22,291,31,344
1131632,34,442,63,539
1131633,25,320,39,384
1131634,35,457,64,556
1131635,10,157,27,194
1131636,56,374,34,464
1131637,0,0,0,0
1131638,40,399,38,477
1131639,28,414,34,476
1131640,27,473,42,542
1131641,25,342,28,395
1131701,0,3,0,3
1131702,52,452,33,537
1131703,27,426,30,483
1131704,40,843,105,988
1131705,21,278,10,309
1131706,36,384,43,463
1131707,39,480,59,578
1131708,46,350,55,451
1131709,44,427,59,530
1131710,33,426,57,516
1131711,37,500,52,589
1131712,11,334,13,358
1131713,3,6,3,12
1131714,37,337,53,427
1131715,31,405,17,453
1131716,0,0,0,0
1131717,32,591,40,663
1131718,29,379,23,431
1131719,31,466,14,511
1131720,35,518,27,580
1131721,40,466,46,552
1131722,39,562,34,635
1131723,15,219,15,249
1131724,18,257,18,293
1131725,44,321,26,391
1131726,45,510,28,583
1131727,25,262,12,299
1131728,14,354,30,398
1131729,16,278,30,324
1131730,21,409,30,460
1131731,31,434,42,507
1131732,25,323,28,376
1131733,61,458,41,560
1131734,23,423,55,501
1131735,28,602,38,668
1131736,10,343,26,379
1131737,15,384,11,410
1131738,15,408,12,435
1131739,22,502,32,556
1131740,34,518,33,585
1131741,20,594,41,655
1131742,15,515,44,574
1131743,18,647,41,706
1131744,17,441,26,484
1131745,20,731,23,774
1131746,14,476,19,509
1131801,0,15,0,15
1131802,0,0,6,6
1131803,0,0,0,0
1131901,9,311,20,340
1131902,9,327,9,345
1131903,6,330,0,336
1131904,6,202,6,214
1131905,18,369,15,402
1131906,14,302,4,320
1131907,16,314,21,351
1131908,24,386,24,434
1131909,21,485,18,524
1131910,6,6,0,12
1131911,4,0,0,4
1131912,21,279,9,309
1131913,78,596,24,698
1131914,18,562,23,603
1131915,28,383,15,426
1131916,23,400,32,455
1131917,16,484,13,513
1131918,24,412,18,454
1131919,102,194,33,329
1131920,0,27,0,27
1131921,39,588,35,662
1131922,36,518,65,619
1131923,21,400,18,439
1131924,20,334,26,380
1131925,17,339,24,380
1131926,3,288,9,300
1131927,9,312,12,333
1131928,33,582,61,676
1131929,29,487,26,542
1131930,24,282,15,321
1131931,19,620,18,657
1131932,285,370,31,686
1131933,17,350,10,377
1131934,28,383,11,422
1131935,15,513,22,550
1131936,4,303,18,325
1131937,9,568,30,607
1131938,11,332,15,358
1131939,12,368,21,401
1131940,14,352,36,402
1131941,15,394,37,446
1131942,15,332,15,362
1131943,6,263,25,294
1131944,15,274,13,302
1131945,9,315,15,339
1131946,34,466,24,524
1131947,9,307,9,325
1131948,14,479,37,530
1132001,0,6,3,9
1132002,0,5,0,5
1132003,0,0,0,0
1132101,18,756,20,794
1132102,3,213,24,240
1132103,17,358,0,375
1132104,28,472,8,508
1132105,18,355,21,394
1132106,21,475,27,523
1132107,24,670,39,733
1132108,14,435,13,462
1132109,10,374,30,414
1132110,8,289,11,308
1132111,15,577,61,653
1132112,17,393,32,442
1132113,20,408,14,442
1132114,15,429,41,485
1132115,172,222,32,426
1132116,0,321,72,393
1132117,5,185,31,221
1132118,18,315,46,379
1132119,13,630,32,675
1132120,0,17,0,17
1132121,0,0,0,0
1132122,0,0,0,0
1132123,0,3,0,3
1132201,15,427,27,469
1132202,12,299,22,333
1132203,27,416,13,456
1132204,9,282,21,312
1132205,14,331,38,383
1132206,21,272,30,323
1132207,15,189,21,225
1132208,8,302,15,325
1132209,22,503,48,573
1132210,20,324,24,368
1132211,33,452,23,508
1132212,21,244,15,280
1132213,35,362,15,412
1132214,15,199,20,234
1132215,18,519,17,554
1132216,9,650,47,706
1132217,0,0,0,0
1132218,26,462,24,512
1132219,9,1407,120,1536
1132220,43,142,22,207
1132221,13,488,68,569
1132222,12,270,24,306
1132223,5,356,25,386
1132224,57,299,54,410
1132225,9,224,6,239
1132226,15,235,9,259
1132227,37,570,30,637
1132228,21,316,12,349
1132229,8,407,7,422
1132230,9,261,32,302
1132231,16,448,49,513
1132232,47,345,55,447
1132233,16,330,48,394
1132234,22,464,57,543
1132235,18,436,43,497
1132236,33,448,28,509
1132237,22,392,15,429
1132238,17,396,33,446
1132239,21,439,33,493
1132240,25,404,42,471
1132241,33,359,65,457
1132242,12,369,47,428
1132243,18,209,24,251
1132244,21,427,8,456
1132245,11,272,15,298
1132246,4,282,10,296
1132247,16,300,24,340
1132248,0,0,0,0
1132301,18,307,9,334
1132302,18,239,3,260
1132303,31,399,28,458
1132304,9,329,8,346
1132305,14,455,66,535
1132306,84,371,44,499
1132307,11,210,3,224
1132308,102,268,71,441
1132309,17,399,33,449
1132310,15,356,27,398
1132311,15,348,8,371
1132312,15,315,7,337
1132313,12,398,15,425
1132314,9,397,15,421
1132315,20,329,15,364
1132316,9,330,16,355
1132317,35,447,27,509
1132318,15,214,18,247
1132319,25,290,7,322
1132320,25,433,26,484
1132321,0,0,0,0
1132322,18,405,16,439
1132323,18,342,16,376
1132324,0,0,0,0
1132325,21,397,21,439
1132326,11,309,0,320
1132327,19,498,21,538
1132328,7,409,34,450
1132329,9,218,13,240
1132401,0,3,0,3
1132501,0,4,0,4
1132601,5,300,32,337
1132602,15,367,40,422
1132603,20,208,11,239
1132604,32,334,18,384
1132605,24,366,36,426
1132606,14,478,31,523
1132607,20,513,63,596
1132608,24,405,32,461
1132609,24,391,52,467
1132610,12,437,30,479
1132611,35,533,41,609
1132612,32,305,39,376
1132613,23,341,13,377
1132614,17,292,36,345
1132615,76,337,24,437
1132616,21,421,38,480
1132617,12,301,31,344
1132618,60,349,16,425
1132619,35,386,19,440
1132620,41,470,41,552
1132621,18,252,16,286
1132622,33,453,12,498
1132623,12,664,24,700
1132624,10,309,33,352
1132625,18,338,19,375
1132626,19,231,21,271
1132627,22,338,44,404
1132628,18,392,43,453
1132629,18,419,45,482
1132630,17,382,41,440
1132631,4,263,27,294
1132632,21,433,9,463
1132633,14,410,30,454
1132634,8,201,3,212
1132635,8,238,6,252
1132636,26,248,9,283
1132637,17,294,12,323
1132638,13,347,35,395
1132639,9,254,18,281
1132640,26,299,19,344
1132641,21,146,18,185
1132642,14,233,9,256
1132643,31,358,19,408
1132644,22,399,24,445
1132645,28,288,14,330
1132646,7,173,31,211
1132647,27,453,36,516
1132648,19,472,36,527
1132649,108,297,13,418
1132650,156,224,6,386
1132651,25,514,26,565
1132652,28,464,54,546
1132653,17,476,37,530
1132654,18,230,16,264
1132655,7,290,47,344
1132656,19,361,36,416
1132657,11,352,17,380
1132658,0,28,0,28
1132659,23,351,23,397
1132660,10,234,25,269
1132661,28,349,6,383
1132662,7,472,21,500
1132701,15,333,16,364
1132702,0,347,29,376
1132703,11,318,32,361
1132704,14,406,16,436
1132705,9,349,12,370
1132706,35,523,33,591
1132707,5,445,42,492
1132708,8,467,48,523
1132709,9,413,46,468
1132710,12,370,21,403
1132711,12,465,37,514
1132712,8,207,20,235
1132713,18,448,21,487
1132714,10,427,18,455
1132715,0,264,15,279
1132716,12,390,12,414
1132717,6,170,18,194
1132718,18,457,54,529
1132719,10,325,54,389
1132720,9,258,20,287
1132721,7,300,31,338
1132722,9,271,16,296
1132723,18,355,13,386
1132724,3,303,0,306
1132725,72,478,27,577
1132726,15,200,12,227
1132727,14,201,10,225
1132728,24,271,24,319
1132729,3,387,31,421
1132730,0,264,28,292
1132731,0,333,27,360
1132732,0,398,15,413
1132733,13,389,40,442
1132734,11,346,32,389
1132735,9,270,3,282
1132736,15,240,24,279
1132737,12,430,23,465
1132738,12,440,48,500
1132739,3,351,45,399
1132740,9,266,41,316
1132741,6,192,16,214
1132742,15,373,9,397
1132743,6,326,12,344
1132744,6,203,23,232
1132745,6,267,76,349
1132746,12,226,15,253
1132747,6,282,132,420
1132748,6,301,30,337
1132749,8,397,46,451
1132750,6,370,23,399
1132801,23,394,49,466
1132802,16,350,45,411
1132803,12,176,30,218
1132804,3,207,27,237
1132805,3,17,24,44
1132806,16,272,18,306
1132807,21,472,56,549
1132808,11,287,24,322
1132809,12,188,10,210
1132810,13,479,34,526
1132811,18,420,46,484
1132812,12,320,18,350
1132813,0,12,3,15
1132814,22,286,18,326
1132815,0,259,27,286
1132816,0,4,0,4
1132817,36,417,68,521
1132818,4,226,30,260
1132819,12,278,23,313
1132820,3,364,26,393
1132821,11,465,50,526
1132822,21,379,27,427
1132901,3,301,32,336
1132902,11,0,0,11
1132903,14,449,130,593
1132904,0,256,22,278
1132905,9,319,44,372
1132906,9,218,45,272
1132907,6,305,76,387
1132908,17,253,63,333
1132909,6,591,117,714
1132910,3,329,67,399
1132911,0,164,42,206
1132912,0,299,55,354
1132913,6,371,0,377
1132914,6,356,18,380
1132915,0,112,59,171
1132916,0,198,28,226
1132917,25,335,49,409
1132918,3,282,25,310
1132919,6,397,57,460
1132920,7,259,42,308
1132921,6,443,73,522
1132922,12,374,37,423
1132923,0,229,58,287
1132924,3,333,34,370
1132925,6,206,40,252
1132926,10,402,75,487
1132927,6,445,71,522
1132928,3,247,47,297
1133001,3,325,15,343
1133002,12,745,13,770
1133003,33,404,31,468
1133004,11,426,12,449
1133005,0,219,10,229
1133006,4,383,33,420
1133007,9,335,39,383
1133008,20,457,50,527
1133009,0,409,97,506
1133010,12,486,7,505
1133011,12,439,46,497
1133012,14,653,61,728
1133013,3,280,15,298
1133014,0,4,0,4
1133015,6,356,15,377
1133016,4,515,36,555
1133017,3,302,3,308
1133018,4,28,0,32
1133019,0,596,26,622
1133020,0,0,0,0
1133021,0,273,6,279
1133022,6,247,21,274
1133023,0,244,31,275
1133024,6,693,28,727
1133025,18,629,20,667
1133026,11,461,12,484
1133027,3,377,18,398
1133028,6,526,18,550
1133029,3,400,43,446
1133030,13,442,32,487
1133031,3,640,21,664
1133032,3,593,19,615
1133101,0,0,0,0
1133102,8,242,35,285
1133103,3,416,42,461
1133104,7,939,128,1074
1133105,3,309,28,340
1133106,26,262,70,358
1133107,0,236,61,297
1133108,42,277,57,376
1133109,0,292,44,336
1133110,0,228,12,240
1133111,15,410,40,465
1133112,6,273,15,294
1133113,6,353,34,393
1133114,4,347,37,388
1133115,0,338,63,401
1133116,20,376,12,408
1133117,13,462,60,535
1133118,9,438,25,472
1133119,9,381,60,450
1133120,23,393,35,451
1133121,0,366,16,382
1133122,3,248,30,281
1133123,8,374,42,424
1133124,3,527,29,559
1133125,3,295,9,307
1133126,9,497,42,548
1133127,13,369,62,444
1133128,0,0,0,0
1133129,6,203,29,238
1133130,53,426,69,548
1133131,71,412,30,513
1133132,28,348,42,418
1133133,16,407,79,502
1133134,31,328,64,423
1133135,5,342,30,377
1133136,12,357,25,394
1133137,6,251,64,321
1133138,0,294,17,311
1133139,0,373,23,396
1133140,6,339,27,372
1133141,0,338,41,379
1133142,13,363,21,397
1133201,4,352,68,424
1133202,21,973,164,1158
1133203,0,0,0,0
1133204,3,453,29,485
1133205,9,384,51,444
1133206,6,514,32,552
1133207,3,304,18,325
1133208,8,452,22,482
1133209,12,341,35,388
1133210,0,248,21,269
1133211,12,290,41,343
1133212,3,360,17,380
1133213,3,311,14,328
1133214,0,288,175,463
1133215,12,251,30,293
1133216,7,297,34,338
1133217,4,354,24,382
1133218,7,258,30,295
1133219,9,336,12,357
1133220,15,404,37,456
1133221,12,291,25,328
1133222,19,436,45,500
1133223,8,436,76,520
1133224,16,473,64,553
1133225,3,287,15,305
1133226,11,433,40,484
1133227,9,434,73,516
1133228,19,327,31,377
1133229,8,358,12,378
1133230,6,374,57,437
1133231,12,319,4,335
1133232,3,409,51,463
1133233,6,235,27,268
1133234,15,483,32,530
1133235,6,374,38,418
1133236,15,415,58,488
1133237,3,290,40,333
1133238,6,328,16,350
1133239,6,308,39,353
1133240,4,597,46,647
1133241,6,317,27,350
1133242,3,288,42,333
1133243,9,423,12,444
1133244,6,302,38,346
1133245,14,422,29,465
1133246,3,241,13,257
1133247,9,384,16,409
1133248,6,382,35,423
1133249,6,555,44,605
1133250,4,364,44,412
1133251,6,322,36,364
1133252,28,307,53,388
1133301,0,88,11,99
1133302,0,281,22,303
1133303,3,181,45,229
1133304,0,186,68,254
1133305,4,487,141,632
1133306,0,450,116,566
1133307,7,412,122,541
1133308,9,266,56,331
1133309,6,166,63,235
1133310,0,416,97,513
1133311,15,252,89,356
1133312,7,279,15,301
1133313,9,418,82,509
1133314,8,459,35,502
1133315,3,201,20,224
1133316,0,188,32,220
1133317,0,353,44,397
1133318,0,310,19,329
1133319,3,305,53,361
1133320,3,418,124,545
1133321,37,185,94,316
1133322,5,313,52,370
1133323,46,251,57,354
1133324,29,291,58,378
1133325,9,321,63,393
1133326,12,228,63,303
1133327,13,96,33,142
1133328,20,146,56,222
1133329,14,430,15,459
1133330,0,268,10,278
1133331,6,415,35,456
1133332,0,163,19,182
1133333,3,327,92,422
1133334,9,335,52,396
1133335,3,175,31,209
1133336,9,268,109,386
1133337,78,125,17,220
1133338,3,419,37,459
1133339,6,253,18,277
1133340,3,327,70,400
1133341,7,316,62,385
1133342,3,342,55,400
1133343,7,394,36,437
1133344,3,234,41,278
1133345,9,540,40,589
1133346,9,296,101,406
1133347,25,395,204,624
1133348,6,396,95,497
1133349,9,311,15,335
1133401,3,158,13,174
1133402,6,496,90,592
1133403,3,526,96,625
1133404,9,298,37,344
1133405,0,285,59,344
1133406,3,356,89,448
1133407,21,723,104,848
1133408,6,368,88,462
1133409,6,346,45,397
1133410,9,411,50,470
1133411,6,361,29,396
1133412,34,686,46,766
1133413,20,339,40,399
1133414,0,0,0,0
1133415,18,924,86,1028
1133416,7,423,33,463
1133417,10,597,56,663
1133418,6,657,38,701
1133419,3,328,34,365
1133420,0,117,9,126
1133421,16,416,19,451
1133422,3,310,54,367
1133423,9,368,36,413
1133424,3,438,157,598
1133425,15,290,90,395
1133426,0,690,180,870
1133427,6,513,122,641
1133428,3,522,100,625
1133429,15,268,47,330
1133430,17,446,78,541
1133431,3,481,58,542
1133432,5,416,104,525
1133433,3,173,15,191
1133434,7,559,82,648
1133435,10,454,396,860
1133436,0,319,26,345
1133437,7,104,7,118
1133438,7,377,197,581
1133439,6,65,18,89
1133501,18,321,54,393
1133502,15,380,91,486
1133503,6,610,34,650
1133504,0,189,24,213
1133505,9,465,27,501
1133506,8,336,30,374
1133507,7,387,76,470
1133508,0,0,0,0
1133509,0,234,18,252
1133510,9,408,48,465
1133511,3,242,21,266
1133512,0,111,70,181
1133513,6,491,62,559
1133514,0,389,61,450
1133515,10,253,37,300
1133516,3,478,22,503
1133517,9,267,36,312
1133518,0,433,101,534
1133519,9,322,54,385
1133520,0,127,12,139
1133521,20,394,95,509
1133522,0,305,61,366
1133523,6,320,45,371
1133524,0,0,0,0
1133525,8,312,67,387
1133526,6,311,51,368
1133527,132,429,90,651
1133528,7,237,66,310
1133529,0,212,27,239
1133530,21,206,43,270
1133531,125,443,66,634
1133532,7,465,97,569
1133533,6,398,61,465
1133534,9,371,170,550
1133535,3,673,77,753
1133536,10,376,43,429
1133537,9,308,52,369
1133538,52,224,135,411
1133539,10,253,43,306
1133540,14,302,23,339
1133541,22,316,17,355
1133542,25,427,21,473
1133601,0,0,0,0
1133602,9,317,38,364
1133603,18,335,34,387
1133604,19,597,41,657
1133605,0,382,37,419
1133606,57,420,37,514
1133607,7,424,39,470
1133608,0,399,29,428
1133609,121,451,137,709
1133610,9,371,40,420
1133611,6,273,74,353
1133612,7,309,78,394
1133613,140,301,91,532
1133614,0,365,30,395
1133615,15,283,21,319
1133616,12,513,41,566
1133617,11,351,72,434
1133618,6,332,105,443
1133619,17,344,83,444
1133620,0,372,151,523
1133621,0,522,40,562
1133622,40,294,98,432
1133623,0,202,42,244
1133624,7,184,18,209
1133625,3,421,77,501
1133626,6,323,29,358
1133627,0,470,330,800
1133628,9,500,37,546
1133629,4,309,10,323
1133630,3,330,55,388
1133631,3,284,14,301
1133632,4,277,19,300
1133633,6,327,38,371
1133634,3,374,99,476
1133635,0,224,27,251
1133636,22,436,34,492
1133701,0,413,98,511
1133702,3,105,28,136
1133703,15,953,180,1148
1133704,9,126,99,234
1133705,3,329,130,462
1133706,0,423,63,486
1133707,3,483,329,815
1133708,3,275,38,316
1133709,0,687,237,924
1133710,0,455,55,510
1133711,12,679,106,797
1133712,15,1612,331,1958
1133713,0,0,0,0
1133714,6,496,103,605
1133715,21,928,82,1031
1133716,3,590,82,675
1133717,6,336,121,463
1133718,3,449,251,703
1133719,17,546,109,672
1133720,0,3,3,6
1133721,6,1267,159,1432
1133722,9,284,43,336
1133723,6,214,27,247
1133724,11,241,73,325
1133725,7,169,29,205
1133726,26,208,95,329
1133727,10,64,36,110
1133728,0,55,13,68
1133729,3,189,102,294
1133730,0,55,19,74
1133731,0,0,0,0
1133732,0,0,0,0
1133733,3,279,58,340
1133734,8,372,121,501
1133735,0,199,63,262
1133736,0,371,95,466
1133737,0,598,166,764
1133738,16,741,119,876
1133739,0,0,0,0
1133740,0,165,40,205
1133741,0,0,0,0
1133742,12,595,121,728
1133743,3,230,49,282
1133744,6,267,90,363
1133745,0,0,0,0
1133746,0,203,74,277
1133747,9,401,84,494
1133748,3,149,93,245
1133749,0,285,200,485
1133750,0,0,0,0
1133751,3,327,71,401
1133752,22,132,44,198
1133801,40,193,42,275
1133802,111,334,138,583
1133803,3,492,29,524
1133804,36,361,83,480
1133805,36,246,71,353
1133806,28,131,23,182
1133807,6,840,112,958
1133808,3,291,33,327
1133809,3,420,57,480
1133810,0,243,18,261
1133811,12,436,56,504
1133812,6,92,20,118
1133813,3,356,53,412
1133814,9,430,63,502
1133815,0,245,4,249
1133816,6,290,46,342
1133817,4,489,71,564
1133818,6,412,52,470
1133819,0,3,0,3
1133820,21,1031,115,1167
1133821,13,392,27,432
1133822,0,527,122,649
1133823,3,885,100,988
1133824,35,440,20,495
1133825,24,1582,329,1935
1133826,38,558,22,618
1133827,37,495,57,589
1133828,3,572,127,702
1133829,9,587,106,702
1133830,6,807,103,916
1133831,0,283,77,360
1133832,3,224,34,261
1133833,0,269,45,314
1133834,0,232,39,271
1133835,35,386,55,476
1133836,14,204,29,247
1133837,42,369,46,457
1133838,72,291,126,489
1133839,85,394,118,597
1133840,27,199,48,274
1133841,48,382,132,562
1133901,12,474,17,503
1133902,13,329,7,349
1133903,0,242,54,296
1133904,14,453,69,536
1133905,7,428,24,459
1133906,6,356,21,383
1133907,6,307,24,337
1133908,6,361,48,415
1133909,0,0,0,0
1133910,12,393,50,455
1133911,0,471,83,554
1133912,9,378,127,514
1133913,7,292,20,319
1133914,6,276,70,352
1133915,6,286,46,338
1133916,0,0,0,0
1133917,9,294,33,336
1133918,9,213,15,237
1133919,6,341,54,401
1133920,4,204,19,227
1133921,8,352,21,381
1133922,18,370,55,443
1133923,35,525,46,606
1133924,3,289,24,316
1133925,6,209,41,256
1133926,7,263,28,298
1133927,9,382,56,447
1133928,6,232,45,283
1133929,0,248,126,374
1133930,8,275,74,357
1133931,0,184,27,211
1133932,6,277,21,304
1133933,17,464,73,554
1133934,18,488,97,603
1133935,23,470,113,606
1133936,16,390,46,452
1133937,10,347,32,389
1133938,18,343,60,421
1133939,8,366,46,420
1133940,15,498,59,572
1133941,3,231,47,281
1133942,5,307,10,322
1133943,12,389,67,468
1133944,12,391,115,518
1133945,6,293,140,439
1133946,6,182,48,236
1133947,6,291,31,328
1134001,10,247,59,316
1134002,0,254,15,269
1134003,13,441,115,569
1134004,6,390,56,452
1134005,5,477,43,525
1134006,7,346,63,416
1134007,10,414,55,479
1134008,4,488,59,551
1134009,6,325,80,411
1134010,9,379,43,431
1134011,27,497,119,643
1134012,9,470,104,583
1134013,8,495,63,566
1134014,13,472,73,558
1134015,9,379,102,490
1134016,3,245,49,297
1134017,7,379,74,460
1134018,21,518,92,631
1134019,7,194,47,248
1134020,3,235,22,260
1134021,3,350,43,396
1134022,4,297,42,343
1134023,8,266,16,290
1134024,15,338,61,414
1134025,13,448,68,529
1134026,12,420,97,529
1134027,12,394,9,415
1134028,6,289,40,335
1134029,7,488,30,525
1134030,6,529,51,586
1134031,8,531,48,587
1134032,4,335,51,390
1134033,13,535,80,628
1134034,0,0,0,0
1134035,0,101,58,159
1134036,9,301,81,391
1134037,6,209,26,241
1134038,0,353,30,383
1134039,3,428,46,477
1134040,9,295,15,319
1134041,3,189,14,206
1134042,16,553,64,633
1134043,19,473,23,515
1134044,9,245,4,258
1134045,7,200,15,222
1134046,0,0,0,0
1134047,5,374,31,410
1134101,4,243,15,262
1134102,61,196,31,288
1134103,6,525,63,594
1134104,8,289,41,338
1134105,6,184,91,281
1134106,12,268,86,366
1134107,11,364,26,401
1134108,16,420,60,496
1134109,12,346,92,450
1134110,4,371,60,435
1134111,14,282,32,328
1134112,13,419,20,452
1134113,6,236,31,273
1134114,9,338,31,378
1134115,9,382,37,428
1134116,15,424,97,536
1134117,26,459,86,571
1134118,4,210,30,244
1134119,14,255,23,292
1134120,15,378,36,429
1134121,11,400,92,503
1134122,69,206,50,325
1134123,6,325,44,375
1134124,14,345,54,413
1134125,9,175,79,263
1134126,18,497,50,565
1134127,15,500,97,612
1134128,18,567,29,614
1134129,0,397,15,412
1134130,6,289,42,337
1134131,10,448,14,472
1134132,3,265,9,277
1134133,28,470,50,548
1134134,15,357,48,420
1134135,35,493,39,567
1134136,0,3,0,3
1134137,9,270,23,302
1134138,114,425,56,595
1134139,51,270,64,385
1134201,0,0,0,0
1134301,22,302,34,358
1134302,17,502,58,577
1134303,14,392,47,453
1134304,13,414,48,475
1134305,17,261,64,342
1134306,10,325,61,396
1134307,24,550,61,635
1134308,5,629,54,688
1134309,0,295,19,314
1134310,9,100,33,142
1134311,14,307,72,393
1134312,13,461,35,509
1134313,9,471,57,537
1134314,9,375,34,418
1134315,4,334,28,366
1134316,16,323,35,374
1134317,4,405,144,553
1134318,6,277,32,315
1134319,18,355,69,442
1134320,6,319,65,390
1134321,12,294,42,348
1134322,9,359,218,586
1134323,3,217,34,254
1134324,6,388,84,478
1134325,12,335,83,430
1134326,0,266,52,318
1134327,9,440,44,493
1134328,12,371,27,410
1134329,45,246,7,298
1134330,3,266,41,310
1134331,7,360,35,402
1134332,0,506,76,582
1134333,6,420,22,448
1134334,3,178,15,196
1134335,6,420,128,554
1134336,3,318,43,364
1134337,10,281,32,323
1134338,11,459,65,535
1134339,7,303,18,328
1134340,9,415,36,460
1134341,0,229,35,264
1134342,9,298,28,335
1134343,3,295,34,332
1134344,4,194,30,228
1134345,3,316,22,341
1134346,20,460,28,508
1134347,22,524,78,624
1134348,19,344,55,418
1134349,19,416,162,597
1134350,3,368,12,383
1134351,16,321,16,353
1134352,8,312,48,368
1134353,7,415,24,446
1134354,5,277,107,389
1134355,12,458,69,539
1134356,14,562,73,649
1134357,7,305,43,355
1134401,17,610,18,645
1134402,3,364,12,379
1134403,4,432,33,469
1134404,16,385,38,439
1134405,18,382,18,418
1134406,12,452,23,487
1134407,12,445,34,491
1134408,10,414,32,456
1134409,6,368,52,426
1134410,12,278,24,314
1134411,12,341,14,367
1134412,72,561,67,700
1134413,10,322,10,342
1134414,0,372,27,399
1134415,8,329,11,348
1134416,15,377,10,402
1134417,8,298,7,313
1134418,15,490,26,531
1134419,6,322,19,347
1134420,6,274,25,305
1134421,4,349,18,371
1134422,21,458,15,494
1134423,12,340,3,355
1134424,6,579,39,624
1134501,9,439,65,513
1134502,3,476,54,533
1134503,12,325,28,365
1134504,12,370,29,411
1134505,7,450,43,500
1134506,0,263,52,315
1134507,9,405,71,485
1134508,0,412,87,499
1134509,6,395,66,467
1134510,3,318,65,386
1134511,9,232,42,283
1134512,4,489,23,516
1134513,0,238,17,255
1134514,0,0,0,0
1134515,0,0,0,0
1134516,3,400,26,429
1134517,4,265,18,287
1134518,6,340,22,368
1134519,27,331,89,447
1134520,11,468,69,548
1134521,3,319,33,355
1134522,0,5,0,5
1134523,6,324,36,366
1134524,3,364,67,434
1134525,3,228,22,253
1134526,3,420,27,450
1134527,3,328,71,402
1134528,9,391,35,435
1134529,6,453,85,544
1134530,9,463,93,565
1134531,0,363,69,432
1134532,3,144,6,153
1134533,0,336,33,369
1134534,7,290,45,342
1134535,15,564,96,675
1134536,15,335,51,401
1134537,6,385,62,453
1134601,16,266,52,334
1134602,6,277,15,298
1134603,12,347,37,396
1134604,3,307,15,325
1134605,3,254,32,289
1134606,12,512,25,549
1134607,0,0,0,0
1134608,6,337,18,361
1134609,8,530,19,557
1134610,9,257,28,294
1134611,0,0,0,0
1134612,9,441,29,479
1134613,9,376,35,420
1134614,9,214,22,245
1134615,9,284,26,319
1134616,13,323,19,355
1134617,4,430,33,467
1134618,12,538,51,601
1134619,0,0,0,0
1134620,12,643,63,718
1134621,64,295,9,368
1134622,12,317,22,351
1134623,6,297,6,309
1134624,9,392,16,417
1134625,15,405,26,446
1134626,7,404,57,468
1134627,6,352,58,416
1134628,9,507,44,560
1134629,0,168,24,192
1134630,9,412,18,439
1134631,8,257,41,306
1134632,12,345,66,423
1134701,6,407,66,479
1134702,3,380,80,463
1134703,26,253,27,306
1134704,18,491,30,539
1134705,18,607,29,654
1134706,14,500,56,570
1134707,9,332,12,353
1134708,10,464,28,502
1134709,10,277,27,314
1134710,12,394,13,419
1134711,6,265,26,297
1134712,6,301,55,362
1134713,31,359,46,436
1134714,4,478,41,523
1134715,3,289,28,320
1134716,19,369,23,411
1134717,6,210,15,231
1134801,15,573,64,652
1134802,8,399,43,450
1134803,0,530,42,572
1134804,88,451,67,606
1134805,3,234,6,243
1134806,10,369,36,415
1134807,9,388,32,429
1134808,3,194,22,219
1134809,3,236,25,264
1134810,6,315,27,348
1134811,6,414,31,451
1134812,4,288,18,310
1134813,5,410,63,478
1134814,5,542,17,564
1134815,12,291,22,325
1134816,7,489,28,524
1134817,9,424,16,449
1134818,6,284,12,302
1134819,4,380,25,409
1134820,6,325,103,434
1134821,6,410,39,455
1134822,10,235,6,251
1134823,9,449,52,510
1134824,9,462,62,533
1134825,6,288,23,317
1134826,9,373,23,405
1134827,76,310,55,441
1134828,9,282,9,300
1134829,0,295,39,334
1134830,6,460,48,514
1134831,7,311,12,330
1134832,6,443,39,488
1134833,18,352,57,427
1134834,0,287,22,309
1134835,9,417,30,456
1134836,9,354,35,398
1134837,17,287,15,319
1134838,7,442,51,500
1134839,9,418,21,448
1134840,4,330,36,370
1134841,3,412,48,463
1134842,12,590,75,677
1134843,9,500,43,552
1134844,6,347,34,387
1134845,10,501,79,590
1134846,6,376,35,417
1134847,6,375,18,399
1134848,6,274,23,303
1134849,5,338,39,382
1134850,7,262,13,282
1134851,3,320,23,346
1134852,6,263,27,296
1134853,0,200,16,216
1134854,13,282,42,337
1134855,0,86,3,89
1134856,5,220,9,234
1134857,9,231,15,255
1134858,6,197,18,221
1134859,61,315,59,435
1134860,6,222,21,249
1134901,12,180,9,201
1134902,3,333,12,348
1134903,12,429,48,489
1134904,12,464,96,572
1134905,3,234,49,286
1134906,0,184,58,242
1134907,13,647,21,681
1134908,0,170,4,174
1134909,17,518,30,565
1134910,80,321,29,430
1134911,0,0,0,0
1134912,9,446,40,495
1134913,3,298,21,322
1134914,7,446,57,510
1134915,15,379,6,400
1134916,14,377,24,415
1134917,13,363,24,400
1134918,18,337,34,389
1134919,18,414,36,468
1134920,6,394,35,435
1134921,7,302,12,321
1134922,11,338,15,364
1134923,12,362,19,393
1134924,24,541,30,595
1134925,9,493,49,551
1134926,15,318,62,395
1134927,0,529,38,567
1134928,3,428,50,481
1134929,13,386,91,490
1134930,18,309,34,361
1134931,15,406,30,451
1134932,25,451,6,482
1134933,29,399,23,451
1134934,9,340,0,349
1134935,6,439,55,500
1134936,25,825,117,967
1134937,3,417,26,446
1134938,9,493,45,547
1134939,16,305,32,353
1134940,0,1744,67,1811
1134941,18,247,15,280
1134942,8,520,50,578
1134943,61,376,35,472
1134944,23,420,20,463
1134945,12,254,6,272
1134946,19,258,24,301
1134947,25,420,50,495
1134948,11,536,37,584
1134949,6,244,20,270
1134950,13,329,6,348
1134951,3,549,49,601
1134952,12,419,21,452
1134953,6,265,0,271
1134954,9,500,21,530
1134955,6,676,88,770
1134956,9,336,41,386
1134957,15,336,32,383
1134958,9,320,47,376
1134959,12,304,27,343
1135001,32,338,23,393
1135002,18,402,25,445
1135003,54,472,17,543
1135004,18,311,7,336
1135005,29,595,8,632
1135006,22,433,15,470
1135007,3,79,6,88
1135008,15,360,16,391
1135009,12,379,43,434
1135010,68,270,27,365
1135011,6,354,31,391
1135012,18,379,32,429
1135013,57,360,69,486
1135014,14,232,9,255
1135015,14,359,19,392
1135016,58,993,202,1253
1135017,33,365,25,423
1135018,11,456,14,481
1135019,14,271,33,318
1135020,56,465,46,567
1135021,36,488,12,536
1135022,16,355,9,380
1135023,10,455,13,478
1135024,0,12,0,12
1135025,0,0,0,0
1135026,0,0,0,0
1135027,9,250,12,271
1135028,19,77,1303,1399
1135029,17,415,88,520
1135030,25,351,5,381
1135031,47,252,53,352
1135032,22,353,36,411
1135033,20,338,9,367
1135034,15,255,0,270
1135035,34,431,63,528
1135036,27,295,24,346
1135037,29,431,10,470
1135038,30,459,24,513
1135039,16,505,19,540
1135040,24,440,15,479
1135041,12,386,4,402
1135042,5,326,32,363
1135043,17,302,11,330
1135044,30,445,7,482
1135045,35,565,70,670
1135046,22,621,44,687
1135047,6,270,3,279
1135048,26,522,6,554
1135101,32,217,50,299
1135102,15,214,47,276
1135103,6,372,15,393
1135104,27,302,40,369
1135105,10,341,62,413
1135106,3,404,60,467
1135107,15,409,21,445
1135108,10,318,20,348
1135109,0,0,0,0
1135110,43,322,39,404
1135111,12,336,35,383
1135112,15,379,19,413
1135113,27,361,46,434
1135114,12,246,15,273
1135115,17,541,45,603
1135116,12,539,27,578
1135117,20,521,5,546
1135118,23,346,29,398
1135119,18,363,13,394
1135120,21,395,30,446
1135121,6,333,8,347
1135122,92,170,10,272
1135123,20,338,15,373
1135124,19,474,22,515
1135125,9,244,5,258
1135126,12,448,58,518
1135127,27,608,41,676
1135128,20,338,0,358
1135129,18,371,31,420
1135130,39,376,36,451
1135131,18,436,33,487
1135132,19,396,26,441
1135133,24,418,43,485
1135134,18,366,18,402
1135135,20,424,9,453
1135136,14,376,22,412
1135137,16,428,18,462
1135138,16,462,24,502
1135139,15,381,13,409
1135140,18,401,19,438
1135141,10,256,24,290
1135142,18,359,13,390
1135143,31,334,47,412
1135144,12,438,21,471
1135145,16,317,48,381
1135146,18,680,43,741
1135147,18,272,65,355
1135148,87,445,29,561
1135149,24,505,12,541
1135150,33,288,18,339
1135151,55,330,47,432
1135152,47,544,100,691
1135153,49,278,44,371
1135154,18,271,41,330
1135155,21,342,52,415
1135156,6,888,235,1129
1135157,6,282,39,327
1135158,13,600,83,696
1135159,9,409,9,427
1135160,17,480,77,574
1135161,7,465,61,533
1135162,3,392,52,447
1135163,6,378,21,405
1135164,17,507,83,607
1135165,16,406,79,501
1135166,18,300,10,328
1135167,7,312,28,347
1135201,0,42,3,45
1135202,9,324,15,348
1135203,6,401,18,425
1135204,5,293,22,320
1135205,12,604,89,705
1135206,208,286,18,512
1135207,3,284,6,293
1135208,21,157,13,191
1135209,9,303,88,400
1135210,15,383,51,449
1135211,13,349,21,383
1135212,10,225,32,267
1135213,12,445,48,505
1135214,0,232,20,252
1135215,59,366,24,449
1135216,12,156,15,183
1135217,103,451,38,592
1135218,5,375,15,395
1135219,0,356,35,391
1135220,7,399,40,446
1135221,0,334,39,373
1135222,15,577,37,629
1135223,0,402,34,436
1135224,12,248,18,278
1135225,6,443,32,481
1135226,0,374,37,411
1135227,12,445,45,502
1135228,9,240,30,279
1135229,6,368,48,422
1135230,6,581,64,651
1135231,9,354,30,393
1135232,58,283,28,369
1135233,0,231,12,243
1135234,4,524,31,559
1135235,11,298,19,328
1135236,12,390,19,421
1135237,4,296,16,316
1135238,15,434,19,468
1135239,9,342,21,372
1135240,6,345,20,371
1135241,3,312,41,356
1135242,8,488,39,535
1135243,0,206,26,232
1135244,12,337,28,377
1135245,17,443,34,494
1135246,6,339,27,372
1135247,15,476,39,530
1135248,10,306,3,319
1135249,9,485,23,517
1135250,9,388,18,415
1135251,7,226,16,249
1135252,0,300,37,337
1135253,12,333,27,372
1135254,3,282,6,291
1135255,15,380,26,421
1135256,10,514,23,547
1135257,13,339,16,368
1135258,0,262,8,270
1135259,22,582,44,648
1135260,11,347,30,388
1135261,18,636,25,679
1135262,8,411,30,449
1135263,15,478,42,535
1135264,7,483,37,527
1135265,10,412,52,474
1135266,24,346,29,399
1135267,12,440,24,476
1135268,9,261,30,300
1135301,9,231,51,291
1135302,0,0,0,0
1135303,36,468,25,529
1135304,50,619,32,701
1135305,28,368,40,436
1135306,0,0,0,0
1135307,18,265,41,324
1135308,0,12,0,12
1135309,6,197,45,248
1135310,47,1168,218,1433
1135311,20,555,74,649
1135312,25,329,24,378
1135313,22,320,18,360
1135314,18,252,26,296
1135315,27,323,17,367
1135316,29,387,33,449
1135317,26,541,58,625
1135318,46,393,81,520
1135319,21,424,106,551
1135320,36,574,89,699
1135321,20,459,33,512
1135322,14,349,24,387
1135323,27,362,6,395
1135324,21,443,14,478
1135325,23,340,12,375
1135326,33,487,67,587
1135327,38,317,6,361
1135328,37,500,41,578
1135329,28,305,30,363
1135330,15,388,14,417
1135331,30,444,22,496
1135332,14,470,104,588
1135333,17,384,36,437
1135334,13,283,109,405
1135335,9,312,50,371
1135336,30,652,77,759
1135337,18,316,15,349
1135338,31,381,79,491
1135339,36,678,123,837
1135340,13,227,27,267
1135341,0,0,0,0
1135342,30,443,59,532
1135343,23,214,22,259
1135344,0,0,6,6
1135345,0,3,0,3
1135346,0,0,0,0
1135347,18,251,31,300
1135348,23,327,27,377
1135349,22,367,19,408
1135350,42,577,78,697
1135351,24,577,98,699
1135352,24,461,29,514
1135353,18,441,55,514
1135354,31,551,56,638
1135355,27,474,24,525
1135356,32,638,106,776
1135357,46,662,112,820
1135358,48,213,34,295
1135359,0,9,0,9
1135360,0,3,0,3
1135361,17,215,21,253
1135362,39,263,101,403
1135363,30,342,58,430
1135364,31,456,45,532
1135365,58,452,25,535
1135366,27,418,6,451
1135367,54,313,25,392
1135368,22,339,28,389
1135369,0,16,16,32
1135370,25,497,35,557
1135371,37,631,55,723
1135372,47,356,23,426
1135401,14,401,11,426
1135402,18,365,19,402
1135403,14,491,19,524
1135404,24,290,12,326
1135405,9,300,6,315
1135406,16,422,13,451
1135407,10,220,15,245
1135408,28,287,12,327
1135409,30,339,37,406
1135410,34,424,29,487
1135411,9,263,24,296
1135412,161,346,28,535
1135413,26,503,31,560
1135414,29,377,54,460
1135415,35,559,71,665
1135416,0,0,0,0
1135417,15,319,18,352
1135418,11,425,47,483
1135419,65,495,16,576
1135420,12,365,16,393
1135421,56,484,18,558
1135422,45,492,36,573
1135423,3,6,12,21
1135424,15,337,6,358
1135425,21,239,36,296
1135426,156,205,6,367
1135427,30,540,52,622
1135428,9,331,15,355
1135429,12,231,12,255
1135430,10,171,0,181
1135431,14,306,18,338
1135432,17,248,13,278
1135433,4,287,3,294
1135434,15,314,6,335
1135435,20,492,28,540
1135436,20,323,12,355
1135437,0,0,0,0
1135438,21,223,6,250
1135439,28,432,24,484
1135440,12,307,3,322
1135441,24,346,24,394
1135442,14,304,27,345
1135443,15,351,22,388
1135444,25,401,18,444
1135445,55,406,39,500
1135446,37,297,27,361
1135447,35,271,21,327
1135448,24,297,15,336
1135449,11,165,9,185
1135450,14,414,36,464
1135451,102,286,55,443
1135452,39,305,20,364
1135453,40,231,7,278
1135454,34,210,8,252
1135501,0,0,0,0
1135502,0,0,0,0
1135601,0,0,0,0
1135602,0,0,0,0
1135603,18,299,14,331
1135604,0,13,3,16
1135605,0,5,0,5
1135606,24,472,27,523
1135607,23,272,0,295
1135608,19,418,39,476
1135609,49,437,26,512
1135610,36,513,37,586
1135611,40,492,31,563
1135612,35,391,85,511
1135613,33,524,55,612
1135614,29,389,52,470
1135615,22,444,31,497
1135616,9,274,30,313
1135617,8,285,31,324
1135618,39,445,22,506
1135619,27,497,32,556
1135620,0,0,0,0
1135621,27,348,24,399
1135622,0,0,0,0
1135623,19,429,16,464
1135624,26,413,26,465
1135625,25,304,47,376
1135626,21,305,38,364
1135627,27,310,28,365
1135628,21,353,30,404
1135629,10,218,20,248
1135701,34,424,23,481
1135702,31,309,22,362
1135703,30,314,35,379
1135704,30,326,16,372
1135705,6,291,23,320
1135706,45,600,41,686
1135707,33,312,3,348
1135708,34,502,67,603
1135709,19,359,25,403
1135710,17,342,12,371
1135711,46,546,39,631
1135712,33,569,27,629
1135713,29,420,36,485
1135714,24,261,8,293
1135715,22,344,16,382
1135716,25,563,13,601
1135717,18,270,9,297
1135718,24,388,44,456
1135719,21,212,27,260
1135720,24,303,21,348
1135721,33,452,32,517
1135722,22,355,24,401
1135723,18,416,17,451
1135724,25,293,23,341
1135725,36,407,25,468
1135726,40,460,22,522
1135727,36,395,10,441
1135728,69,549,12,630
1135729,30,414,33,477
1135730,34,332,18,384
1135731,23,413,23,459
1135732,28,437,24,489
1135733,48,516,33,597
1135734,29,423,32,484
1135735,23,470,32,525
1135736,34,475,33,542
1135737,23,322,9,354
1135738,56,440,26,522
1135739,18,477,53,548
1135740,27,331,10,368
1135741,23,409,30,462
1135742,25,327,38,390
1135743,12,331,18,361
1135744,19,354,6,379
1135745,34,344,12,390
1135746,24,316,21,361
1135747,23,294,29,346
1135748,24,319,24,367
1135749,0,0,0,0
1135750,156,364,35,555
1135751,18,187,8,213
1135752,16,367,4,387
1135753,25,395,40,460
1135754,23,214,24,261
1135755,12,225,10,247
1135756,17,233,19,269
1135757,10,228,27,265
1135758,141,205,29,375
1135801,24,366,17,407
1135802,15,222,6,243
1135803,24,398,18,440
1135804,30,594,27,651
1135805,26,299,9,334
1135806,3,6,0,9
1135807,9,227,9,245
1135808,24,503,6,533
1135809,18,451,23,492
1135810,27,526,13,566
1135811,15,335,22,372
1135812,14,303,7,324
1135813,15,269,6,290
1135814,36,429,12,477
1135815,22,350,9,381
1135816,31,462,19,512
1135817,3,3,0,6
1135818,13,366,10,389
1135819,24,332,24,380
1135820,26,442,33,501
1135821,14,451,17,482
1135822,11,242,16,269
1135823,25,510,47,582
1135824,10,250,15,275
1135825,0,87,9,96
1135826,28,244,13,285
1135827,8,452,37,497
1135828,13,418,6,437
1135829,149,307,8,464
1135830,21,369,0,390
1135831,14,395,15,424
1135832,11,245,21,277
1135833,19,278,6,303
1135834,93,392,28,513
1135835,0,0,0,0
1135836,9,352,43,404
1135837,4,217,23,244
1135838,30,382,37,449
1135839,21,425,33,479
1135840,4,302,24,330
1135841,7,327,9,343
1135842,24,480,31,535
1135901,17,407,17,441
1135902,18,260,3,281
1135903,21,328,27,376
1135904,0,304,19,323
1135905,16,443,6,465
1135906,6,354,9,369
1135907,38,399,30,467
1135908,21,429,12,462
1135909,12,310,16,338
1135910,0,0,0,0
1135911,18,485,6,509
1135912,12,363,15,390
1135913,9,302,3,314
1135914,12,375,10,397
1135915,22,520,14,556
1135916,27,357,18,402
1135917,10,348,10,368
1135918,14,335,27,376
1135919,26,377,33,436
1135920,19,214,23,256
1135921,17,301,10,328
1135922,0,0,0,0
1135923,11,547,27,585
1135924,12,505,27,544
1135925,14,449,3,466
1135926,23,533,19,575
1135927,18,343,12,373
1135928,17,335,8,360
1135929,9,361,6,376
1135930,12,457,6,475
1135931,11,395,15,421
1135932,21,461,10,492
1135933,13,444,13,470
1135934,27,540,40,607
1135935,30,475,14,519
1135936,13,315,6,334
1135937,12,420,30,462
1135938,11,311,9,331
1135939,11,352,0,363
1135940,6,314,0,320
1135941,0,7,0,7
1135942,14,467,6,487
1135943,9,379,9,397
1135944,9,359,3,371
1135945,19,489,5,513
1135946,15,356,18,389
1135947,22,499,21,542
1135948,15,307,22,344
1135949,48,499,21,568
1135950,16,386,17,419
1135951,12,277,9,298
1135952,0,0,0,0
1135953,9,318,20,347
1135954,37,550,10,597
1135955,28,364,15,407
1135956,38,424,20,482
1135957,21,425,25,471
1135958,8,304,39,351
1135959,22,425,22,469
1135960,22,452,39,513
1135961,12,286,13,311
1136001,53,431,19,503
1136002,24,462,15,501
1136003,13,470,6,489
1136004,21,344,30,395
1136005,29,341,21,391
1136006,19,275,15,309
1136007,20,372,21,413
1136008,24,349,9,382
1136009,22,410,8,440
1136010,102,282,31,415
1136011,14,271,16,301
1136012,15,299,47,361
1136013,25,241,58,324
1136014,30,521,19,570
1136015,9,276,12,297
1136016,25,540,18,583
1136017,23,449,13,485
1136018,40,536,42,618
1136019,18,596,39,653
1136020,26,192,14,232
1136021,19,315,0,334
1136022,32,301,40,373
1136023,22,288,30,340
1136024,37,413,41,491
1136025,18,218,24,260
1136026,5,448,6,459
1136027,24,555,44,623
1136028,24,224,24,272
1136029,41,569,27,637
1136030,20,357,45,422
1136031,4,251,9,264
1136032,25,402,39,466
1136033,22,440,15,477
1136034,49,259,8,316
1136035,75,378,29,482
1136101,11,319,28,358
1136102,0,0,0,0
1136103,21,254,24,299
1136104,32,549,24,605
1136105,37,265,25,327
1136106,36,335,15,386
1136107,63,354,41,458
1136108,46,447,73,566
1136109,19,334,42,395
1136110,23,245,38,306
1136111,6,178,13,197
1136112,21,445,34,500
1136113,23,400,27,450
1136114,47,427,29,503
1136115,34,409,57,500
1136116,18,272,31,321
1136117,22,547,59,628
1136118,18,323,47,388
1136119,13,322,16,351
1136120,25,341,27,393
1136121,21,383,12,416
1136122,27,487,35,549
1136123,139,357,68,564
1136124,21,484,20,525
1136125,21,282,25,328
1136126,30,445,17,492
1136127,36,459,24,519
1136128,38,282,43,363
1136129,13,334,18,365
1136130,16,323,8,347
1136131,16,300,9,325
1136132,24,446,18,488
1136133,21,372,10,403
1136134,30,527,46,603
1136135,21,321,19,361
1136136,22,315,13,350
1136137,12,381,35,428
1136138,18,363,15,396
1136139,19,273,18,310
1136140,34,433,25,492
1136141,17,320,25,362
1136142,25,579,44,648
1136143,12,277,12,301
1136144,19,232,33,284
1136145,20,347,31,398
1136146,24,351,39,414
1136201,4,170,14,188
1136202,8,245,9,262
1136203,24,315,48,387
1136204,15,343,31,389
1136205,22,377,6,405
1136206,20,319,63,402
1136207,17,490,37,544
1136208,18,328,6,352
1136209,36,402,15,453
1136210,21,353,9,383
1136211,20,440,31,491
1136212,43,469,36,548
1136213,48,400,39,487
1136214,17,282,24,323
1136215,18,351,82,451
1136216,21,382,21,424
1136217,31,379,25,435
1136218,30,339,5,374
1136219,23,509,30,562
1136220,27,383,9,419
1136221,29,454,14,497
1136222,24,353,18,395
1136223,26,456,99,581
1136224,24,377,41,442
1136225,16,463,30,509
1136226,25,413,22,460
1136227,33,548,21,602
1136228,21,540,22,583
1136229,13,436,42,491
1136230,25,497,24,546
1136231,31,357,19,407
1136232,39,529,21,589
1136233,17,394,16,427
1136234,22,341,18,381
1136235,46,617,38,701
1136236,12,254,9,275
1136237,19,167,29,215
1136238,29,428,24,481
1136239,35,443,75,553
1136240,9,248,69,326
1136241,18,167,15,200
1136242,16,225,27,268
1136243,57,316,37,410
1136301,14,237,12,263
1136302,29,491,4,524
1136303,32,491,19,542
1136304,34,426,16,476
1136305,27,341,53,421
1136306,68,255,31,354
1136307,16,375,29,420
1136308,12,475,48,535
1136309,31,444,43,518
1136310,17,388,45,450
1136311,19,357,39,415
1136312,9,273,20,302
1136313,14,355,12,381
1136314,15,244,12,271
1136315,24,407,17,448
1136316,39,413,21,473
1136317,27,288,26,341
1136318,32,477,20,529
1136319,12,461,43,516
1136320,8,537,25,570
1136321,7,354,21,382
1136322,18,423,37,478
1136323,10,316,41,367
1136324,11,481,19,511
1136325,6,365,22,393
1136326,18,312,34,364
1136327,12,550,23,585
1136328,25,420,33,478
1136329,15,483,62,560
1136330,14,449,18,481
1136331,9,295,34,338
1136332,17,281,63,361
1136333,20,323,27,370
1136334,0,310,29,339
1136335,20,472,29,521
1136336,28,587,40,655
1136337,17,335,24,376
1136338,24,347,9,380
1136339,9,212,21,242
1136340,6,356,24,386
1136341,21,380,27,428
1136342,25,415,39,479
1136343,6,304,27,337
1136344,29,540,33,602
1136345,33,501,21,555
1136346,33,472,30,535
1136347,25,400,22,447
1136348,0,6,0,6
1136349,21,279,9,309
1136350,28,434,18,480
1136351,21,407,74,502
1136352,19,206,7,232
1136353,16,262,50,328
1136354,15,271,8,294
1136355,13,265,52,330
1136356,11,221,7,239
1136357,6,265,12,283
1136358,19,415,138,572
1136359,12,247,28,287
1136360,10,249,25,284
1136361,12,207,7,226
1136362,18,243,22,283
1136363,16,347,36,399
1136364,21,281,15,317
1136365,48,286,22,356
1136366,12,182,9,203
1136367,6,198,21,225
1136401,9,247,12,268
1136402,22,519,32,573
1136403,74,438,18,530
1136404,6,236,15,257
1136405,28,372,16,416
1136406,19,487,41,547
1136407,24,435,14,473
1136408,11,206,3,220
1136409,9,236,9,254
1136410,13,258,14,285
1136411,27,276,9,312
1136412,25,362,36,423
1136413,23,376,22,421
1136414,22,426,25,473
1136415,25,449,15,489
1136416,18,491,29,538
1136417,28,400,9,437
1136418,28,236,24,288
1136419,44,181,15,240
1136420,13,366,3,382
1136421,19,277,3,299
1136422,26,379,28,433
1136423,21,307,23,351
1136424,16,254,9,279
1136425,14,211,3,228
1136426,13,273,9,295
1136427,15,290,10,315
1136428,27,522,36,585
1136429,0,0,0,0
1136430,40,454,18,512
1136431,17,501,5,523
1136432,20,273,12,305
1136433,33,495,43,571
1136434,16,255,15,286
1136435,25,418,23,466
1136436,42,572,22,636
1136437,24,371,6,401
1136438,30,571,47,648
1136439,19,333,0,352
1136440,23,507,29,559
1136441,25,334,34,393
1136442,21,356,18,395
1136443,18,301,6,325
1136444,20,404,12,436
1136445,15,314,9,338
1136446,21,531,16,568
1136447,39,481,27,547
1136448,7,203,7,217
1136449,27,461,26,514
1136450,14,479,17,510
1136451,10,196,18,224
1136452,11,406,27,444
1136453,18,175,22,215
1136454,9,213,7,229
1136455,18,236,4,258
1136456,20,382,11,413
1136457,21,291,7,319
1136458,12,291,12,315
1136501,35,563,82,680
1136502,33,514,43,590
1136503,15,324,35,374
1136504,40,446,42,528
1136505,18,416,40,474
1136506,18,349,55,422
1136507,16,343,27,386
1136508,24,366,78,468
1136509,27,331,13,371
1136510,7,308,55,370
1136511,22,645,39,706
1136512,27,424,18,469
1136513,23,487,76,586
1136514,25,331,62,418
1136515,25,462,78,565
1136516,12,218,66,296
1136517,15,206,46,267
1136518,32,524,143,699
1136519,28,538,50,616
1136520,44,380,30,454
1136521,28,319,12,359
1136522,24,466,28,518
1136523,18,460,31,509
1136524,17,408,45,470
1136525,14,467,46,527
1136526,14,344,21,379
1136527,15,368,38,421
1136528,25,484,62,571
1136529,24,432,65,521
1136530,20,488,58,566
1136531,24,325,84,433
1136532,23,622,82,727
1136533,18,433,23,474
1136534,30,363,28,421
1136535,24,426,19,469
1136536,27,545,47,619
1136537,16,452,55,523
1136538,18,405,35,458
1136539,13,285,58,356
1136540,22,438,26,486
1136541,16,362,31,409
1136542,34,507,56,597
1136543,16,328,73,417
1136544,168,387,56,611
1136545,20,340,54,414
1136546,16,274,30,320
1136547,22,371,42,435
1136548,30,533,21,584
1136549,28,671,24,723
1136550,17,405,26,448
1136551,27,342,50,419
1136552,14,247,29,290
1136601,12,330,19,361
1136602,16,521,65,602
1136603,39,443,62,544
1136604,25,432,46,503
1136605,18,311,21,350
1136606,34,406,32,472
1136607,18,382,6,406
1136608,15,284,13,312
1136609,57,452,41,550
1136610,19,347,92,458
1136611,42,329,49,420
1136612,15,389,43,447
1136613,17,284,61,362
1136614,8,265,60,333
1136615,30,403,35,468
1136616,26,313,47,386
1136617,20,304,24,348
1136618,32,412,60,504
1136619,15,178,89,282
1136620,16,317,57,390
1136621,64,521,19,604
1136622,22,254,27,303
1136623,35,373,37,445
1136624,44,414,53,511
1136625,16,290,15,321
1136626,29,424,55,508
1136627,27,377,12,416
1136628,9,302,13,324
1136629,29,456,26,511
1136630,23,292,24,339
1136631,30,348,29,407
1136632,43,361,58,462
1136633,18,232,21,271
1136634,30,371,18,419
1136635,28,340,20,388
1136636,50,455,46,551
1136637,35,371,33,439
1136638,39,440,33,512
1136639,33,320,6,359
1136640,19,329,14,362
1136641,0,4,0,4
1136642,28,452,23,503
1136643,27,332,30,389
1136644,0,15,0,15
1136645,15,373,33,421
1136646,9,300,24,333
1136647,11,270,18,299
1136648,21,236,19,276
1136701,18,364,17,399
1136702,28,479,43,550
1136703,13,295,13,321
1136704,10,432,9,451
1136705,0,162,10,172
1136706,27,262,27,316
1136707,34,444,33,511
1136708,20,331,12,363
1136709,23,320,22,365
1136710,25,214,45,284
1136711,19,376,33,428
1136712,21,377,112,510
1136713,23,577,42,642
1136714,19,328,24,371
1136715,22,324,63,409
1136716,9,374,74,457
1136717,27,428,18,473
1136718,32,499,18,549
1136719,23,366,19,408
1136720,33,569,24,626
1136721,14,488,39,541
1136722,19,485,18,522
1136723,30,477,66,573
1136724,31,578,56,665
1136725,24,486,18,528
1136726,20,447,37,504
1136727,32,534,33,599
1136728,23,458,33,514
1136801,7,226,16,249
1136802,12,327,24,363
1136803,133,303,12,448
1136804,4,465,12,481
1136805,9,251,9,269
1136806,21,538,16,575
1136807,21,397,11,429
1136808,11,522,19,552
1136809,34,441,32,507
1136810,46,423,15,484
1136811,19,344,18,381
1136812,29,494,43,566
1136813,24,398,15,437
1136814,24,387,6,417
1136815,33,502,21,556
1136816,7,318,17,342
1136817,10,822,44,876
1136818,14,363,17,394
1136819,18,457,34,509
1136820,14,509,36,559
1136821,19,352,14,385
1136822,62,313,16,391
1136823,9,256,12,277
1136824,21,421,33,475
1136825,15,473,17,505
1136826,14,576,26,616
1136827,20,312,6,338
1136828,20,397,18,435
1136829,21,589,37,647
1136830,21,405,30,456
1136831,9,464,33,506
1136832,22,643,58,723
1136833,19,391,30,440
1136834,9,425,3,437
1136835,55,432,30,517
1136836,13,288,21,322
1136837,18,320,0,338
1136838,9,359,14,382
1136839,12,405,12,429
1136840,16,431,28,475
1136841,21,487,37,545
1136842,18,381,13,412
1136843,27,659,29,715
1136901,7,255,6,268
1136902,15,394,30,439
1136903,8,434,31,473
1136904,0,0,0,0
1136905,12,302,9,323
1136906,22,420,45,487
1136907,12,529,25,566
1136908,12,452,33,497
1136909,19,478,12,509
1136910,15,543,22,580
1136911,25,447,25,497
1136912,12,374,21,407
1136913,6,368,18,392
1136914,10,589,13,612
1136915,15,306,27,348
1136916,10,399,7,416
1136917,10,398,15,423
1136918,12,482,15,509
1136919,15,360,19,394
1136920,9,229,14,252
1136921,130,394,25,549
1136922,21,491,12,524
1136923,27,460,15,502
1136924,12,335,24,371
1136925,14,425,9,448
1136926,21,457,25,503
1136927,22,673,29,724
1136928,11,685,47,743
1136929,17,608,50,675
1136930,9,442,62,513
1136931,12,351,17,380
1136932,12,340,21,373
1136933,21,730,23,774
1136934,14,277,12,303
1136935,20,479,15,514
1136936,36,429,4,469
1136937,40,532,39,611
1136938,21,377,12,410
1136939,22,396,17,435
1136940,72,249,4,325
1136941,5,317,9,331
1136942,10,501,6,517
1136943,12,278,8,298
1136944,8,354,0,362
1136945,15,549,22,586
1136946,11,465,15,491
1136947,0,0,0,0
1136948,12,425,3,440
1136949,4,217,0,221
1136950,17,482,9,508
1137001,14,177,12,203
1137002,18,380,19,417
1137003,5,288,15,308
1137004,25,331,30,386
1137005,9,303,44,356
1137006,27,368,60,455
1137007,7,394,52,453
1137008,3,301,57,361
1137009,29,337,18,384
1137010,17,440,17,474
1137011,27,527,49,603
1137012,19,278,42,339
1137013,18,198,0,216
1137014,19,415,73,507
1137015,39,323,23,385
1137016,41,237,84,362
1137017,14,400,18,432
1137018,29,522,24,575
1137019,39,672,43,754
1137020,15,366,48,429
1137021,101,257,13,371
1137022,9,331,12,352
1137023,21,342,15,378
1137024,29,469,33,531
1137025,31,455,9,495
1137026,33,591,24,648
1137027,9,303,3,315
1137028,21,396,9,426
1137029,24,359,6,389
1137030,15,386,55,456
1137101,6,251,6,263
1137102,10,286,15,311
1137103,9,229,6,244
1137104,12,372,15,399
1137105,12,343,21,376
1137106,79,193,13,285
1137107,17,520,21,558
1137108,14,566,16,596
1137109,17,478,21,516
1137110,6,509,18,533
1137111,20,409,0,429
1137112,16,381,15,412
1137113,5,393,12,410
1137114,12,380,15,407
1137115,13,418,24,455
1137116,18,290,13,321
1137117,10,212,3,225
1137118,18,420,13,451
1137119,18,365,12,395
1137120,12,485,9,506
1137121,9,368,33,410
1137122,9,325,15,349
1137123,24,195,10,229
1137124,9,179,6,194
1137125,16,354,13,383
1137126,12,469,14,495
1137127,12,380,16,408
1137128,13,387,18,418
1137129,8,333,9,350
1137130,20,346,3,369
1137131,9,236,15,260
1137201,31,537,7,575
1137202,16,464,35,515
1137203,15,410,12,437
1137204,0,28,9,37
1137205,0,286,12,298
1137206,23,506,14,543
1137207,10,385,0,395
1137208,12,413,9,434
1137209,0,6,0,6
1137210,138,317,31,486
1137211,10,333,22,365
1137212,10,365,18,393
1137213,24,486,27,537
1137214,6,419,15,440
1137215,18,305,16,339
1137216,35,520,45,600
1137217,29,154,21,204
1137218,16,577,37,630
1137219,21,558,19,598
1137220,19,324,0,343
1137221,21,480,9,510
1137222,16,277,14,307
1137223,12,442,9,463
1137224,22,261,11,294
1137225,0,293,0,293
1137226,3,270,3,276
1137227,79,229,14,322
1137228,6,274,25,305
1137229,11,334,8,353
1137230,28,538,3,569
1137231,9,462,12,483
1137232,37,487,27,551
1137233,9,266,6,281
1137234,12,346,15,373
1137235,102,266,19,387
1137236,9,311,13,333
1137237,13,405,15,433
1137238,24,525,15,564
1137239,24,292,6,322
1137240,12,316,9,337
1137241,21,292,9,322
1137242,10,267,3,280
1137243,9,255,6,270
1137244,0,311,0,311
1137245,3,299,12,314
1137301,18,261,44,323
1137302,34,516,51,601
1137303,4,498,36,538
1137304,42,578,38,658
1137305,15,261,6,282
1137306,15,305,25,345
1137307,0,0,0,0
1137308,28,206,26,260
1137309,68,312,57,437
1137310,31,125,50,206
1137311,0,0,0,0
1137312,73,234,49,356
1137313,46,306,81,433
1137314,38,232,43,313
1137315,0,0,0,0
1137316,23,568,37,628
1137317,5,363,41,409
1137318,20,528,22,570
1137319,24,428,45,497
1137320,36,200,27,263
1137321,19,304,18,341
1137322,25,384,38,447
1137323,18,451,40,509
1137324,44,358,70,472
1137325,15,487,52,554
1137401,8,396,17,421
1137402,19,551,25,595
1137403,9,340,15,364
1137404,9,248,21,278
1137405,21,236,7,264
1137406,21,699,40,760
1137407,19,315,10,344
1137408,21,435,28,484
1137409,18,315,9,342
1137410,10,344,9,363
1137411,15,252,3,270
1137412,4,243,19,266
1137413,31,442,0,473
1137414,53,370,24,447
1137415,21,241,6,268
1137416,93,440,22,555
1137417,21,499,27,547
1137418,58,406,18,482
1137419,14,338,6,358
1137420,9,354,30,393
1137421,15,505,21,541
1137422,18,405,30,453
1137423,0,326,28,354
1137424,12,232,37,281
1137425,9,382,30,421
1137426,3,281,27,311
1137427,9,508,19,536
1137428,4,323,13,340
1137429,9,599,42,650
1137430,15,455,13,483
1137431,3,244,15,262
1137432,12,231,15,258
1137433,10,421,20,451
1137434,11,362,15,388
1137435,7,253,4,264
1137436,11,383,15,409
1137437,16,517,17,550
1137438,12,346,15,373
1137439,19,433,12,464
1137440,0,210,5,215
1137441,12,371,20,403
1137442,14,519,12,545
1137443,6,358,21,385
1137444,9,239,9,257
1137445,14,381,28,423
1137446,17,436,15,468
1137447,18,386,18,422
1137448,9,314,15,338
1137449,25,370,9,404
1137450,12,227,9,248
1137451,3,160,21,184
1137452,11,457,7,475
1137453,0,0,0,0
1137454,76,220,9,305
1137455,7,290,9,306
1137456,9,286,15,310
1137457,13,393,9,415
1137458,24,429,12,465
1137501,21,379,13,413
1137502,32,503,3,538
1137503,22,427,45,494
1137504,21,252,6,279
1137505,43,556,44,643
1137506,3,238,35,276
1137507,24,319,44,387
1137508,0,0,0,0
1137509,3,594,73,670
1137510,65,457,55,577
1137511,22,463,24,509
1137512,19,456,15,490
1137513,40,461,17,518
1137514,19,506,36,561
1137515,0,156,24,180
1137516,9,616,52,677
1137517,6,36,0,42
1137518,26,505,31,562
1137519,12,954,61,1027
1137520,25,374,29,428
1137521,0,0,0,0
1137522,15,411,30,456
1137523,16,329,3,348
1137524,21,329,15,365
1137525,19,274,32,325
1137526,29,304,24,357
1137527,93,195,32,320
1137528,23,348,34,405
1137529,16,275,18,309
1137530,15,217,0,232
1137531,23,431,35,489
1137532,18,436,27,481
1137533,27,373,30,430
1137534,25,445,41,511
1137535,16,298,64,378
1137601,13,321,9,343
1137602,30,485,15,530
1137603,20,382,18,420
1137604,7,312,30,349
1137605,19,390,14,423
1137606,14,459,44,517
1137607,9,274,6,289
1137608,13,650,49,712
1137609,3,183,9,195
1137610,16,385,24,425
1137611,10,224,9,243
1137612,75,179,6,260
1137613,7,321,7,335
1137614,128,489,12,629
1137615,27,440,24,491
1137616,14,503,59,576
1137617,12,460,38,510
1137618,7,318,41,366
1137619,6,383,69,458
1137620,83,295,23,401
1137621,15,246,9,270
1137622,6,260,14,280
1137623,16,280,7,303
1137624,15,461,19,495
1137625,17,463,18,498
1137626,20,506,13,539
1137627,23,586,26,635
1137628,21,445,12,478
1137629,8,293,24,325
1137630,17,528,19,564
1137631,10,357,15,382
1137632,24,490,12,526
1137633,102,382,18,502
1137634,25,365,19,409
1137635,11,409,28,448
1137636,26,511,39,576
1137637,6,290,9,305
1137638,58,461,46,565
1137639,22,422,26,470
1137640,29,463,33,525
1137641,15,551,36,602
1137642,57,450,23,530
1137643,27,381,32,440
1137644,23,452,14,489
1137645,19,375,13,407
1137646,18,201,4,223
1137647,15,458,30,503
1137648,24,397,18,439
1137649,11,378,10,399
1137650,3,325,34,362
1137651,24,425,31,480
1137652,12,327,27,366
1137653,18,403,27,448
1137654,16,421,53,490
1137655,19,341,16,376
1137656,22,490,9,521
1137657,93,339,22,454
1137701,22,291,10,323
1137702,15,244,4,263
1137703,18,200,0,218
1137704,28,325,31,384
1137705,20,324,9,353
1137706,9,223,39,271
1137707,19,418,15,452
1137708,8,347,25,380
1137709,6,237,12,255
1137710,14,292,9,315
1137711,10,195,13,218
1137712,12,253,20,285
1137713,17,265,15,297
1137714,22,384,4,410
1137715,31,344,10,385
1137716,18,270,10,298
1137717,33,256,0,289
1137718,19,349,12,380
1137719,40,339,27,406
1137720,8,215,6,229
1137721,19,392,49,460
1137722,27,472,48,547
1137723,37,275,42,354
1137724,29,355,21,405
1137725,7,333,29,369
1137726,8,253,0,261
1137727,15,537,24,576
1137728,18,374,9,401
1137729,20,553,10,583
1137730,22,373,4,399
1137731,13,198,3,214
1137732,16,263,12,291
1137733,12,346,12,370
1137734,12,332,9,353
1137801,4,247,28,279
1137802,26,456,36,518
1137803,8,409,32,449
1137804,9,265,41,315
1137805,12,421,32,465
1137806,7,477,59,543
1137807,3,353,18,374
1137808,24,374,18,416
1137809,0,0,0,0
1137810,13,309,27,349
1137811,71,341,27,439
1137812,0,0,0,0
1137813,18,441,18,477
1137814,14,198,0,212
1137815,0,3,0,3
1137816,19,372,3,394
1137817,12,405,34,451
1137818,9,242,26,277
1137819,13,434,54,501
1137820,12,191,9,212
1137821,13,320,15,348
1137822,16,485,30,531
1137823,15,220,22,257
1137824,5,236,3,244
1137825,6,428,34,468
1137826,7,639,33,679
1137827,34,316,50,400
1137901,24,281,18,323
1137902,16,489,32,537
1137903,24,543,28,595
1137904,13,653,40,706
1137905,17,298,17,332
1137906,23,476,31,530
1137907,27,534,53,614
1137908,15,323,10,348
1137909,3,268,25,296
1137910,6,288,24,318
1137911,20,252,13,285
1137912,15,682,21,718
1137913,12,384,30,426
1137914,12,219,57,288
1137915,38,397,54,489
1137916,3,191,6,200
1137917,20,372,15,407
1137918,30,493,28,551
1137919,21,529,32,582
1137920,4,394,33,431
1137921,15,454,27,496
1137922,15,284,9,308
1137923,24,450,24,498
1137924,16,268,9,293
1137925,23,375,17,415
1137926,0,0,3,3
1137927,27,214,15,256
1137928,13,228,0,241
1137929,16,305,6,327
1137930,24,406,13,443
1137931,12,264,5,281
1137932,12,312,18,342
1137933,21,469,12,502
1137934,9,372,35,416
1137935,9,433,14,456
1137936,30,256,6,292
1137937,13,276,6,295
1138001,24,376,43,443
1138002,71,381,32,484
1138003,24,234,8,266
1138004,8,248,37,293
1138005,22,295,20,337
1138006,16,308,30,354
1138007,23,312,10,345
1138008,15,406,12,433
1138009,38,420,18,476
1138010,31,500,27,558
1138011,15,497,50,562
1138012,15,156,0,171
1138013,12,274,20,306
1138014,24,417,44,485
1138015,16,198,8,222
1138016,15,229,32,276
1138017,15,424,74,513
1138018,23,493,25,541
1138019,30,382,24,436
1138020,24,464,37,525
1138021,26,246,41,313
1138022,30,349,37,416
1138023,9,497,86,592
1138024,9,378,56,443
1138025,22,254,16,292
1138026,22,512,54,588
1138027,24,473,40,537
1138028,25,422,34,481
1138029,14,291,9,314
1138030,17,422,15,454
1138031,24,363,20,407
1138032,16,230,7,253
1138101,8,273,54,335
1138102,173,127,19,319
1138103,63,257,26,346
1138104,36,444,34,514
1138105,10,572,90,672
1138106,18,228,18,264
1138107,8,231,11,250
1138108,16,201,15,232
1138109,25,370,50,445
1138110,15,231,3,249
1138111,22,485,21,528
1138112,15,265,74,354
1138113,22,313,24,359
1138114,5,363,12,380
1138115,0,0,0,0
1138116,22,298,14,334
1138117,34,419,33,486
1138118,33,506,31,570
1138119,4,653,197,854
1138120,15,156,24,195
1138121,27,330,69,426
1138122,9,256,34,299
1138123,31,703,93,827
1138124,6,454,42,502
1138125,6,258,23,287
1138126,7,373,50,430
1138127,4,260,25,289
1138128,3,9,0,12
1138129,6,323,27,356
1138130,12,794,65,871
1138131,20,417,47,484
1138132,16,300,49,365
1138133,15,559,36,610
1138134,101,476,25,602
1138135,24,271,0,295
1138136,12,344,24,380
1138137,38,446,23,507
1138138,15,353,39,407
1138139,0,10,7,17
1138140,4,338,25,367
1138141,3,266,11,280
1138142,3,257,19,279
1138143,12,208,9,229
1138144,70,318,14,402
1138145,6,373,69,448
1138146,0,204,48,252
1138147,23,359,33,415
1138201,6,203,6,215
1138202,16,331,21,368
1138203,10,366,24,400
1138204,18,197,15,230
1138205,11,372,21,404
1138206,22,419,12,453
1138207,17,544,36,597
1138208,13,447,39,499
1138209,18,337,21,376
1138210,10,354,12,376
1138211,15,335,25,375
1138212,23,311,33,367
1138213,28,153,20,201
1138214,27,428,31,486
1138215,16,288,4,308
1138216,9,195,9,213
1138217,36,411,11,458
1138218,22,229,15,266
1138219,19,356,12,387
1138220,17,389,12,418
1138221,9,286,4,299
1138222,22,493,44,559
1138223,16,313,35,364
1138224,20,472,20,512
1138225,20,361,20,401
1138226,18,261,21,300
1138227,23,305,33,361
1138228,18,370,9,397
1138229,39,590,31,660
1138230,10,441,7,458
1138231,19,251,4,274
1138232,14,259,30,303
1138233,15,330,5,350
1138234,24,359,24,407
1138235,12,371,26,409
1138236,14,434,21,469
1138237,15,276,4,295
1138238,7,314,12,333
1138239,12,224,6,242
1138301,88,449,51,588
1138302,27,403,9,439
1138303,0,0,0,0
1138304,9,274,9,292
1138305,0,0,0,0
1138306,33,449,9,491
1138307,19,514,12,545
1138308,17,335,16,368
1138309,26,331,25,382
1138310,8,349,28,385
1138311,13,327,23,363
1138312,23,424,6,453
1138313,7,321,13,341
1138314,37,447,31,515
1138315,23,441,15,479
1138316,7,281,9,297
1138317,3,266,6,275
1138318,6,194,6,206
1138319,3,453,41,497
1138320,5,666,53,724
1138321,7,344,28,379
1138322,16,417,21,454
1138323,73,362,9,444
1138324,18,388,15,421
1138325,25,474,10,509
1138326,15,475,13,503
1138327,9,315,6,330
1138328,3,398,42,443
1138329,10,516,33,559
1138330,22,470,20,512
1138331,39,425,47,511
1138332,0,0,0,0
1138333,9,335,21,365
1138334,21,466,32,519
1138335,17,486,30,533
1138336,0,0,0,0
1138337,15,470,24,509
1138338,10,452,21,483
1138339,0,328,9,337
1138340,4,563,22,589
1138341,15,372,22,409
1138342,3,196,14,213
1138343,3,202,20,225
1138344,17,693,42,752
1138345,9,337,27,373
1138346,0,0,0,0
1138347,20,445,26,491
1138348,19,455,32,506
1138349,6,501,55,562
1138401,13,277,18,308
1138402,15,365,47,427
1138403,7,300,13,320
1138404,3,176,12,191
1138405,0,0,0,0
1138406,8,302,15,325
1138407,31,515,21,567
1138408,15,482,10,507
1138409,15,270,14,299
1138410,12,380,20,412
1138411,16,330,5,351
1138412,0,30,0,30
1138413,0,0,0,0
1138414,0,0,0,0
1138415,3,250,26,279
1138416,18,2617,270,2905
1138417,6,305,31,342
1138418,10,418,20,448
1138419,13,477,18,508
1138420,16,342,20,378
1138421,6,310,27,343
1138422,3,257,32,292
1138423,5,430,17,452
1138424,9,807,76,892
1138425,3,1020,176,1199
1138426,0,0,0,0
1138427,16,688,351,1055
1138428,12,335,3,350
1138429,17,363,11,391
1138430,12,315,21,348
1138431,9,378,30,417
1138432,0,44,31,75
1138433,15,403,31,449
1138434,29,514,51,594
1138435,13,454,22,489
1138436,27,396,13,436
1138437,70,242,36,348
1138438,11,349,25,385
1138439,4,690,146,840
1138440,16,33,5,54
1138501,3,346,75,424
1138502,9,293,22,324
1138503,12,391,56,459
1138504,11,404,58,473
1138505,6,384,39,429
1138506,9,340,29,378
1138507,17,450,76,543
1138508,9,374,22,405
1138509,10,335,24,369
1138510,113,212,19,344
1138511,18,308,21,347
1138512,17,396,12,425
1138513,63,321,24,408
1138514,18,349,21,388
1138515,15,216,24,255
1138516,24,336,7,367
1138517,18,330,6,354
1138518,18,338,11,367
1138519,11,482,13,506
1138520,21,384,32,437
1138521,12,384,57,453
1138522,13,326,20,359
1138523,16,406,64,486
1138524,52,305,13,370
1138525,3,332,9,344
1138526,17,385,14,416
1138527,13,456,18,487
1138528,14,454,41,509
1138529,10,320,41,371
1138530,10,247,15,272
1138531,22,419,14,455
1138532,19,363,15,397
1138533,11,310,12,333
1138534,10,359,29,398
1138535,8,384,13,405
1138536,9,329,36,374
1138537,6,411,61,478
1138538,15,430,9,454
1138539,4,246,16,266
1138540,31,448,16,495
1138541,18,312,12,342
1138542,12,412,45,469
1138543,9,516,12,537
1138601,39,278,15,332
1138602,13,307,4,324
1138603,21,496,46,563
1138604,25,443,15,483
1138605,12,309,3,324
1138606,11,358,9,378
1138607,15,436,43,494
1138608,3,248,17,268
1138609,9,475,38,522
1138610,18,250,3,271
1138611,11,430,23,464
1138612,0,0,0,0
1138613,21,438,36,495
1138614,16,253,11,280
1138615,15,414,12,441
1138616,16,511,17,544
1138617,27,367,15,409
1138618,15,337,22,374
1138619,3,3,0,6
1138620,17,386,0,403
1138621,7,231,5,243
1138622,28,314,25,367
1138623,14,424,24,462
1138624,28,360,33,421
1138625,6,238,10,254
1138626,10,340,27,377
1138627,6,237,9,252
1138628,12,437,24,473
1138629,16,445,31,492
1138630,26,221,3,250
1138631,0,0,0,0
1138632,28,374,21,423
1138633,17,373,36,426
1138634,17,523,17,557
1138635,20,372,23,415
1138636,26,501,9,536
1138637,29,414,15,458
1138638,34,445,12,491
1138639,16,326,30,372
1138640,0,795,66,861
1138641,9,214,9,232
1138642,12,281,6,299
1138643,18,273,19,310
1138644,28,402,6,436
1138645,3,384,19,406
1138646,35,390,68,493
1138647,8,209,6,223
1138648,15,335,6,356
1138649,25,381,21,427
1138650,26,360,12,398
1138701,9,387,36,432
1138702,9,194,10,213
1138703,6,176,16,198
1138704,21,380,37,438
1138705,0,341,15,356
1138706,8,440,43,491
1138707,6,247,8,261
1138708,4,529,37,570
1138709,20,473,51,544
1138710,6,439,37,482
1138711,3,260,6,269
1138712,3,362,45,410
1138713,6,254,24,284
1138714,62,465,27,554
1138715,3,288,16,307
1138716,39,372,54,465
1138717,3,325,42,370
1138718,9,368,18,395
1138719,3,259,29,291
1138720,6,398,41,445
1138721,6,447,37,490
1138722,3,278,12,293
1138723,9,337,32,378
1138724,0,0,0,0
1138725,6,250,44,300
1138726,9,411,28,448
1138727,6,286,12,304
1138728,7,341,16,364
1138729,6,371,16,393
1138730,0,0,0,0
1138731,3,519,21,543
1138732,13,361,15,389
1138733,0,251,7,258
1138734,6,348,13,367
1138735,3,189,18,210
1138736,5,567,38,610
1138737,0,415,33,448
1138738,0,0,0,0
1138739,6,286,18,310
1138740,6,250,30,286
1138741,20,199,6,225
1138742,9,322,17,348
1138801,19,394,13,426
1138802,12,386,21,419
1138803,9,265,28,302
1138804,0,324,17,341
1138805,24,375,12,411
1138806,15,377,8,400
1138807,13,369,16,398
1138808,7,417,12,436
1138809,20,368,19,407
1138810,9,515,56,580
1138811,12,318,25,355
1138812,74,403,20,497
1138813,3,313,21,337
1138814,0,244,18,262
1138815,3,404,26,433
1138816,12,290,6,308
1138817,56,536,20,612
1138818,7,333,25,365
1138819,15,471,30,516
1138820,7,359,33,399
1138821,17,371,20,408
1138822,9,678,62,749
1138823,118,374,27,519
1138824,22,493,59,574
1138825,11,356,9,376
1138826,9,337,41,387
1138827,4,501,46,551
1138828,15,418,21,454
1138829,10,595,24,629
1138830,9,518,55,582
1138831,9,368,37,414
1138832,6,369,13,388
1138833,22,399,37,458
1138834,9,423,19,451
1138835,21,405,17,443
1138836,6,342,18,366
1138837,53,480,27,560
1138838,33,588,36,657
1138839,6,276,7,289
1138840,7,312,33,352
1138841,3,316,15,334
1138842,17,625,45,687
1138843,25,433,34,492
1138844,12,245,12,269
1138845,12,427,21,460
1138846,15,438,12,465
1138847,8,308,7,323
1138848,7,437,15,459
1138849,10,449,15,474
1138850,9,214,12,235
1138851,6,351,13,370
1138852,0,538,15,553
1138853,12,417,21,450
1138854,11,555,36,602
1138855,10,379,57,446
1138901,3,11,0,14
1138902,21,423,15,459
1138903,18,514,51,583
1138904,4,517,33,554
1138905,0,0,0,0
1138906,13,481,18,512
1138907,10,483,47,540
1138908,4,421,18,443
1138909,0,3,0,3
1138910,3,55,18,76
1138911,14,542,11,567
1138912,17,516,42,575
1138913,135,458,17,610
1138914,56,435,68,559
1138915,13,481,47,541
1138916,10,566,39,615
1138917,18,541,29,588
1138918,4,465,24,493
1138919,44,544,30,618
1138920,0,313,31,344
1138921,10,473,14,497
1138922,5,391,49,445
1138923,3,390,51,444
1138924,0,446,44,490
1138925,6,330,25,361
1138926,3,356,21,380
1138927,0,372,20,392
1138928,3,418,27,448
1138929,3,357,18,378
1138930,12,455,21,488
1139001,7,467,24,498
1139002,9,442,14,465
1139003,70,264,18,352
1139004,21,375,13,409
1139005,5,551,33,589
1139006,9,187,30,226
1139007,12,454,118,584
1139008,19,449,63,531
1139009,47,380,35,462
1139010,7,363,21,391
1139011,12,435,31,478
1139012,10,451,23,484
1139013,20,494,25,539
1139014,6,362,28,396
1139015,138,275,15,428
1139016,14,487,16,517
1139017,21,370,12,403
1139018,18,370,25,413
1139019,21,314,20,355
1139020,14,429,26,469
1139021,7,306,27,340
1139022,9,264,40,313
1139023,6,256,6,268
1139024,10,285,22,317
1139025,74,444,94,612
1139026,13,377,33,423
1139027,14,345,70,429
1139028,21,363,42,426
1139029,43,511,27,581
1139030,17,273,11,301
1139031,80,534,18,632
1139032,20,390,23,433
1139033,144,412,33,589
1139034,125,331,20,476
1139035,74,368,14,456
1139036,15,575,40,630
1139037,18,482,18,518
1139038,9,333,39,381
1139039,15,368,14,397
1139040,3,311,23,337
1139041,12,260,54,326
1139042,14,544,122,680
1139043,12,363,25,400
1139044,12,335,49,396
1139045,15,437,20,472
1139046,7,294,9,310
1139047,5,361,40,406
1139048,3,298,30,331
1139049,15,299,23,337
1139050,3,219,37,259
1139051,26,360,26,412
1139052,15,310,15,340
1139053,3,213,8,224
1139101,22,261,16,299
1139102,24,374,20,418
1139103,12,288,22,322
1139104,21,266,3,290
1139105,18,422,19,459
1139106,9,506,19,534
1139107,15,497,45,557
1139108,9,369,24,402
1139109,3,200,19,222
1139110,29,415,15,459
1139111,29,366,12,407
1139112,27,283,15,325
1139113,24,525,27,576
1139114,49,488,22,559
1139115,27,414,40,481
1139116,13,453,18,484
1139117,117,167,27,311
1139118,24,347,27,398
1139119,3,286,28,317
1139120,29,391,21,441
1139121,20,487,27,534
1139122,22,277,14,313
1139123,30,565,34,629
1139124,23,352,39,414
1139125,18,314,24,356
1139126,22,443,64,529
1139127,12,509,32,553
1139128,15,439,6,460
1139129,20,530,56,606
1139130,3,218,38,259
1139131,21,895,96,1012
1139132,32,352,47,431
1139133,10,208,15,233
1139134,18,443,20,481
1139135,9,385,34,428
1139136,17,232,29,278
1139137,23,284,4,311
1139138,16,321,17,354
1139139,26,488,18,532
1139140,58,281,21,360
1139141,26,442,12,480
1139142,12,393,26,431
1139143,11,388,23,422
1139144,31,439,32,502
1139145,18,402,6,426
1139146,15,438,25,478
1139147,22,405,19,446
1139148,3,157,32,192
1139149,18,276,37,331
1139201,17,362,22,401
1139202,33,324,44,401
1139203,4,214,8,226
1139204,12,366,5,383
1139205,15,448,8,471
1139206,22,296,14,332
1139207,20,517,10,547
1139208,9,257,5,271
1139209,0,9,0,9
1139210,0,256,36,292
1139211,13,396,18,427
1139212,12,389,27,428
1139213,19,393,17,429
1139214,18,251,6,275
1139215,15,441,25,481
1139216,30,436,35,501
1139217,21,269,19,309
1139218,12,259,18,289
1139219,21,411,15,447
1139220,18,400,10,428
1139221,18,399,25,442
1139222,19,414,10,443
1139223,12,269,13,294
1139224,10,256,12,278
1139225,19,251,24,294
1139226,21,237,3,261
1139301,16,443,9,468
1139302,16,369,14,399
1139303,30,449,18,497
1139304,21,389,22,432
1139305,6,322,21,349
1139306,158,129,14,301
1139307,21,241,14,276
1139308,16,250,18,284
1139309,9,360,49,418
1139310,18,202,24,244
1139311,15,343,18,376
1139312,17,374,30,421
1139313,12,484,20,516
1139314,25,487,21,533
1139315,9,324,22,355
1139316,22,401,9,432
1139317,18,461,39,518
1139318,17,290,11,318
1139319,18,502,22,542
1139320,27,452,23,502
1139321,21,598,44,663
1139322,15,306,37,358
1139323,17,295,6,318
1139324,18,266,9,293
1139325,18,258,21,297
1139326,26,476,20,522
1139327,10,339,9,358
1139328,25,329,15,369
1139329,16,328,37,381
1139330,16,458,11,485
1139331,7,417,25,449
1139332,21,485,37,543
1139333,65,265,4,334
1139334,19,444,14,477
1139335,24,361,26,411
1139336,12,424,38,474
1139337,28,275,15,318
1139338,19,517,23,559
1139339,10,223,13,246
1139340,7,356,7,370
1139401,13,646,64,723
1139402,9,201,26,236
1139403,14,365,30,409
1139404,36,417,21,474
1139405,9,339,14,362
1139406,18,533,44,595
1139407,21,457,48,526
1139408,19,293,25,337
1139409,27,276,33,336
1139410,12,358,37,407
1139411,12,378,65,455
1139412,3,301,10,314
1139413,9,231,6,246
1139414,16,345,18,379
1139415,7,316,5,328
1139416,15,374,7,396
1139417,30,440,18,488
1139418,14,481,16,511
1139419,6,344,18,368
1139420,21,416,29,466
1139421,15,268,27,310
1139422,6,266,34,306
1139423,9,423,23,455
1139424,89,387,45,521
1139425,19,368,24,411
1139426,12,231,23,266
1139427,12,292,14,318
1139428,27,474,46,547
1139429,30,335,32,397
1139430,27,507,50,584
1139431,4,371,50,425
1139432,27,438,94,559
1139433,12,256,15,283
1139434,24,449,62,535
1139435,13,307,34,354
1139436,8,344,49,401
1139437,15,277,32,324
1139438,5,179,46,230
1139439,10,258,36,304
1139501,3,371,15,389
1139502,7,363,39,409
1139503,29,434,11,474
1139504,16,230,36,282
1139505,10,240,0,250
1139506,57,480,30,567
1139507,26,368,18,412
1139508,62,324,54,440
1139509,14,457,31,502
1139510,0,249,25,274
1139511,4,274,35,313
1139512,104,313,24,441
1139513,0,366,15,381
1139514,10,389,37,436
1139515,42,329,19,390
1139516,13,389,35,437
1139517,4,316,31,351
1139518,15,412,18,445
1139519,47,369,50,466
1139520,71,330,18,419
1139521,21,409,12,442
1139522,9,384,21,414
1139523,7,412,36,455
1139524,15,359,21,395
1139525,100,312,11,423
1139526,21,293,9,323
1139527,27,324,6,357
1139528,20,370,57,447
1139529,14,419,9,442
1139530,18,433,24,475
1139531,43,393,40,476
1139532,20,455,15,490
1139601,15,669,31,715
1139602,14,538,54,606
1139603,3,292,53,348
1139604,9,658,153,820
1139605,12,164,3,179
1139606,18,392,9,419
1139607,10,344,28,382
1139608,15,457,125,597
1139609,6,231,62,299
1139610,13,430,98,541
1139611,12,299,18,329
1139612,3,453,80,536
1139613,21,344,39,404
1139614,14,334,35,383
1139615,12,519,27,558
1139616,15,483,42,540
1139617,11,499,17,527
1139618,6,466,64,536
1139619,7,280,14,301
1139620,16,379,12,407
1139621,4,3,0,7
1139622,3,12,0,15
1139623,0,4,0,4
1139624,21,559,24,604
1139625,7,744,39,790
1139626,11,767,35,813
1139627,0,0,0,0
1139628,4,225,26,255
1139629,18,464,132,614
1139701,100,270,71,441
1139702,10,333,28,371
1139703,0,0,0,0
1139704,0,0,0,0
1139705,6,509,80,595
1139706,30,508,29,567
1139707,24,471,39,534
1139708,10,534,23,567
1139709,11,339,10,360
1139710,21,303,30,354
1139711,22,362,31,415
1139712,3,350,13,366
1139713,12,458,77,547
1139714,3,397,68,468
1139715,12,504,78,594
1139716,15,429,30,474
1139717,10,275,11,296
1139718,6,349,15,370
1139719,18,351,39,408
1139720,62,412,16,490
1139721,6,262,10,278
1139722,21,365,12,398
1139723,18,503,27,548
1139724,9,374,5,388
1139725,75,419,24,518
1139726,7,534,52,593
1139727,18,566,108,692
1139728,4,139,32,175
1139729,11,561,38,610
1139730,12,715,101,828
1139731,0,266,46,312
1139732,0,100,11,111
1139733,6,675,57,738
1139734,23,551,17,591
1139735,24,484,18,526
1139736,21,365,49,435
1139737,23,366,0,389
1139738,21,332,15,368
1139739,17,393,3,413
1139740,25,436,11,472
1139741,16,310,49,375
1139742,104,319,58,481
1139743,21,466,43,530
1139744,20,353,29,402
1139745,9,455,33,497
1139746,15,331,21,367
1139747,12,264,9,285
1139748,14,329,44,387
1139749,7,266,6,279
1139750,4,359,16,379
1139751,23,477,46,546
1139752,22,472,27,521
1139753,0,23,12,35
1139754,15,413,6,434
1139755,7,340,15,362
1139756,12,363,15,390
1139757,16,421,26,463
1139758,20,463,6,489
1139759,24,442,7,473
1139760,15,286,0,301
1139761,42,356,15,413
1139801,0,0,0,0
1139802,10,302,32,344
1139803,98,314,27,439
1139804,53,369,38,460
1139805,9,466,71,546
1139806,14,485,31,530
1139807,13,412,35,460
1139808,79,404,63,546
1139809,14,436,29,479
1139810,9,201,36,246
1139811,10,457,29,496
1139812,7,461,17,485
1139813,0,386,6,392
1139814,7,434,24,465
1139815,3,484,27,514
1139816,4,484,22,510
1139817,3,270,9,282
1139818,30,197,24,251
1139819,7,268,20,295
1139820,7,274,49,330
1139821,19,218,25,262
1139822,18,513,15,546
1139823,17,315,8,340
1139824,6,369,14,389
1139825,15,356,9,380
1139826,38,267,3,308
1139827,7,429,15,451
1139828,6,297,7,310
1139829,15,254,12,281
1139830,10,758,101,869
1139831,4,437,54,495
1139832,6,485,6,497
1139833,16,482,34,532
1139834,6,237,0,243
1139835,9,383,24,416
1139836,21,498,32,551
1139837,3,255,0,258
1139838,11,318,0,329
1139839,12,221,9,242
1139840,12,386,17,415
1139841,3,255,10,268
1139842,3,211,19,233
1139843,7,413,36,456
1139844,19,699,57,775
1139845,12,424,21,457
1139846,18,488,15,521
1139847,41,338,21,400
1139848,4,275,15,294
1139849,18,1021,66,1105
1139850,0,242,15,257
1139851,5,457,35,497
1139852,7,352,23,382
1139853,4,356,12,372
1139854,0,180,8,188
1139855,21,481,19,521
1139856,3,185,9,197
1139857,15,251,26,292
1139858,3,477,75,555
1139859,7,319,41,367
1139901,9,249,16,274
1139902,12,432,17,461
1139903,8,502,40,550
1139904,10,342,34,386
1139905,76,436,40,552
1139906,15,373,17,405
1139907,18,613,38,669
1139908,53,356,0,409
1139909,13,453,3,469
1139910,3,450,21,474
1139911,9,474,13,496
1139912,6,398,24,428
1139913,14,280,25,319
1139914,6,282,6,294
1139915,8,325,6,339
1139916,8,340,9,357
1139917,9,443,28,480
1139918,78,462,18,558
1139919,9,531,13,553
1139920,17,412,19,448
1139921,16,388,3,407
1139922,4,477,21,502
1139923,11,495,20,526
1139924,10,277,6,293
1139925,6,396,49,451
1139926,0,316,50,366
1139927,9,446,35,490
1139928,3,359,15,377
1139929,6,452,18,476
1139930,6,391,9,406
1139931,9,488,6,503
1139932,29,548,34,611
1139933,4,308,6,318
1139934,8,513,55,576
1139935,12,190,6,208
1139936,7,478,18,503
1139937,0,414,15,429
1139938,30,398,14,442
1139939,6,243,6,255
1139940,6,269,7,282
1139941,11,430,14,455
1139942,6,313,6,325
1140001,6,233,9,248
1140002,4,247,6,257
1140003,0,3,0,3
1140004,15,242,21,278
1140005,15,484,25,524
1140006,9,367,12,388
1140007,12,361,12,385
1140008,12,334,3,349
1140009,6,424,11,441
1140010,3,252,9,264
1140011,18,445,15,478
1140012,6,474,12,492
1140013,0,142,6,148
1140014,6,286,9,301
1140015,0,511,9,520
1140016,21,486,12,519
1140017,0,332,9,341
1140018,10,362,9,381
1140019,9,301,18,328
1140020,6,536,15,557
1140021,70,273,4,347
1140022,16,360,6,382
1140023,12,519,9,540
1140024,7,549,30,586
1140025,4,500,22,526
1140026,12,356,21,389
1140027,18,496,24,538
1140028,6,306,3,315
1140029,6,506,13,525
1140030,9,390,12,411
1140031,0,300,8,308
1140032,8,336,7,351
1140033,10,345,29,384
1140034,9,433,28,470
1140035,8,493,9,510
1140036,51,279,10,340
1140037,0,480,14,494
1140038,10,385,9,404
1140039,72,762,92,926
1140040,15,392,32,439
1140041,12,520,41,573
1140042,7,208,7,222
1140043,7,475,9,491
1140044,14,404,15,433
1140045,41,328,6,375
1140046,9,571,35,615
1140047,6,424,3,433
1140048,6,629,47,682
1140049,18,486,22,526
1140050,6,509,20,535
1140051,3,456,21,480
1140052,7,312,12,331
1140053,9,525,24,558
1140054,10,480,33,523
1140055,17,555,19,591
1140056,9,370,18,397
1140101,9,604,9,622
1140102,20,564,24,608
1140103,21,577,17,615
1140104,6,263,11,280
1140105,3,6,0,9
1140106,0,0,0,0
1140107,0,0,0,0
1140108,0,23,11,34
1140109,6,405,15,426
1140110,3,346,38,387
1140111,10,597,21,628
1140112,3,234,12,249
1140113,15,726,29,770
1140114,4,367,16,387
1140115,9,411,27,447
1140116,4,322,11,337
1140117,3,390,63,456
1140118,0,534,3,537
1140119,3,602,33,638
1140120,0,248,24,272
1140121,11,1046,167,1224
1140122,3,288,37,328
1140201,19,418,24,461
1140202,30,417,13,460
1140203,15,589,15,619
1140204,16,407,5,428
1140205,3,479,27,509
1140206,12,650,48,710
1140207,8,629,30,667
1140208,81,422,20,523
1140209,10,284,12,306
1140210,3,403,16,422
1140211,10,647,20,677
1140212,6,306,12,324
1140213,3,390,16,409
1140214,3,426,22,451
1140215,8,363,20,391
1140216,12,449,21,482
1140217,3,267,11,281
1140218,9,444,10,463
1140219,13,244,21,278
1140220,12,309,3,324
1140221,7,249,0,256
1140222,13,440,6,459
1140223,22,445,9,476
1140224,6,318,33,357
1140225,7,412,32,451
1140226,3,281,6,290
1140227,4,303,19,326
1140228,12,476,32,520
1140229,10,441,4,455
1140230,8,335,4,347
1140231,3,365,21,389
1140232,0,0,0,0
1140233,24,493,41,558
1140234,8,318,18,344
1140235,8,272,21,301
1140236,6,330,22,358
1140237,8,342,3,353
1140238,12,451,12,475
1140239,9,421,12,442
1140240,14,458,14,486
1140241,9,585,19,613
1140242,24,500,15,539
1140243,23,471,21,515
1140244,18,353,20,391
1140245,9,454,22,485
1140246,10,516,21,547
1140247,11,438,12,461
1140248,23,324,0,347
1140249,14,428,4,446
1140250,53,476,24,553
1140251,10,376,18,404
1140252,20,489,20,529
1140253,0,351,47,398
1140254,6,198,3,207
1140255,11,247,15,273
1140256,9,373,30,412
1140257,7,368,14,389
1140301,3,376,3,382
1140302,9,395,0,404
1140303,21,396,6,423
1140304,18,597,15,630
1140305,9,203,0,212
1140306,8,210,3,221
1140307,0,0,0,0
1140308,6,277,13,296
1140309,3,237,13,253
1140310,9,346,9,364
1140311,35,598,11,644
1140312,24,416,27,467
1140313,7,368,3,378
1140314,9,475,15,499
1140315,10,298,6,314
1140316,11,359,6,376
1140317,16,412,5,433
1140318,12,480,19,511
1140319,13,421,10,444
1140320,10,288,15,313
1140321,10,470,24,504
1140322,11,498,9,518
1140323,3,408,12,423
1140324,32,595,15,642
1140325,15,401,12,428
1140326,16,307,18,341
1140327,15,267,3,285
1140328,0,412,8,420
1140329,10,428,3,441
1140330,12,393,9,414
1140331,9,332,0,341
1140332,12,493,21,526
1140333,3,302,6,311
1140334,6,258,3,267
1140335,0,0,0,0
1140336,9,420,9,438
1140337,12,279,0,291
1140338,15,478,0,493
1140339,7,339,9,355
1140340,6,557,12,575
1140341,6,430,4,440
1140342,19,498,12,529
1140343,6,286,3,295
1140344,0,0,0,0
1140345,0,0,0,0
1140346,11,378,6,395
1140347,0,0,0,0
1140348,0,12,0,12
1140349,0,0,0,0
1140350,6,481,9,496
1140401,18,519,9,546
1140402,0,0,0,0
1140403,4,252,6,262
1140404,19,489,3,511
1140405,7,359,7,373
1140406,0,126,12,138
1140407,9,247,3,259
1140408,0,215,6,221
1140409,18,515,21,554
1140410,9,381,12,402
1140411,0,318,6,324
1140412,0,462,12,474
1140413,11,290,11,312
1140414,12,403,15,430
1140415,9,411,6,426
1140416,3,104,3,110
1140417,9,317,21,347
1140418,4,385,21,410
1140419,12,503,9,524
1140420,6,330,3,339
1140421,11,473,26,510
1140422,4,315,3,322
1140423,6,274,23,303
1140424,7,325,3,335
1140425,9,390,6,405
1140426,3,289,10,302
1140427,18,587,9,614
1140428,0,0,0,0
1140429,10,400,12,422
1140430,16,429,9,454
1140431,7,470,12,489
1140432,6,256,6,268
1140501,6,293,30,329
1140502,20,327,16,363
1140503,12,240,10,262
1140504,12,400,48,460
1140505,18,429,30,477
1140506,20,373,33,426
1140507,26,863,110,999
1140508,6,481,11,498
1140509,6,217,0,223
1140510,6,221,6,233
1140511,106,379,44,529
1140512,10,644,15,669
1140513,19,525,29,573
1140514,11,290,13,314
1140515,4,444,27,475
1140516,12,365,16,393
1140517,13,289,16,318
1140518,11,531,65,607
1140519,18,609,27,654
1140520,9,460,33,502
1140521,136,264,31,431
1140522,24,484,41,549
1140523,12,373,15,400
1140524,3,426,18,447
1140525,0,0,0,0
1140526,15,265,0,280
1140527,55,385,29,469
1140528,20,457,50,527
1140529,21,477,10,508
1140530,7,254,10,271
1140531,0,0,0,0
1140532,5,206,3,214
1140533,8,236,0,244
1140534,10,467,6,483
1140535,13,224,6,243
1140536,26,361,15,402
1140537,12,378,12,402
1140538,20,462,12,494
1140539,19,415,12,446
1140540,0,254,6,260
1140541,4,290,13,307
1140542,61,322,22,405
1140543,15,573,32,620
1140544,24,250,18,292
1140545,13,485,21,519
1140546,14,354,18,386
1140547,3,293,7,303
1140548,6,366,12,384
1140549,22,350,12,384
1140550,14,267,17,298
1140551,3,207,7,217
1140552,7,348,6,361
1140553,13,257,4,274
1140554,15,437,0,452
1140555,9,336,12,357
1140556,3,252,4,259
1140557,13,258,9,280
1140558,12,304,11,327
1140559,4,384,15,403
1140560,39,466,9,514
1140561,20,239,12,271
1140562,0,483,36,519
1140563,12,344,21,377
1140564,6,376,15,397
1140565,10,983,27,1020
1140566,12,786,24,822
1140567,16,525,33,574
1140568,7,530,31,568
1140569,22,527,8,557
1140570,27,190,0,217
1140571,6,307,19,332
1140601,12,235,0,247
1140602,0,298,26,324
1140603,14,388,17,419
1140604,12,380,36,428
1140605,6,314,6,326
1140606,12,299,14,325
1140607,12,208,3,223
1140608,0,547,21,568
1140609,0,353,13,366
1140610,6,217,6,229
1140611,14,484,18,516
1140612,3,247,13,263
1140613,51,391,15,457
1140614,9,266,15,290
1140615,12,333,6,351
1140616,12,377,12,401
1140617,0,6,0,6
1140618,6,328,0,334
1140619,8,513,11,532
1140620,6,338,13,357
1140621,16,323,0,339
1140622,15,378,0,393
1140623,29,498,27,554
1140624,9,452,16,477
1140625,4,358,3,365
1140626,4,317,0,321
1140627,6,305,6,317
1140628,3,289,3,295
1140629,4,379,13,396
1140630,6,289,9,304
1140631,7,349,6,362
1140632,0,6,0,6
1140633,6,467,6,479
1140634,6,484,7,497
1140635,7,403,7,417
1140636,10,358,5,373
1140637,9,243,6,258
1140638,23,381,15,419
1140639,3,284,21,308
1140640,70,457,6,533
1140641,9,567,4,580
1140642,15,509,12,536
1140643,6,324,9,339
1140644,10,459,7,476
1140645,18,348,18,384
1140646,3,438,14,455
1140647,143,200,22,365
1140648,38,447,27,512
1140701,8,408,11,427
1140702,12,377,3,392
1140703,12,262,9,283
1140704,9,484,21,514
1140705,110,402,27,539
1140706,20,506,15,541
1140707,7,327,9,343
1140708,9,499,21,529
1140709,14,385,7,406
1140710,13,523,4,540
1140711,12,354,3,369
1140712,12,535,27,574
1140713,15,304,15,334
1140714,3,185,5,193
1140715,123,958,78,1159
1140716,0,0,0,0
1140717,5,755,53,813
1140718,4,268,0,272
1140719,6,306,19,331
1140720,0,0,0,0
1140721,6,276,4,286
1140722,7,293,6,306
1140723,6,382,18,406
1140724,12,321,6,339
1140725,0,382,10,392
1140726,0,334,20,354
1140727,13,495,19,527
1140728,3,380,19,402
1140729,6,344,17,367
1140730,5,233,4,242
1140731,9,248,18,275
1140732,9,453,15,477
1140733,9,244,14,267
1140734,4,262,4,270
1140735,7,352,0,359
1140736,14,362,20,396
1140737,141,342,21,504
1140738,10,301,23,334
1140739,4,365,7,376
1140740,6,771,25,802
1140741,9,515,24,548
1140742,4,517,19,540
1140743,10,535,12,557
1140744,35,209,9,253
1140745,6,299,6,311
1140746,0,279,3,282
1140801,3,317,12,332
1140802,3,247,6,256
1140803,7,350,42,399
1140804,6,452,20,478
1140805,7,416,25,448
1140806,9,377,9,395
1140807,9,450,21,480
1140808,30,241,13,284
1140809,11,254,7,272
1140810,4,434,10,448
1140811,6,219,18,243
1140812,21,411,19,451
1140813,0,392,18,410
1140814,4,344,4,352
1140815,36,317,8,361
1140816,3,258,9,270
1140817,9,375,15,399
1140818,4,254,17,275
1140819,12,315,23,350
1140820,3,318,12,333
1140821,21,502,0,523
1140822,12,423,11,446
1140823,12,314,21,347
1140824,0,189,15,204
1140825,9,362,33,404
1140826,9,504,21,534
1140827,3,259,4,266
1140828,6,680,33,719
1140829,0,366,12,378
1140830,3,205,15,223
1140831,21,450,26,497
1140832,41,348,26,415
1140833,3,240,15,258
1140834,9,451,6,466
1140835,6,388,9,403
1140836,9,351,12,372
1140837,47,675,63,785
1140838,4,608,6,618
1140839,7,249,7,263
1140840,3,390,3,396
1140841,7,384,4,395
1140842,8,308,18,334
1140843,6,364,18,388
1140844,21,461,24,506
1140845,7,535,19,561
1140846,7,328,7,342
1140847,8,310,36,354
1140848,9,352,39,400
1140849,6,308,0,314
1140850,0,400,6,406
1140851,8,360,4,372
1140852,3,306,34,343
1140853,14,471,42,527
1140854,6,175,12,193
1140901,0,0,0,0
1140902,0,405,24,429
1140903,12,366,9,387
1140904,9,373,12,394
1140905,6,386,9,401
1140906,10,316,10,336
1140907,9,516,6,531
1140908,16,418,32,466
1140909,6,356,3,365
1140910,6,268,4,278
1140911,15,403,21,439
1140912,9,238,10,257
1140913,6,381,12,399
1140914,9,539,19,567
1140915,6,387,16,409
1140916,3,304,3,310
1140917,15,444,0,459
1140918,7,330,9,346
1140919,10,380,6,396
1140920,6,604,14,624
1140921,7,378,9,394
1140922,0,323,12,335
1140923,10,373,12,395
1140924,19,638,21,678
1140925,17,816,46,879
1140926,6,325,6,337
1140927,11,502,27,540
1140928,12,388,32,432
1140929,9,484,9,502
1140930,4,220,0,224
1140931,14,473,19,506
1140932,7,434,6,447
1140933,13,536,16,565
1140934,9,303,3,315
1140935,13,417,0,430
1140936,8,463,18,489
1140937,12,437,16,465
1141001,14,340,12,366
1141002,18,291,15,324
1141003,13,473,6,492
1141004,10,278,6,294
1141005,3,253,3,259
1141006,12,384,0,396
1141007,12,569,9,590
1141008,14,378,21,413
1141009,12,407,26,445
1141010,3,464,33,500
1141011,12,615,28,655
1141012,12,475,9,496
1141013,14,539,11,564
1141014,3,231,4,238
1141015,7,376,10,393
1141016,15,403,17,435
1141017,10,589,12,611
1141018,12,401,13,426
1141019,0,0,0,0
1141020,9,448,9,466
1141021,5,386,4,395
1141022,9,483,3,495
1141023,12,304,14,330
1141024,15,398,15,428
1141025,18,447,3,468
1141026,0,0,0,0
1141027,8,508,17,533
1141028,12,413,16,441
1141029,12,292,14,318
1141030,12,485,9,506
1141031,21,405,5,431
1141032,0,381,6,387
1141033,9,286,6,301
1141034,70,661,32,763
1141035,12,426,17,455
1141036,9,951,71,1031
1141037,3,357,22,382
1141038,12,371,9,392
1141039,15,349,11,375
1141040,21,387,24,432
1141041,4,391,15,410
1141042,33,321,19,373
1141043,21,594,17,632
1141101,10,402,12,424
1141102,12,470,22,504
1141103,13,429,13,455
1141104,9,447,27,483
1141105,3,489,12,504
1141106,6,261,21,288
1141107,3,297,15,315
1141108,7,381,0,388
1141109,9,231,3,243
1141110,6,311,6,323
1141111,19,492,10,521
1141112,6,283,13,302
1141113,82,236,21,339
1141114,34,346,10,390
1141115,70,333,85,488
1141116,0,3,0,3
1141117,126,349,24,499
1141118,12,376,0,388
1141119,15,516,14,545
1141120,3,314,3,320
1141121,9,258,16,283
1141122,28,423,30,481
1141123,16,529,19,564
1141124,8,444,10,462
1141125,17,331,18,366
1141126,8,444,35,487
1141127,12,449,6,467
1141128,9,268,13,290
1141129,6,499,10,515
1141130,6,464,19,489
1141131,18,602,8,628
1141132,18,443,15,476
1141133,12,474,9,495
1141134,6,460,43,509
1141135,16,323,8,347
1141136,13,440,3,456
1141137,96,142,22,260
1141138,3,224,9,236
1141139,5,303,15,323
1141140,12,509,9,530
1141141,6,311,12,329
1141142,6,396,3,405
1141143,9,425,0,434
1141144,9,410,42,461
1141201,9,414,6,429
1141202,12,541,27,580
1141203,12,443,12,467
1141204,91,311,8,410
1141205,8,534,34,576
1141206,4,340,15,359
1141207,6,549,28,583
1141208,8,243,9,260
1141209,3,437,20,460
1141210,6,287,18,311
1141211,9,224,53,286
1141212,12,369,16,397
1141213,40,748,83,871
1141214,6,368,12,386
1141215,18,259,12,289
1141216,6,756,96,858
1141217,5,339,10,354
1141218,15,481,43,539
1141219,3,424,18,445
1141220,6,300,9,315
1141221,6,416,21,443
1141222,6,501,13,520
1141223,20,605,48,673
1141224,3,462,9,474
1141225,3,308,16,327
1141226,12,446,9,467
1141227,10,453,4,467
1141228,0,316,8,324
1141229,9,352,12,373
1141230,12,648,27,687
1141231,24,350,4,378
1141232,9,386,10,405
1141233,6,330,0,336
1141234,25,515,21,561
1141235,9,247,23,279
1141236,4,424,7,435
1141237,4,505,4,513
1141238,9,382,6,397
1141239,0,0,0,0
1141301,6,323,30,359
1141302,10,498,23,531
1141303,6,339,65,410
1141304,3,483,47,533
1141305,4,352,36,392
1141306,0,426,9,435
1141307,9,325,31,365
1141308,3,261,21,285
1141309,12,340,48,400
1141310,7,522,36,565
1141311,14,538,19,571
1141312,9,323,14,346
1141313,3,471,36,510
1141314,0,287,25,312
1141315,3,415,24,442
1141316,3,366,26,395
1141317,6,377,15,398
1141318,3,357,18,378
1141319,0,400,45,445
1141320,18,313,26,357
1141321,9,423,38,470
1141322,7,360,19,386
1141323,8,306,15,329
1141324,5,335,35,375
1141325,3,452,32,487
1141326,13,398,79,490
1141327,9,382,78,469
1141328,9,270,81,360
1141329,21,556,50,627
1141330,6,350,18,374
1141331,18,285,9,312
1141332,3,518,43,564
1141333,4,369,34,407
1141334,7,333,12,352
1141335,8,519,19,546
1141336,12,380,38,430
1141337,9,471,78,558
1141338,9,480,81,570
1141339,3,279,34,316
1141340,6,314,12,332
1141341,9,442,50,501
1141342,0,346,47,393
1141401,6,314,27,347
1141402,3,266,24,293
1141403,9,291,9,309
1141404,3,270,22,295
1141405,4,277,46,327
1141406,4,334,9,347
1141407,9,328,23,360
1141408,10,428,56,494
1141409,7,523,37,567
1141410,10,428,22,460
1141411,7,523,25,555
1141412,6,396,25,427
1141413,3,270,21,294
1141414,6,395,12,413
1141415,6,503,33,542
1141416,11,495,51,557
1141417,9,513,45,567
1141418,9,483,34,526
1141419,9,318,13,340
1141420,7,441,57,505
1141421,6,273,7,286
1141422,6,284,18,308
1141423,0,199,3,202
1141424,10,490,18,518
1141425,0,269,37,306
1141426,0,322,50,372
1141427,3,293,15,311
1141428,3,305,6,314
1141429,3,294,24,321
1141430,9,457,39,505
1141431,6,383,39,428
1141432,0,476,52,528
1141433,3,272,44,319
1141434,9,342,75,426
1141435,3,249,20,272
1141436,6,301,55,362
1141437,3,212,21,236
1141438,19,363,15,397
1141439,12,222,51,285
1141440,6,250,20,276
1141441,6,189,6,201
1141442,0,299,35,334
1141443,6,269,18,293
1141444,9,245,30,284
1141501,6,250,9,265
1141502,9,248,35,292
1141503,9,459,43,511
1141504,6,244,34,284
1141505,6,337,9,352
1141506,0,398,40,438
1141507,0,316,20,336
1141508,6,473,30,509
1141509,9,379,93,481
1141510,0,4,0,4
1141511,6,373,11,390
1141512,12,410,23,445
1141513,3,432,6,441
1141514,12,429,14,455
1141515,10,325,33,368
1141516,13,328,4,345
1141517,8,377,24,409
1141518,5,470,67,542
1141519,3,291,12,306
1141520,41,334,36,411
1141521,61,471,31,563
1141522,18,454,36,508
1141523,44,383,22,449
1141524,3,187,18,208
1141525,12,366,26,404
1141526,9,378,30,417
1141527,6,405,35,446
1141528,6,275,36,317
1141529,7,281,65,353
1141530,15,454,27,496
1141531,9,473,24,506
1141532,9,515,27,551
1141533,6,460,21,487
1141534,49,177,22,248
1141535,15,596,49,660
1141536,6,513,13,532
1141537,0,109,22,131
1141538,4,330,17,351
1141539,9,417,31,457
1141540,11,424,23,458
1141541,8,612,37,657
1141542,13,486,44,543
1141543,9,499,26,534
1141544,3,242,49,294
1141545,16,402,16,434
1141546,69,329,36,434
1141547,0,282,13,295
1141548,0,320,21,341
1141549,0,352,40,392
1141550,3,246,16,265
1141551,6,309,11,326
1141552,6,362,104,472
1141553,51,360,68,479
1141554,6,294,21,321
1141555,3,264,38,305
1141556,61,320,34,415
1141557,3,261,14,278
1141558,10,411,72,493
1141559,15,389,3,407
1141560,6,545,54,605
1141561,3,351,34,388
1141562,10,302,26,338
1141563,0,303,33,336
1141564,0,0,0,0
1141565,6,225,16,247
1141566,6,404,19,429
1141567,3,225,7,235
1141568,6,245,21,272
1141569,0,244,16,260
1141570,0,234,27,261
1141571,6,251,12,269
1141601,4,446,63,513
1141602,4,416,23,443
1141603,3,256,32,291
1141604,6,468,27,501
1141605,0,459,25,484
1141606,0,525,29,554
1141607,6,406,21,433
1141608,0,241,34,275
1141609,3,434,33,470
1141610,8,417,32,457
1141611,6,220,47,273
1141612,9,240,19,268
1141613,3,407,35,445
1141614,6,586,20,612
1141615,12,543,25,580
1141616,3,205,39,247
1141617,56,436,71,563
1141618,3,392,93,488
1141619,10,403,17,430
1141620,115,210,67,392
1141621,59,484,46,589
1141622,6,479,57,542
1141623,6,453,62,521
1141624,6,309,19,334
1141625,9,473,61,543
1141626,3,290,48,341
1141627,4,369,27,400
1141628,9,346,9,364
1141629,6,484,60,550
1141630,30,525,45,600
1141631,3,462,55,520
1141632,3,278,15,296
1141633,15,475,31,521
1141634,4,186,27,217
1141635,6,511,173,690
1141636,3,347,22,372
1141637,9,544,33,586
1141701,0,408,31,439
1141702,31,162,18,211
1141703,0,481,22,503
1141704,0,330,59,389
1141705,0,0,0,0
1141706,0,357,53,410
1141707,9,219,20,248
1141708,7,416,80,503
1141709,0,260,58,318
1141710,3,0,0,3
1141711,0,0,0,0
1141712,6,247,41,294
1141713,0,177,19,196
1141714,20,367,40,427
1141715,8,707,60,775
1141716,0,351,27,378
1141717,9,255,11,275
1141718,3,382,43,428
1141719,6,297,31,334
1141720,12,689,109,810
1141721,3,214,39,256
1141722,0,0,0,0
1141723,9,425,100,534
1141724,6,497,19,522
1141725,9,516,89,614
1141726,3,298,49,350
1141727,0,0,0,0
1141728,6,240,41,287
1141801,13,331,11,355
1141802,0,0,0,0
1141803,12,486,13,511
1141804,6,481,11,498
1141805,15,436,3,454
1141806,12,509,17,538
1141807,8,623,15,646
1141808,20,548,13,581
1141809,9,401,15,425
1141810,0,272,9,281
1141811,3,341,5,349
1141812,0,508,18,526
1141813,9,446,9,464
1141814,13,297,6,316
1141815,4,515,41,560
1141816,4,345,16,365
1141817,10,480,26,516
1141818,3,410,42,455
1141819,9,468,9,486
1141820,12,362,12,386
1141821,12,366,41,419
1141822,7,405,35,447
1141823,15,546,12,573
1141824,13,657,28,698
1141825,18,633,27,678
1141826,14,734,76,824
1141827,9,465,52,526
1141828,5,445,42,492
1141829,6,419,33,458
1141830,16,437,13,466
1141831,15,335,15,365
1141832,6,476,33,515
1141833,0,191,0,191
1141834,20,579,30,629
1141835,4,368,18,390
1141836,0,430,7,437
1141837,12,236,7,255
1141838,7,538,19,564
1141839,12,497,18,527
1141840,5,415,6,426
1141841,9,562,15,586
1141842,0,0,0,0
1141901,23,343,37,403
1141902,6,414,15,435
1141903,12,503,24,539
1141904,0,254,21,275
1141905,133,417,30,580
1141906,9,472,21,502
1141907,0,327,20,347
1141908,11,346,54,411
1141909,0,360,18,378
1141910,3,400,37,440
1141911,6,185,23,214
1141912,7,453,25,485
1141913,9,206,40,255
1141914,3,244,19,266
1141915,0,280,9,289
1141916,5,344,15,364
1141917,16,540,15,571
1141918,23,523,28,574
1141919,6,363,20,389
1141920,6,439,24,469
1141921,5,511,31,547
1141922,18,415,80,513
1141923,3,444,83,530
1141924,18,441,89,548
1141925,6,313,21,340
1141926,6,426,42,474
1141927,6,347,130,483
1141928,3,413,32,448
1141929,17,385,39,441
1141930,0,182,18,200
1141931,8,350,12,370
1141932,14,531,33,578
1141933,10,525,55,590
1141934,0,450,35,485
1141935,3,348,64,415
1141936,9,491,61,561
1141937,3,396,93,492
1141938,6,509,34,549
1141939,0,38,9,47
1141940,0,445,27,472
1141941,8,298,22,328
1141942,0,13,0,13
1141943,6,500,19,525
1141944,15,387,27,429
1141945,7,554,18,579
1141946,9,285,44,338
1141947,11,507,40,558
1141948,13,439,61,513
1142001,16,431,6,453
1142002,13,365,28,406
1142003,7,230,23,260
1142004,9,375,26,410
1142005,6,395,36,437
1142006,9,309,21,339
1142007,6,495,5,506
1142008,0,302,15,317
1142009,9,335,5,349
1142010,0,323,10,333
1142011,75,396,18,489
1142012,7,256,6,269
1142013,13,435,30,478
1142014,7,366,6,379
1142015,9,338,3,350
1142016,9,523,14,546
1142017,15,586,18,619
1142018,0,0,0,0
1142019,0,0,0,0
1142020,6,493,28,527
1142021,9,316,18,343
1142022,4,260,13,277
1142023,10,402,13,425
1142024,19,556,16,591
1142025,3,478,18,499
1142026,4,485,6,495
1142027,9,332,0,341
1142028,53,438,18,509
1142029,12,538,40,590
1142030,20,616,23,659
1142101,4,682,27,713
1142102,0,562,23,585
1142103,15,348,3,366
1142104,18,476,6,500
1142105,11,542,10,563
1142106,16,637,13,666
1142107,5,226,6,237
1142108,0,280,11,291
1142109,12,630,24,666
1142110,0,252,8,260
1142111,9,538,36,583
1142112,0,269,8,277
1142113,3,282,9,294
1142114,11,399,4,414
1142115,4,274,19,297
1142116,15,421,28,464
1142117,24,409,10,443
1142118,7,420,9,436
1142119,7,270,25,302
1142120,102,431,20,553
1142121,9,372,26,407
1142122,9,433,22,464
1142123,82,303,31,416
1142201,10,440,31,481
1142202,9,330,29,368
1142203,12,219,3,234
1142204,9,427,42,478
1142205,9,391,15,415
1142206,9,308,22,339
1142207,6,332,18,356
1142208,3,274,17,294
1142209,12,265,10,287
1142210,0,339,23,362
1142211,9,531,25,565
1142212,12,361,21,394
1142213,7,275,32,314
1142214,6,314,9,329
1142215,4,331,6,341
1142216,13,356,4,373
1142217,8,391,9,408
1142218,3,261,15,279
1142219,9,360,3,372
1142220,7,436,17,460
1142221,10,385,13,408
1142222,9,446,9,464
1142223,12,316,33,361
1142224,6,275,9,290
1142225,9,361,32,402
1142226,6,446,46,498
1142227,6,471,24,501
1142228,4,381,12,397
1142229,6,265,28,299
1142230,6,369,22,397
1142231,9,368,26,403
1142232,3,187,22,212
1142233,19,454,52,525
1142234,3,278,23,304
1142301,7,429,10,446
1142302,36,589,29,654
1142303,7,569,26,602
1142304,9,301,6,316
1142305,13,455,37,505
1142306,19,358,3,380
1142307,21,378,15,414
1142308,5,286,12,303
1142309,9,515,24,548
1142310,22,397,3,422
1142311,3,254,0,257
1142312,18,363,3,384
1142313,12,382,11,405
1142314,9,475,31,515
1142315,7,340,10,357
1142316,16,529,24,569
1142317,35,495,32,562
1142318,39,810,73,922
1142319,9,836,36,881
1142320,10,310,7,327
1142321,14,511,13,538
1142322,9,370,24,403
1142323,3,332,14,349
1142324,15,302,6,323
1142325,12,242,18,272
1142326,9,417,15,441
1142327,6,214,27,247
1142328,95,619,11,725
1142329,9,418,9,436
1142330,0,410,21,431
1142331,6,137,21,164
1142332,16,560,32,608
1142333,6,203,12,221
1142334,13,569,28,610
1142335,16,552,43,611
1142336,13,285,18,316
1142337,12,430,35,477
1142338,26,426,22,474
1142339,6,489,19,514
1142340,15,362,33,410
1142341,8,375,12,395
1142342,69,303,3,375
1142343,0,4,0,4
1142344,57,541,25,623
1142345,64,586,50,700
1142346,14,581,31,626
1142347,3,387,3,393
1142348,3,381,19,403
1142401,7,509,36,552
1142402,12,348,6,366
1142403,10,377,13,400
1142404,15,260,6,281
1142405,34,237,9,280
1142406,12,387,10,409
1142407,19,356,3,378
1142408,12,379,27,418
1142409,15,484,34,533
1142410,16,531,45,592
1142411,10,342,20,372
1142412,30,471,30,531
1142413,12,378,6,396
1142414,9,377,3,389
1142415,5,250,12,267
1142416,9,282,9,300
1142417,5,277,6,288
1142418,13,495,10,518
1142419,13,568,16,597
1142420,12,306,9,327
1142421,18,191,6,215
1142422,13,477,6,496
1142423,15,432,10,457
1142424,15,412,9,436
1142425,39,258,17,314
1142426,58,282,21,361
1142427,36,363,15,414
1142428,30,387,21,438
1142429,17,304,20,341
1142430,7,228,21,256
1142431,22,357,18,397
1142432,43,245,17,305
1142433,50,395,9,454
1142501,0,248,9,257
1142502,0,268,0,268
1142503,15,234,9,258
1142504,9,201,12,222
1142505,3,265,3,271
1142506,7,320,6,333
1142507,15,424,12,451
1142508,6,240,3,249
1142509,9,312,9,330
1142510,6,271,19,296
1142511,18,204,9,231
1142512,6,248,12,266
1142513,15,294,12,321
1142514,3,423,12,438
1142515,14,174,4,192
1142516,21,424,9,454
1142517,6,316,21,343
1142518,6,547,25,578
1142519,7,437,12,456
1142520,0,3,0,3
1142521,9,353,18,380
1142522,0,19,0,19
1142523,57,524,23,604
1142601,17,499,48,564
1142602,0,472,60,532
1142603,12,462,18,492
1142604,6,398,14,418
1142605,20,472,45,537
1142606,6,373,62,441
1142607,3,316,31,350
1142608,7,473,37,517
1142609,6,201,0,207
1142610,14,333,9,356
1142611,0,258,14,272
1142612,9,422,15,446
1142613,6,186,6,198
1142614,6,203,11,220
1142615,7,337,12,356
1142616,13,486,19,518
1142617,9,256,12,277
1142618,3,191,9,203
1142619,4,313,30,347
1142620,8,318,12,338
1142621,6,341,18,365
1142622,15,351,9,375
1142623,0,410,52,462
1142624,6,296,23,325
1142625,3,309,13,325
1142626,3,244,18,265
1142627,6,227,18,251
1142628,13,487,18,518
1142629,12,324,18,354
1142630,19,547,32,598
1142631,15,502,31,548
1142632,21,566,42,629
1142633,9,509,57,575
1142634,15,279,0,294
1142635,6,219,19,244
1142636,4,339,35,378
1142637,43,655,30,728
1142638,4,310,17,331
1142639,7,367,6,380
1142640,6,224,21,251
1142641,12,493,11,516
1142642,21,253,25,299
1142643,9,255,25,289
1142644,9,444,30,483
1142645,13,582,24,619
1142646,16,507,31,554
1142647,9,258,18,285
1142648,12,401,15,428
1142649,16,510,13,539
1142650,12,346,18,376
1142651,13,313,10,336
1142652,15,468,18,501
1142653,12,379,25,416
1142654,3,341,10,354
1142655,15,482,22,519
1142656,8,436,27,471
1142701,7,326,12,345
1142702,5,419,6,430
1142703,3,215,0,218
1142704,0,223,15,238
1142705,12,211,24,247
1142706,0,206,19,225
1142707,4,260,9,273
1142708,0,350,7,357
1142709,8,513,12,533
1142710,5,262,12,279
1142711,0,359,3,362
1142712,45,309,12,366
1142713,8,342,4,354
1142714,0,338,24,362
1142715,6,254,3,263
1142716,11,265,3,279
1142717,15,258,14,287
1142718,10,459,13,482
1142719,10,347,3,360
1142720,10,321,23,354
1142721,10,396,21,427
1142722,0,0,0,0
1142723,13,221,6,240
1142724,0,0,0,0
1142725,0,0,0,0
1142726,15,366,7,388
1142727,6,300,0,306
1142728,18,346,6,370
1142729,0,389,10,399
1142730,0,0,0,0
1142731,0,0,0,0
1142732,4,287,5,296
1142733,3,220,8,231
1142734,12,310,0,322
1142735,55,376,12,443
1142736,15,410,15,440
1142737,18,323,15,356
1142738,4,329,7,340
1142739,9,403,3,415
1142740,6,243,39,288
1142741,7,393,19,419
1142801,6,326,6,338
1142802,23,537,6,566
1142803,15,558,15,588
1142804,12,569,3,584
1142805,6,391,13,410
1142806,20,478,28,526
1142807,11,412,7,430
1142808,10,274,3,287
1142809,12,339,10,361
1142810,12,255,6,273
1142811,9,266,3,278
1142812,12,423,6,441
1142813,0,322,4,326
1142814,10,437,17,464
1142815,7,280,3,290
1142816,6,304,6,316
1142817,30,479,30,539
1142818,18,464,18,500
1142819,15,446,15,476
1142820,257,152,3,412
1142821,18,536,15,569
1142822,0,171,15,186
1142823,12,282,3,297
1142824,3,321,4,328
1142825,0,0,0,0
1142826,4,288,10,302
1142827,15,262,3,280
1142828,3,419,14,436
1142829,6,308,0,314
1142830,16,362,9,387
1142831,18,380,13,411
1142832,11,463,42,516
1142833,10,402,6,418
1142834,6,436,6,448
1142835,6,471,3,480
1142836,9,413,16,438
1142837,0,242,11,253
1142838,0,3,0,3
1142839,6,269,0,275
1142840,14,319,5,338
1142841,53,298,9,360
1142842,13,471,16,500
1142843,14,335,10,359
1142844,6,381,8,395
1142845,6,414,16,436
1142846,55,336,23,414
1142847,18,573,7,598
1142848,12,486,6,504
1142849,15,319,6,340
1142850,5,297,4,306
1142851,12,450,15,477
1142852,3,309,15,327
1142853,6,251,6,263
1142854,3,256,3,262
1142855,8,443,3,454
1142856,15,307,9,331
1142857,27,481,4,512
1142858,4,271,3,278
1142859,0,278,7,285
1142860,5,356,5,366
1142861,0,0,0,0
1142862,8,333,0,341
1142863,0,291,12,303
1142864,10,559,13,582
1142901,3,401,14,418
1142902,6,401,13,420
1142903,7,341,10,358
1142904,15,328,32,375
1142905,10,484,22,516
1142906,10,456,39,505
1142907,4,239,17,260
1142908,7,500,26,533
1142909,10,538,20,568
1142910,3,202,20,225
1142911,12,256,0,268
1142912,6,269,4,279
1142913,9,363,23,395
1142914,10,605,21,636
1142915,6,215,18,239
1142916,12,281,12,305
1142917,10,517,16,543
1142918,0,0,0,0
1142919,3,23,0,26
1142920,25,221,19,265
1142921,3,361,22,386
1142922,13,336,18,367
1142923,3,386,23,412
1142924,0,218,15,233
1142925,6,290,13,309
1142926,0,291,32,323
1142927,0,376,33,409
1142928,3,270,21,294
1142929,18,673,56,747
1142930,3,34,5,42
1142931,5,419,11,435
1142932,10,495,50,555
1142933,13,654,50,717
1142934,3,210,6,219
1142935,0,0,0,0
1142936,6,221,15,242
1142937,7,406,19,432
1142938,10,320,19,349
1142939,3,267,9,279
1142940,18,492,24,534
1142941,34,390,37,461
1142942,9,295,9,313
1142943,13,407,28,448
1142944,18,377,5,400
1142945,8,291,9,308
1142946,12,405,33,450
1142947,9,411,13,433
1142948,10,682,39,731
1142949,0,214,18,232
1142950,3,250,3,256
1142951,92,654,45,791
1143001,4,353,18,375
1143002,17,462,19,498
1143003,12,396,9,417
1143004,10,510,9,529
1143005,6,418,7,431
1143006,9,572,18,599
1143007,6,180,9,195
1143008,150,328,15,493
1143009,12,502,21,535
1143010,12,433,5,450
1143011,15,404,26,445
1143012,0,0,0,0
1143013,6,294,12,312
1143014,12,310,3,325
1143015,3,601,24,628
1143016,12,627,18,657
1143017,91,328,9,428
1143018,5,335,12,352
1143019,12,310,29,351
1143020,5,264,10,279
1143021,7,308,9,324
1143022,31,498,97,626
1143023,9,291,14,314
1143024,12,521,10,543
1143025,80,470,24,574
1143026,7,321,12,340
1143027,13,332,9,354
1143028,6,394,9,409
1143029,24,551,17,592
1143030,7,461,13,481
1143031,3,280,3,286
1143032,9,336,15,360
1143033,12,433,12,457
1143034,13,375,17,405
1143035,11,271,3,285
1143036,4,517,34,555
1143037,8,303,12,323
1143038,10,349,9,368
1143101,46,409,32,487
1143102,0,431,25,456
1143103,3,265,33,301
1143104,25,293,46,364
1143105,15,327,35,377
1143106,0,482,19,501
1143107,10,292,32,334
1143108,6,393,37,436
1143109,9,169,15,193
1143110,0,311,6,317
1143111,6,363,12,381
1143112,550,480,103,1133
1143113,12,252,8,272
1143114,3,248,10,261
1143115,0,0,0,0
1143116,15,268,36,319
1143117,47,468,3,518
1143118,5,525,16,546
1143119,7,348,11,366
1143120,12,542,27,581
1143121,3,188,33,224
1143122,10,701,62,773
1143123,9,401,67,477
1143124,3,472,15,490
1143125,11,404,21,436
1143126,9,400,3,412
1143127,9,474,18,501
1143128,16,368,5,389
1143129,9,457,23,489
1143130,4,363,3,370
1143131,18,446,12,476
1143132,3,238,13,254
1143133,18,322,13,353
1143134,11,259,12,282
1143135,3,294,9,306
1143136,24,468,19,511
1143137,15,521,21,557
1143138,19,567,32,618
1143139,4,320,3,327
1143140,3,343,12,358
1143141,21,409,21,451
1143142,15,359,7,381
1143143,6,336,12,354
1143144,12,402,11,425
1143145,21,179,3,203
1143146,10,380,22,412
1143147,15,448,9,472
1143148,13,552,12,577
1143149,6,240,3,249
1143150,9,395,12,416
1143151,13,459,47,519
1143152,11,430,43,484
1143153,9,269,32,310
1143154,9,200,9,218
1143155,7,167,3,177
1143156,12,306,15,333
1143201,18,236,21,275
1143202,3,382,3,388
1143203,3,131,0,134
1143204,15,444,0,459
1143205,0,0,0,0
1143206,0,95,18,113
1143207,0,9,0,9
1143208,0,232,6,238
1143209,0,189,5,194
1143210,3,319,12,334
1143211,9,243,38,290
1143212,13,552,9,574
1143213,10,223,0,233
1143214,62,226,6,294
1143301,5,273,9,287
1143302,273,309,31,613
1143303,13,589,15,617
1143304,16,192,6,214
1143305,15,495,23,533
1143306,13,763,12,788
1143307,16,489,17,522
1143308,22,451,6,479
1143309,152,328,35,515
1143310,20,455,46,521
1143311,21,317,6,344
1143312,9,301,12,322
1143313,16,325,15,356
1143314,29,451,18,498
1143315,4,182,15,201
1143316,8,491,3,502
1143317,8,501,3,512
1143318,15,373,18,406
1143319,10,420,16,446
1143320,26,307,24,357
1143321,12,402,6,420
1143322,10,500,8,518
1143323,7,454,9,470
1143324,25,406,5,436
1143325,12,307,22,341
1143326,13,418,6,437
1143327,28,445,9,482
1143401,9,332,6,347
1143402,8,279,4,291
1143403,12,429,9,450
1143404,0,337,6,343
1143405,14,520,13,547
1143406,17,425,3,445
1143407,6,295,16,317
1143408,6,429,6,441
1143409,18,461,24,503
1143410,15,630,26,671
1143411,9,413,27,449
1143412,20,372,9,401
1143413,21,476,6,503
1143414,13,523,12,548
1143415,30,388,22,440
1143416,0,306,9,315
1143417,9,281,12,302
1143418,5,373,12,390
1143419,6,251,3,260
1143420,12,292,13,317
1143421,12,521,30,563
1143422,0,48,6,54
1143423,0,0,0,0
1143424,12,278,9,299
1143425,6,228,12,246
1143426,3,240,7,250
1143427,11,507,12,530
1143428,3,234,3,240
1143429,3,457,18,478
1143430,18,297,6,321
1143431,9,267,4,280
1143432,3,192,9,204
1143433,21,290,16,327
1143434,18,438,3,459
1143435,27,432,16,475
1143436,19,531,17,567
1143437,9,207,12,228
1143438,24,400,34,458
1143439,9,675,27,711
1143440,9,255,3,267
1143441,0,0,0,0
1143442,6,210,6,222
1143443,3,208,3,214
1143444,18,385,0,403
1143501,27,370,6,403
1143502,6,311,9,326
1143503,9,373,15,397
1143504,12,338,3,353
1143505,13,347,20,380
1143506,18,470,8,496
1143507,12,487,39,538
1143508,24,459,6,489
1143509,19,481,13,513
1143510,7,293,12,312
1143511,0,19,0,19
1143512,3,265,16,284
1143513,11,283,24,318
1143514,9,429,16,454
1143515,13,285,12,310
1143516,3,406,3,412
1143517,0,341,17,358
1143518,10,516,9,535
1143519,3,360,24,387
1143520,14,465,19,498
1143521,6,321,9,336
1143522,19,463,12,494
1143523,9,443,3,455
1143524,7,297,0,304
1143525,19,477,28,524
1143526,11,618,13,642
1143527,14,402,14,430
1143528,13,366,19,398
1143529,22,466,6,494
1143530,15,425,23,463
1143531,22,472,23,517
1143532,14,231,3,248
1143533,8,233,3,244
1143534,14,487,18,519
1143535,19,486,6,511
1143536,11,351,15,377
1143537,9,415,17,441
1143538,16,465,0,481
1143539,13,341,7,361
1143540,7,275,26,308
1143541,6,477,22,505
1143542,18,424,12,454
1143543,3,91,9,103
1143544,20,319,3,342
1143545,23,445,29,497
1143546,21,498,21,540
1143547,13,452,15,480
1143548,9,275,6,290
1143549,6,274,6,286
1143550,9,461,31,501
1143551,25,553,8,586
1143552,12,494,24,530
1143553,10,283,19,312
1143554,9,1138,43,1190
1143555,3,171,6,180
1143556,15,617,19,651
1143557,0,216,18,234
1143601,36,437,27,500
1143602,0,0,0,0
1143603,55,400,46,501
1143604,23,316,44,383
1143605,46,321,45,412
1143606,76,461,24,561
1143607,21,619,20,660
1143608,25,426,30,481
1143609,16,459,28,503
1143610,12,257,9,278
1143611,37,536,16,589
1143612,23,393,3,419
1143613,14,426,19,459
1143614,17,358,28,403
1143615,25,544,34,603
1143616,25,510,32,567
1143617,16,457,34,507
1143618,15,256,22,293
1143619,24,477,19,520
1143620,56,377,73,506
1143621,25,214,20,259
1143622,64,354,34,452
1143623,6,193,15,214
1143624,15,342,12,369
1143625,24,333,12,369
1143626,8,240,14,262
1143627,17,459,17,493
1143628,26,284,0,310
1143629,0,0,0,0
1143630,21,396,13,430
1143631,24,361,30,415
1143632,18,267,23,308
1143633,27,382,21,430
1143634,19,443,29,491
1143635,16,493,48,557
1143636,9,287,12,308
1143637,13,430,3,446
1143638,39,306,18,363
1143639,47,390,21,458
1143640,39,548,47,634
1143641,19,480,25,524
1143642,3,199,21,223
1143643,18,412,18,448
1143644,12,297,18,327
1143645,17,327,18,362
1143646,20,515,23,558
1143701,9,284,32,325
1143702,9,195,12,216
1143703,23,367,26,416
1143704,120,1017,58,1195
1143705,0,9,3,12
1143706,29,372,27,428
1143707,13,324,15,352
1143708,12,239,32,283
1143709,0,0,0,0
1143710,32,434,30,496
1143711,18,223,35,276
1143712,11,263,24,298
1143713,18,542,41,601
1143714,33,493,33,559
1143715,44,378,30,452
1143716,18,405,24,447
1143717,22,342,29,393
1143718,55,345,26,426
1143719,11,251,0,262
1143720,29,451,22,502
1143721,16,491,18,525
1143722,0,3,0,3
1143723,3,20,19,42
1143724,32,586,18,636
1143725,21,270,15,306
1143726,53,473,35,561
1143727,24,273,6,303
1143728,56,586,25,667
1143729,11,412,28,451
1143730,18,452,12,482
1143731,16,369,4,389
1143732,24,412,28,464
1143733,12,389,12,413
1143734,14,470,40,524
1143735,0,189,31,220
1143736,36,448,46,530
1143737,13,316,13,342
1143738,5,366,3,374
1143739,12,525,54,591
1143801,12,205,9,226
1143802,21,279,0,300
1143803,18,291,39,348
1143804,15,386,22,423
1143805,13,407,15,435
1143806,18,399,24,441
1143807,29,368,16,413
1143808,15,200,27,242
1143809,24,440,51,515
1143810,12,408,33,453
1143811,18,392,6,416
1143812,10,403,39,452
1143813,21,401,33,455
1143814,20,453,42,515
1143815,10,299,6,315
1143816,29,521,30,580
1143817,25,415,20,460
1143818,12,350,27,389
1143819,16,281,3,300
1143820,23,342,24,389
1143821,18,369,7,394
1143822,6,208,25,239
1143823,0,210,0,210
1143824,24,358,6,388
1143825,17,378,18,413
1143826,8,326,11,345
1143827,35,490,32,557
1143828,7,353,34,394
1143829,4,98,3,105
1143830,13,408,50,471
1143831,9,323,12,344
1143832,0,6,4,10
1143833,23,282,16,321
1143834,33,539,26,598
1143835,39,270,64,373
1143836,18,393,15,426
1143837,20,444,17,481
1143838,0,0,0,0
1143839,27,257,29,313
1143840,27,303,64,394
1143841,27,325,87,439
1143842,18,523,44,585
1143843,6,193,11,210
1143844,12,264,10,286
1143845,27,270,75,372
1143846,16,253,6,275
1143847,12,394,20,426
1143848,19,385,91,495
1143849,19,206,41,266
1143850,6,274,15,295
1143851,16,535,32,583
1143852,17,154,54,225
1143853,3,276,24,303
1143854,9,7,0,16
1143855,6,429,29,464
1143856,12,468,26,506
1143857,9,208,9,226
1143858,18,181,6,205
1143901,0,0,0,0
1144001,6,205,6,217
1144002,30,324,38,392
1144003,0,29,0,29
1144004,17,707,17,741
1144005,0,341,12,353
1144006,0,0,0,0
1144007,0,182,6,188
1144008,13,359,29,401
1144009,18,379,10,407
1144010,3,334,15,352
1144011,17,439,17,473
1144012,22,372,15,409
1144013,17,543,27,587
1144014,17,456,22,495
1144015,12,153,15,180
1144016,29,467,27,523
1144017,17,382,23,422
1144018,23,370,27,420
1144019,6,242,22,270
1144020,28,506,17,551
1144021,17,367,19,403
1144022,13,351,20,384
1144023,33,401,16,450
1144024,0,30,0,30
1144025,13,379,9,401
1144026,29,500,13,542
1144027,7,293,9,309
1144028,18,344,3,365
1144029,24,381,9,414
1144030,13,310,21,344
1144031,21,361,24,406
1144032,15,630,27,672
1144033,18,313,11,342
1144034,19,291,0,310
1144035,16,303,14,333
1144036,26,568,29,623
1144037,19,548,39,606
1144038,21,275,15,311
1144039,10,349,11,370
1144040,22,362,15,399
1144041,8,190,0,198
1144042,16,245,30,291
1144043,7,241,14,262
1144044,16,380,21,417
1144101,14,465,59,538
1144102,17,382,5,404
1144103,12,356,3,371
1144104,48,357,9,414
1144105,6,269,0,275
1144106,15,345,18,378
1144107,22,466,37,525
1144108,30,520,21,571
1144109,12,307,18,337
1144110,24,341,22,387
1144111,66,548,37,651
1144112,21,453,39,513
1144113,16,294,7,317
1144114,18,578,48,644
1144115,18,341,17,376
1144116,8,302,9,319
1144117,24,432,35,491
1144118,13,411,6,430
1144119,24,378,12,414
1144120,30,403,9,442
1144121,42,828,79,949
1144122,17,399,11,427
1144123,33,338,24,395
1144124,10,248,15,273
1144125,32,390,12,434
1144126,12,329,15,356
1144127,35,381,15,431
1144128,15,474,12,501
1144129,30,491,12,533
1144130,11,284,4,299
1144131,18,286,10,314
1144132,16,400,6,422
1144133,21,535,18,574
1144134,24,295,16,335
1144135,12,495,20,527
1144136,13,375,23,411
1144201,9,339,17,365
1144202,3,1110,22,1135
1144203,0,0,0,0
1144204,37,324,77,438
1144205,51,458,55,564
1144206,24,307,12,343
1144207,18,270,18,306
1144208,402,34,12,448
1144209,15,214,12,241
1144210,12,326,15,353
1144211,13,324,12,349
1144212,11,313,41,365
1144213,20,378,12,410
1144214,7,276,19,302
1144215,15,282,6,303
1144216,6,457,18,481
1144217,5,277,21,303
1144218,8,237,12,257
1144219,22,372,19,413
1144220,19,402,22,443
1144221,10,254,6,270
1144222,23,432,17,472
1144223,27,488,26,541
1144224,26,465,3,494
1144225,26,377,19,422
1144226,40,336,9,385
1144227,16,319,9,344
1144228,18,416,11,445
1144229,53,335,27,415
1144230,26,263,42,331
1144231,67,352,55,474
1144232,23,389,40,452
1144233,0,0,0,0
1144234,16,305,18,339
1144235,23,482,28,533
1144236,13,406,28,447
1144237,16,311,19,346
1144238,14,249,15,278
1144239,24,408,18,450
1144240,23,251,4,278
1144241,21,359,21,401
1144242,7,206,8,221
1144243,14,357,3,374
1144244,26,393,24,443
1144245,19,429,9,457
1144246,19,392,9,420
1144247,19,368,22,409
1144248,15,475,19,509
1144249,13,375,15,403
1144250,24,460,46,530
1144251,3,184,18,205
1144252,24,506,35,565
1144253,50,378,42,470
1144301,15,342,9,366
1144302,4,267,0,271
1144303,27,266,9,302
1144304,21,263,9,293
1144305,15,306,10,331
1144306,22,479,17,518
1144307,15,330,15,360
1144308,18,264,15,297
1144309,31,481,13,525
1144310,15,478,3,496
1144311,11,400,10,421
1144312,0,0,0,0
1144313,0,40,3,43
1144314,21,313,10,344
1144315,24,345,3,372
1144316,9,286,23,318
1144317,18,354,4,376
1144318,21,463,17,501
1144319,15,162,23,200
1144320,9,51,9,69
1144321,31,303,27,361
1144322,5,335,6,346
1144323,6,317,12,335
1144324,24,367,21,412
1144325,15,238,9,262
1144326,3,15,0,18
1144327,3,399,12,414
1144328,0,22,11,33
1144329,24,279,12,315
1144330,21,449,33,503
1144331,31,406,40,477
1144332,9,275,6,290
1144333,22,368,8,398
1144334,19,391,29,439
1144335,16,422,17,455
1144336,32,434,58,524
1144337,28,525,79,632
1144338,108,392,12,512
1144339,12,428,22,462
1144340,28,664,31,723
1144341,5,454,9,468
1144342,0,0,0,0
1144343,12,255,33,300
1144344,15,444,36,495
1144345,21,207,19,247
1144346,18,350,15,383
1144347,16,423,18,457
1144348,12,316,29,357
1144349,21,296,24,341
1144350,30,184,15,229
1144401,32,189,33,254
1144402,12,134,50,196
1144403,6,185,8,199
1144404,41,303,85,429
1144405,33,179,35,247
1144406,20,391,78,489
1144407,27,458,47,532
1144408,17,358,24,399
1144409,143,191,15,349
1144410,15,374,26,415
1144411,13,308,12,333
1144412,13,449,23,485
1144413,24,412,25,461
1144414,9,301,3,313
1144415,19,403,19,441
1144416,11,370,15,396
1144417,19,621,5,645
1144418,16,252,6,274
1144419,20,214,0,234
1144420,15,424,31,470
1144421,18,238,6,262
1144422,12,289,4,305
1144423,27,477,30,534
1144424,18,209,49,276
1144425,25,469,61,555
1144426,15,377,52,444
1144427,11,218,12,241
1144428,21,308,22,351
1144429,7,246,18,271
1144430,17,342,6,365
1144431,13,207,25,245
1144432,27,522,24,573
1144433,16,406,24,446
1144434,26,372,7,405
1144435,10,300,3,313
1144436,3,319,28,350
1144437,14,372,54,440
1144438,15,190,21,226
1144439,13,325,39,377
1144440,12,263,9,284
1144441,24,363,27,414
1144442,31,278,45,354
1144443,10,133,22,165
1144444,31,234,23,288
1144445,17,289,10,316
1144446,16,303,3,322
1144447,33,524,15,572
1144448,23,227,6,256
1144449,13,318,18,349
1144450,12,272,9,293
1144451,12,195,6,213
1144452,21,395,27,443
1144453,15,266,17,298
1144454,16,410,18,444
1144455,4,233,4,241
1144456,13,358,7,378
1144501,9,249,14,272
1144502,28,207,15,250
1144503,35,609,37,681
1144504,15,277,3,295
1144505,21,333,9,363
1144506,30,552,30,612
1144507,7,222,6,235
1144508,0,136,6,142
1144509,0,213,0,213
1144510,15,367,18,400
1144511,6,359,18,383
1144512,15,549,40,604
1144513,6,277,12,295
1144514,16,265,30,311
1144515,14,325,7,346
1144601,18,473,9,500
1144602,9,327,12,348
1144603,10,339,19,368
1144604,19,458,10,487
1144605,21,341,15,377
1144606,15,570,18,603
1144607,5,222,26,253
1144608,15,285,6,306
1144609,72,417,16,505
1144610,8,243,0,251
1144611,9,232,13,254
1144612,18,406,29,453
1144613,6,247,9,262
1144614,9,498,12,519
1144615,6,388,24,418
1144616,0,230,10,240
1144617,18,307,12,337
1144618,12,196,9,217
1144619,18,346,15,379
1144701,13,246,6,265
1144702,6,203,4,213
1144703,6,258,39,303
1144704,3,277,20,300
1144705,22,490,5,517
1144706,15,244,12,271
1144707,16,477,39,532
1144708,11,260,8,279
1144709,7,321,6,334
1144710,0,169,19,188
1144711,11,228,20,259
1144712,56,267,14,337
1144713,80,357,34,471
1144714,21,388,15,424
1144715,12,465,22,499
1144716,4,93,10,107
1144717,12,246,6,264
1144718,11,299,3,313
1144719,3,262,8,273
1144720,12,353,42,407
1144721,41,326,7,374
1144722,13,441,27,481
1144723,15,500,12,527
1144724,4,284,21,309
1144725,9,251,10,270
1144726,15,478,34,527
1144727,12,286,35,333
1144728,12,365,18,395
1144729,29,430,31,490
1144730,25,578,37,640
1144731,24,328,33,385
1144732,0,0,0,0
1144733,21,328,12,361
1144734,9,353,23,385
1144735,24,382,19,425
1144736,6,322,6,334
1144737,12,617,29,658
1144738,21,386,24,431
1144739,19,346,13,378
1144740,12,333,18,363
1144741,9,315,22,346
1144742,15,259,0,274
1144743,3,114,0,117
1144801,12,290,9,311
1144802,10,305,4,319
1144803,3,268,3,274
1144804,6,208,0,214
1144805,27,486,34,547
1144806,4,218,4,226
1144807,12,238,12,262
1144808,12,228,6,246
1144809,3,397,3,403
1144810,12,435,36,483
1144811,15,598,18,631
1144812,0,168,7,175
1144813,6,329,25,360
1144814,20,507,24,551
1144815,6,229,12,247
1144816,15,295,10,320
1144817,12,305,15,332
1144818,21,329,23,373
1144819,21,370,12,403
1144820,9,329,12,350
1144821,15,365,8,388
1144822,19,351,26,396
1144823,13,391,27,431
1144824,9,302,8,319
1144901,21,215,80,316
1144902,10,314,99,423
1144903,8,191,191,390
1144904,27,346,57,430
1144905,20,358,15,393
1144906,25,254,4,283
1144907,21,441,30,492
1144908,3,60,6,69
1144909,14,320,13,347
1144910,15,430,32,477
1144911,7,199,7,213
1144912,24,394,8,426
1144913,19,407,7,433
1144914,15,226,18,259
1144915,16,390,102,508
1145001,17,198,6,221
1145002,0,185,6,191
1145003,3,351,16,370
1145004,0,260,9,269
1145005,13,451,8,472
1145006,3,179,0,182
1145007,6,271,3,280
1145008,8,334,9,351
1145009,16,473,12,501
1145010,25,436,0,461
1145011,8,310,11,329
1145012,29,503,15,547
1145013,16,209,0,225
1145014,11,198,3,212
1145015,14,354,0,368
1145016,24,388,20,432
1145017,11,365,3,379
1145018,15,338,6,359
1145019,14,469,21,504
1145020,6,292,12,310
1145021,0,15,3,18
1145022,9,365,21,395
1145023,13,492,21,526
1145024,15,429,3,447
1145025,8,465,4,477
1145026,14,274,0,288
1145027,27,588,10,625
1145028,11,272,3,286
1145029,5,470,9,484
1145030,9,438,9,456
1145031,9,418,9,436
1145032,6,282,9,297
1145033,15,538,15,568
1145034,12,331,18,361
1145035,0,6,0,6
1145036,18,343,3,364
1145037,23,475,9,507
1145038,21,486,6,513
1145039,0,0,0,0
1145040,9,290,12,311
1145041,20,583,25,628
1145042,5,338,6,349
1145043,3,271,6,280
1145044,9,437,9,455
1145045,6,393,9,408
1145046,8,344,17,369
1145047,15,316,6,337
1145048,15,453,13,481
1145049,7,338,23,368
1145050,12,196,0,208
1145051,0,250,21,271
1145101,0,30,0,30
1145201,9,249,19,277
1145202,42,396,23,461
1145203,12,321,12,345
1145204,12,287,18,317
1145205,20,361,16,397
1145206,21,208,37,266
1145207,22,375,30,427
1145208,21,367,16,404
1145209,8,232,31,271
1145210,21,259,27,307
1145211,22,309,67,398
1145212,34,476,38,548
1145213,22,354,31,407
1145214,16,198,28,242
1145215,0,20,0,20
1145216,12,331,24,367
1145217,15,317,29,361
1145218,19,283,86,388
1145219,13,316,52,381
1145220,7,242,33,282
1145221,15,237,28,280
1145222,0,17,3,20
1145223,21,566,66,653
1145224,64,378,115,557
1145225,62,239,27,328
1145226,3,205,43,251
1145227,19,243,67,329
1145228,18,522,35,575
1145229,4,217,7,228
1145230,19,283,136,438
1145231,18,341,28,387
1145232,30,460,29,519
1145233,15,360,12,387
1145234,10,235,18,263
1145235,12,198,3,213
1145236,21,274,41,336
1145237,105,148,36,289
1145301,0,11,0,11
1145302,12,401,3,416
1145303,16,350,12,378
1145304,10,248,13,271
1145305,21,510,29,560
1145306,22,522,32,576
1145307,32,550,20,602
1145308,12,254,17,283
1145309,16,361,24,401
1145310,18,476,27,521
1145311,15,491,21,527
1145312,10,447,17,474
1145313,12,293,5,310
1145314,9,257,6,272
1145315,15,264,12,291
1145316,9,462,28,499
1145317,0,19,0,19
1145318,26,476,41,543
1145319,9,369,3,381
1145320,17,390,6,413
1145321,23,571,15,609
1145322,18,258,6,282
1145323,10,277,34,321
1145324,25,451,30,506
1145325,16,254,0,270
1145326,18,461,15,494
1145327,23,507,19,549
1145328,18,271,3,292
1145401,12,430,15,457
1145402,21,459,7,487
1145403,6,294,10,310
1145404,24,502,9,535
1145405,17,543,21,581
1145406,12,422,19,453
1145407,24,540,12,576
1145408,9,340,3,352
1145409,3,550,5,558
1145410,6,305,12,323
1145411,24,483,9,516
1145412,10,484,12,506
1145413,17,306,8,331
1145414,24,288,6,318
1145415,18,384,27,429
1145416,10,340,15,365
1145417,12,348,3,363
1145418,9,456,5,470
1145419,22,414,3,439
1145420,18,353,3,374
1145421,15,417,4,436
1145422,6,445,18,469
1145423,28,439,18,485
1145424,12,523,6,541
1145425,12,251,18,281
1145426,12,366,6,384
1145427,131,331,6,468
1145428,22,331,3,356
1145429,4,300,9,313
1145430,5,516,9,530
1145431,19,345,3,367
1145432,16,429,15,460
1145433,12,611,18,641
1145434,143,247,12,402
1145435,12,426,25,463
1145436,12,375,9,396
1145437,20,543,3,566
1145438,12,316,3,331
1145439,3,285,3,291
1145440,13,458,9,480
1145441,10,330,3,343
1145442,14,344,3,361
1145443,12,242,0,254
1145444,12,376,15,403
1145445,14,457,0,471
1145446,15,460,6,481
1145447,26,592,16,634
1145448,6,326,4,336
1145449,31,264,6,301
1145450,7,416,21,444
1145451,97,233,24,354
1145501,16,392,100,508
1145502,8,216,33,257
1145503,15,466,6,487
1145504,13,304,5,322
1145505,22,366,23,411
1145506,32,511,76,619
1145507,36,402,5,443
1145508,14,415,43,472
1145509,6,299,6,311
1145510,108,190,6,304
1145511,18,316,18,352
1145512,6,297,5,308
1145513,11,329,26,366
1145514,6,328,6,340
1145515,22,333,77,432
1145601,0,7,0,7
1145701,11,287,10,308
1145702,15,446,3,464
1145703,20,377,3,400
1145704,26,418,30,474
1145705,15,349,12,376
1145706,15,185,12,212
1145707,10,267,6,283
1145708,12,249,13,274
1145709,22,321,27,370
1145710,9,274,18,301
1145711,21,460,22,503
1145712,27,540,22,589
1145713,46,422,12,480
1145714,15,213,4,232
1145715,33,513,23,569
1145716,18,301,15,334
1145717,31,452,37,520
1145718,21,467,33,521
1145719,6,230,18,254
1145720,14,341,12,367
1145721,16,503,23,542
1145722,13,241,19,273
1145723,16,388,7,411
1145724,7,340,9,356
1145725,17,326,11,354
1145726,7,208,0,215
1145727,15,248,0,263
1145728,7,244,9,260
1145729,8,308,14,330
1145730,6,334,12,352
1145731,15,204,6,225
1145732,11,406,22,439
1145733,12,365,7,384
1145734,13,423,34,470
1145735,6,191,19,216
1145736,15,229,0,244
1145737,23,429,12,464
1145738,18,335,16,369
1145739,9,288,18,315
1145740,21,470,21,512
1145741,12,282,9,303
1145801,9,409,12,430
1145802,10,329,9,348
1145803,9,296,9,314
1145804,5,242,17,264
1145805,12,263,6,281
1145806,9,333,21,363
1145807,21,382,25,428
1145808,12,455,13,480
1145809,9,352,25,386
1145810,18,403,40,461
1145811,36,288,24,348
1145812,19,352,38,409
1145813,10,494,34,538
1145814,15,402,12,429
1145815,4,327,0,331
1145816,29,347,21,397
1145817,7,274,18,299
1145818,4,271,17,292
1145819,15,362,9,386
1145820,10,491,6,507
1145821,13,258,9,280
1145822,31,476,10,517
1145823,16,258,10,284
1145824,9,220,11,240
1145825,0,9,0,9
1145826,12,419,33,464
1145827,10,177,10,197
1145828,10,340,0,350
1145829,9,396,12,417
1145830,27,431,11,469
1145831,9,375,3,387
1145832,4,273,17,294
1145833,33,272,53,358
1145834,16,200,16,232
1145835,9,307,0,316
1145836,7,198,12,217
1145837,23,447,26,496
1145838,10,445,23,478
1145839,21,217,3,241
1145840,9,280,13,302
1145841,18,437,0,455
1145842,3,469,25,497
1145843,64,424,39,527
1145844,6,293,15,314
1145845,15,260,12,287
1145846,9,391,15,415
1145847,10,196,18,224
1145848,0,0,0,0
1145849,18,370,18,406
1145901,22,319,6,347
1145902,22,513,44,579
1145903,12,272,9,293
1145904,26,419,8,453
1145905,138,378,4,520
1145906,18,521,9,548
1145907,10,358,12,380
1145908,10,272,3,285
1145909,25,373,16,414
1145910,18,500,16,534
1145911,12,227,12,251
1145912,23,371,18,412
1145913,20,559,3,582
1145914,6,279,8,293
1145915,19,535,15,569
1145916,4,239,3,246
1145917,12,435,27,474
1145918,15,380,6,401
1145919,3,201,9,213
1145920,10,288,4,302
1145921,9,260,9,278
1145922,6,390,15,411
1145923,15,350,22,387
1145924,15,338,19,372
1145925,6,365,6,377
1145926,10,344,10,364
1145927,16,431,6,453
1145928,40,535,39,614
1145929,23,398,18,439
1145930,9,321,3,333
1145931,12,378,29,419
1145932,7,146,178,331
1145933,15,558,19,592
1145934,3,403,4,410
1146001,0,306,9,315
1146002,14,375,13,402
1146003,12,303,9,324
1146004,3,237,3,243
1146005,9,424,4,437
1146006,3,206,12,221
1146007,6,261,9,276
1146008,7,436,8,451
1146009,9,363,3,375
1146010,21,457,18,496
1146011,4,316,7,327
1146012,18,613,3,634
1146013,6,413,3,422
1146014,23,544,16,583
1146015,13,583,12,608
1146016,15,548,31,594
1146017,0,0,0,0
1146018,17,492,18,527
1146019,21,567,31,619
1146020,8,379,8,395
1146021,16,461,30,507
1146022,25,447,18,490
1146023,13,330,12,355
1146024,11,547,9,567
1146025,9,252,11,272
1146026,6,401,15,422
1146027,21,535,10,566
1146028,21,452,24,497
1146029,11,374,10,395
1146030,8,277,0,285
1146031,17,487,41,545
1146032,6,230,7,243
1146033,10,336,20,366
1146034,13,403,6,422
1146035,18,608,15,641
1146036,8,466,15,489
1146037,9,239,0,248
1146038,8,315,5,328
1146039,0,339,6,345
1146040,8,326,3,337
1146041,12,426,13,451
1146042,10,509,37,556
1146043,19,622,13,654
1146044,17,494,12,523
1146045,18,401,18,437
1146046,13,207,6,226
1146047,20,576,11,607
1146048,6,472,24,502
1146049,9,354,23,386
1146101,9,300,3,312
1146102,9,285,13,307
1146103,27,491,62,580
1146104,6,287,3,296
1146105,15,330,33,378
1146106,16,592,38,646
1146107,15,297,6,318
1146108,21,264,3,288
1146109,19,406,3,428
1146110,20,410,43,473
1146111,12,277,74,363
1146112,11,487,21,519
1146113,30,293,7,330
1146114,3,310,10,323
1146115,12,327,13,352
1146116,15,419,26,460
1146117,21,578,16,615
1146118,18,427,0,445
1146119,26,460,3,489
1146120,28,593,22,643
1146121,21,559,11,591
1146122,7,170,6,183
1146123,27,290,3,320
1146124,10,283,15,308
1146125,14,277,9,300
1146126,30,404,27,461
1146127,28,534,35,597
1146128,10,312,13,335
1146129,37,408,24,469
1146130,27,351,16,394
1146131,6,407,3,416
1146132,6,270,49,325
1146133,0,6,0,6
1146134,20,380,12,412
1146135,11,209,5,225
1146136,27,453,28,508
1146137,14,519,43,576
1146138,106,380,31,517
1146139,26,510,33,569
1146140,22,219,13,254
1146141,23,517,15,555
1146201,52,642,195,889
1146202,30,410,21,461
1146203,18,345,4,367
1146204,19,457,19,495
1146205,16,447,6,469
1146206,45,543,127,715
1146207,32,594,18,644
1146208,9,354,15,378
1146209,21,255,0,276
1146210,7,172,7,186
1146211,0,138,6,144
1146212,6,169,9,184
1146213,21,353,9,383
1146214,26,432,29,487
1146215,0,0,0,0
1146216,25,762,93,880
1146217,16,347,38,401
1146218,14,224,18,256
1146219,18,533,36,587
1146220,15,286,21,322
1146221,0,247,6,253
1146222,17,672,20,709
1146223,25,470,40,535
1146224,54,619,31,704
1146225,95,477,23,595
1146226,9,175,15,199
1146227,18,334,41,393
1146228,37,511,15,563
1146229,21,503,3,527
1146230,12,234,16,262
1146231,14,465,15,494
1146232,6,182,14,202
1146233,15,475,22,512
1146234,4,347,9,360
1146235,16,455,12,483
1146236,29,568,9,606
1146237,13,262,4,279
1146238,11,342,13,366
1146239,21,510,13,544
1146301,4,135,12,151
1146302,4,241,6,251
1146303,10,381,11,402
1146304,10,285,12,307
1146305,4,390,14,408
1146306,7,340,18,365
1146307,11,447,12,470
1146308,29,571,41,641
1146309,25,408,23,456
1146310,11,359,3,373
1146311,9,208,12,229
1146312,7,434,9,450
1146313,12,252,18,282
1146314,37,243,6,286
1146315,9,445,6,460
1146316,9,179,12,200
1146317,0,190,40,230
1146318,22,274,14,310
1146319,6,234,0,240
1146401,14,275,12,301
1146402,21,234,19,274
1146403,32,344,36,412
1146404,52,306,37,395
1146405,34,493,57,584
1146406,14,187,42,243
1146407,18,435,33,486
1146408,10,559,18,587
1146409,31,455,10,496
1146410,20,240,46,306
1146411,26,361,33,420
1146412,26,267,23,316
1146413,120,261,73,454
1146414,27,554,32,613
1146415,18,274,19,311
1146416,7,159,65,231
1146417,17,156,6,179
1146418,8,330,22,360
1146419,28,395,25,448
1146420,14,327,35,376
1146421,60,332,57,449
1146422,7,183,3,193
1146423,4,312,27,343
1146424,140,206,9,355
1146425,14,282,13,309
1146426,0,12,3,15
1146427,0,6,0,6
1146428,0,9,0,9
1146429,13,356,28,397
1146430,68,534,17,619
1146431,15,449,12,476
1146432,19,445,38,502
1146433,21,302,27,350
1146501,30,510,15,555
1146502,0,4,0,4
1146503,0,0,0,0
1146504,9,548,35,592
1146505,12,352,0,364
1146506,12,644,15,671
1146507,6,415,15,436
1146508,15,297,3,315
1146509,6,190,4,200
1146510,15,324,23,362
1146511,20,443,26,489
1146512,27,332,18,377
1146513,9,283,20,312
1146514,10,329,44,383
1146601,28,486,21,535
1146602,9,155,6,170
1146603,6,348,17,371
1146604,18,446,31,495
1146605,12,420,18,450
1146606,59,142,3,204
1146607,0,108,7,115
1146608,9,200,15,224
1146609,24,451,60,535
1146610,114,257,12,383
1146611,16,409,19,444
1146612,12,417,28,457
1146613,25,449,29,503
1146614,20,455,27,502
1146615,21,435,24,480
1146616,20,449,13,482
1146617,15,533,10,558
1146618,136,127,14,277
1146619,24,412,34,470
1146620,36,436,36,508
1146621,34,298,15,347
1146622,23,363,26,412
1146623,26,424,24,474
1146624,12,163,15,190
1146625,19,323,12,354
1146626,9,289,12,310
1146627,29,609,15,653
1146628,15,377,27,419
1146629,29,431,42,502
1146630,8,238,6,252
1146631,15,535,13,563
1146632,6,268,15,289
1146633,21,448,24,493
1146701,0,18,3,21
1146702,13,382,11,406
1146703,18,251,22,291
1146704,15,213,12,240
1146705,0,0,0,0
1146706,0,0,0,0
1146707,12,444,10,466
1146708,0,9,0,9
1146709,14,242,25,281
1146710,23,396,29,448
1146711,13,262,18,293
1146712,14,270,15,299
1146713,15,284,20,319
1146714,13,293,6,312
1146715,17,508,27,552
1146716,21,377,18,416
1146717,12,243,21,276
1146718,9,454,12,475
1146719,4,210,9,223
1146720,7,196,16,219
1146721,35,400,28,463
1146722,10,308,3,321
1146723,13,202,26,241
1146724,3,308,12,323
1146725,34,408,12,454
1146726,29,397,17,443
1146727,18,326,15,359
1146728,15,218,6,239
1146729,0,186,9,195
1146730,21,507,16,544
1146731,12,401,28,441
1146732,6,271,26,303
1146733,18,330,18,366
1146734,49,249,31,329
1146735,12,381,3,396
1146736,18,388,6,412
1146737,12,400,20,432
1146738,17,450,35,502
1146739,14,523,6,543
1146740,12,383,21,416
1146741,15,512,23,550
1146742,16,392,16,424
1146743,15,259,21,295
1146744,15,526,27,568
1146745,12,353,12,377
1146801,16,419,19,454
1146802,21,460,35,516
1146803,13,490,21,524
1146804,6,213,23,242
1146805,16,329,10,355
1146806,0,191,14,205
1146807,14,340,19,373
1146808,0,0,667,667
1146809,0,0,0,0
1146810,12,238,9,259
1146811,22,327,36,385
1146812,21,174,18,213
1146813,13,252,0,265
1146814,13,261,3,277
1146815,7,362,19,388
1146816,9,377,12,398
1146817,18,356,24,398
1146818,10,455,0,465
1146819,19,401,36,456
1146901,21,423,12,456
1146902,14,408,17,439
1146903,9,266,35,310
1146904,10,260,6,276
1146905,3,310,6,319
1146906,9,431,31,471
1146907,0,9,0,9
1146908,0,0,0,0
1146909,9,467,21,497
1146910,0,175,4,179
1146911,6,471,36,513
1146912,7,290,0,297
1146913,9,320,27,356
1146914,12,210,15,237
1146915,9,410,9,428
1146916,6,379,15,400
1146917,0,169,22,191
1146918,21,415,9,445
1146919,8,397,20,425
1146920,7,395,18,420
1147001,8,332,13,353
1147002,13,373,7,393
1147003,13,573,9,595
1147004,12,302,3,317
1147005,18,594,21,633
1147006,29,624,18,671
1147007,22,649,15,686
1147008,17,464,15,496
1147009,17,385,10,412
1147010,15,571,42,628
1147011,12,390,12,414
1147012,12,418,15,445
1147013,23,556,39,618
1147014,12,237,6,255
1147015,11,415,3,429
1147016,16,436,30,482
1147017,19,482,29,530
1147018,13,293,22,328
1147019,19,516,22,557
1147020,14,494,14,522
1147021,16,487,12,515
1147022,15,363,13,391
1147023,17,503,6,526
1147024,4,586,18,608
1147025,20,673,49,742
1147026,12,429,12,453
1147027,0,238,22,260
1147028,4,327,20,351
1147029,17,452,17,486
1147030,6,443,45,494
1147031,15,401,6,422
1147032,19,474,14,507
1147033,16,337,23,376
1147034,14,428,9,451
1147035,14,353,12,379
1147036,13,451,17,481
1147037,8,393,5,406
1147038,9,278,15,302
1147039,15,352,10,377
1147040,13,364,9,386
1147041,19,750,39,808
1147042,12,321,0,333
1147101,23,415,45,483
1147102,24,293,21,338
1147103,21,215,7,243
1147104,26,298,14,338
1147105,21,336,19,376
1147106,14,404,9,427
1147107,23,450,10,483
1147108,27,477,20,524
1147109,12,260,24,296
1147110,12,355,27,394
1147111,18,385,16,419
1147112,19,423,10,452
1147113,15,502,22,539
1147114,21,494,31,546
1147115,39,527,22,588
1147116,18,332,29,379
1147117,33,294,6,333
1147118,18,368,24,410
1147119,21,516,24,561
1147120,18,513,18,549
1147121,21,538,14,573
1147122,11,567,21,599
1147123,19,391,31,441
1147124,96,527,87,710
1147125,38,560,24,622
1147126,19,291,18,328
1147127,20,376,32,428
1147128,30,462,41,533
1147129,37,314,36,387
1147130,26,359,55,440
1147131,18,273,15,306
1147132,24,434,36,494
1147133,30,411,41,482
1147134,31,459,82,572
1147135,15,402,59,476
1147136,33,246,84,363
1147137,32,372,12,416
1147138,40,415,38,493
1147139,37,646,42,725
1147140,15,306,11,332
1147141,22,417,42,481
1147142,41,678,30,749
1147143,24,412,39,475
1147144,0,0,0,0
1147145,0,0,0,0
1147146,0,0,0,0
1147147,28,580,48,656
1147148,15,416,28,459
1147149,26,538,15,579
1147150,28,431,21,480
1147151,29,385,31,445
1147152,28,417,12,457
1147153,20,511,42,573
1147154,0,0,0,0
1147155,35,578,106,719
1147156,19,427,63,509
1147157,50,465,60,575
1147201,12,281,39,332
1147202,30,316,33,379
1147203,15,359,49,423
1147204,17,199,32,248
1147205,25,486,71,582
1147206,18,586,98,702
1147207,8,390,56,454
1147208,24,366,37,427
1147209,27,552,64,643
1147210,20,442,33,495
1147211,20,238,35,293
1147212,17,308,33,358
1147213,18,364,58,440
1147214,20,385,86,491
1147215,42,410,49,501
1147216,35,454,23,512
1147217,16,290,40,346
1147218,34,440,23,497
1147219,6,226,39,271
1147220,31,390,24,445
1147221,29,489,27,545
1147222,19,195,27,241
1147223,37,405,66,508
1147224,12,262,24,298
1147225,45,416,38,499
1147226,34,506,14,554
1147227,3,710,37,750
1147228,118,413,48,579
1147229,15,355,21,391
1147230,26,317,46,389
1147231,0,0,0,0
1147232,0,6,0,6
1147233,24,428,15,467
1147234,15,328,12,355
1147235,0,0,0,0
1147236,28,495,25,548
1147237,0,3,0,3
1147238,30,497,25,552
1147239,41,404,51,496
1147240,29,412,26,467
1147241,30,452,40,522
1147242,19,174,20,213
1147243,28,436,41,505
1147244,12,282,5,299
1147245,21,424,21,466
1147246,106,278,35,419
1147247,23,502,43,568
1147248,13,392,18,423
1147249,20,407,90,517
1147250,8,961,251,1220
1147251,11,487,118,616
1147252,0,15,6,21
1147253,23,546,21,590
1147254,0,47,0,47
1147255,37,416,23,476
1147256,26,451,21,498
1147257,17,344,9,370
1147258,29,368,41,438
1147259,24,346,47,417
1147260,11,328,117,456
1147261,19,577,39,635
1147262,21,701,54,776
1147263,51,567,26,644
1147264,22,540,49,611
1147265,28,708,56,792
1147266,0,124,4,128
1147267,21,306,33,360
1147268,17,308,31,356
1147269,19,780,93,892
1147270,17,277,39,333
1147271,0,0,0,0
1147272,18,308,9,335
1147273,14,345,15,374
1147274,22,461,79,562
1147275,22,277,6,305
1147276,28,372,34,434
1147301,0,249,4,253
1147302,3,439,23,465
1147303,0,202,11,213
1147304,6,491,40,537
1147305,0,213,27,240
1147306,0,0,0,0
1147307,0,4,1345,1349
1147308,5,465,25,495
1147309,3,339,13,355
1147310,5,619,34,658
1147311,3,478,6,487
1147312,0,35,31,66
1147313,3,282,5,290
1147314,6,1066,157,1229
1147315,11,983,138,1132
1147316,9,311,82,402
1147317,0,6,0,6
1147318,6,330,55,391
1147319,0,346,33,379
1147320,3,265,0,268
1147321,9,329,27,365
1147322,4,499,26,529
1147323,20,590,50,660
1147324,18,489,24,531
1147401,27,604,81,712
1147402,0,0,0,0
1147403,0,0,0,0
1147404,0,0,0,0
1147405,10,336,26,372
1147406,34,377,20,431
1147407,0,259,23,282
1147408,10,176,17,203
1147409,3,21,0,24
1147410,22,241,31,294
1147411,23,340,12,375
1147412,29,380,28,437
1147413,27,466,46,539
1147414,36,496,42,574
1147415,36,342,38,416
1147416,8,293,15,316
1147417,21,272,27,320
1147418,10,298,30,338
1147419,9,297,24,330
1147420,21,392,67,480
1147421,18,385,57,460
1147422,15,394,52,461
1147423,21,333,30,384
1147424,28,388,29,445
1147425,19,289,4,312
1147426,3,268,26,297
1147427,20,266,30,316
1147428,18,331,8,357
1147429,0,0,0,0
1147430,23,357,3,383
1147431,28,446,45,519
1147432,11,302,16,329
1147433,28,479,15,522
1147434,20,545,20,585
1147435,22,529,33,584
1147436,41,350,35,426
1147437,33,610,21,664
1147438,13,300,15,328
1147439,19,266,30,315
1147440,0,0,0,0
1147441,18,532,16,566
1147442,22,440,49,511
1147443,3,279,9,291
1147444,9,297,3,309
1147445,58,1453,66,1577
1147446,22,528,29,579
1147447,18,389,39,446
1147448,21,624,50,695
1147449,31,548,16,595
1147450,10,388,29,427
1147451,17,314,29,360
1147452,17,337,34,388
1147453,0,155,3,158
1147454,3,219,27,249
1147455,36,375,27,438
1147456,0,0,0,0
1147457,22,580,60,662
1147458,105,735,24,864
1147459,23,542,66,631
1147460,27,338,18,383
1147461,37,482,42,561
1147462,26,320,13,359
1147463,22,289,10,321
1147464,0,194,43,237
1147465,12,266,10,288
1147466,19,477,7,503
1147467,12,285,27,324
1147468,13,367,30,410
1147469,8,271,15,294
1147470,17,463,18,498
1147471,18,291,22,331
1147472,16,230,13,259
1147473,15,281,10,306
1147474,17,296,27,340
1147475,15,309,22,346
1147476,21,298,12,331
1147501,0,7,0,7
1147601,4,260,0,264
1147602,15,371,12,398
1147603,22,419,250,691
1147604,5,422,13,440
1147605,8,382,9,399
1147606,8,366,20,394
1147607,12,328,9,349
1147608,18,513,6,537
1147609,11,431,15,457
1147610,15,442,18,475
1147611,9,341,18,368
1147612,26,509,22,557
1147613,4,264,41,309
1147614,16,451,10,477
1147615,21,590,6,617
1147616,0,290,6,296
1147617,11,476,16,503
1147618,7,318,13,338
1147619,17,433,13,463
1147620,6,312,3,321
1147621,3,315,4,322
1147622,12,416,3,431
1147623,19,523,24,566
1147624,6,730,39,775
1147625,18,499,9,526
1147626,15,479,18,512
1147627,12,239,9,260
1147628,18,447,8,473
1147629,9,351,27,387
1147630,12,381,21,414
1147631,16,442,24,482
1147632,9,403,7,419
1147633,6,533,40,579
1147634,12,318,12,342
1147635,13,465,11,489
1147636,6,305,6,317
1147637,12,538,15,565
1147638,21,367,15,403
1147639,3,369,12,384
1147640,10,348,7,365
1147641,9,352,7,368
1147642,20,607,9,636
1147643,14,336,10,360
1147644,13,423,6,442
1147645,15,374,6,395
1147646,15,483,9,507
1147647,12,310,21,343
1147648,15,407,13,435
1147649,7,499,15,521
1147650,10,346,8,364
1147651,14,264,12,290
1147652,12,494,6,512
1147653,17,540,6,563
1147654,10,260,6,276
1147655,15,520,17,552
1147656,42,338,13,393
1147701,6,436,28,470
1147702,0,0,0,0
1147703,6,207,3,216
1147704,9,251,3,263
1147705,166,3,0,169
1147706,23,503,13,539
1147707,3,307,3,313
1147708,6,297,3,306
1147709,18,240,17,275
1147710,21,273,9,303
1147711,15,401,16,432
1147712,9,213,9,231
1147713,19,334,10,363
1147714,11,355,29,395
1147715,41,493,35,569
1147716,26,231,14,271
1147717,47,499,48,594
1147718,30,610,20,660
1147719,20,392,15,427
1147720,4,405,18,427
1147721,0,14,0,14
1147722,30,316,33,379
1147723,0,0,0,0
1147724,19,330,60,409
1147725,16,396,11,423
1147726,13,413,24,450
1147727,12,464,12,488
1147728,12,283,6,301
1147729,11,469,21,501
1147730,0,4,0,4
1147731,10,196,0,206
1147732,15,285,18,318
1147733,30,304,10,344
1147734,27,519,28,574
1147735,17,236,12,265
1147736,22,347,9,378
1147737,0,509,14,523
1147738,12,297,16,325
1147739,0,8,0,8
1147740,15,551,19,585
1147741,15,491,7,513
1147742,21,435,13,469
1147743,8,359,41,408
1147744,26,508,63,597
1147745,13,493,15,521
1147746,6,420,18,444
1147747,22,373,25,420
1147748,20,372,20,412
1147749,95,359,33,487
1147750,97,544,12,653
1147751,23,210,18,251
1147752,25,286,24,335
1147801,4,453,58,515
1147802,13,311,33,357
1147803,32,250,34,316
1147804,47,242,37,326
1147805,22,344,53,419
1147806,85,443,79,607
1147807,21,293,15,329
1147808,21,282,18,321
1147809,9,307,23,339
1147810,7,439,24,470
1147811,6,364,17,387
1147812,13,241,9,263
1147813,15,459,12,486
1147814,14,356,21,391
1147815,4,377,36,417
1147816,18,518,21,557
1147817,7,327,28,362
1147818,11,325,15,351
1147819,30,501,24,555
1147820,12,195,9,216
1147821,3,263,35,301
1147822,10,272,24,306
1147823,4,342,12,358
1147824,39,524,12,575
1147825,22,724,29,775
1147826,43,437,17,497
1147827,13,344,9,366
1147828,34,372,9,415
1147829,12,465,39,516
1147830,10,471,25,506
1147831,10,370,15,395
1147832,12,297,9,318
1147833,12,233,17,262
1147834,11,435,3,449
1147835,6,262,3,271
1147836,12,465,3,480
1147837,14,428,38,480
1147838,22,463,41,526
1147901,75,460,19,554
1147902,30,497,23,550
1147903,31,498,24,553
1147904,26,389,16,431
1147905,18,268,18,304
1147906,18,361,7,386
1147907,40,528,7,575
1147908,26,439,9,474
1147909,0,3,0,3
1147910,14,264,22,300
1147911,23,477,31,531
1147912,51,407,6,464
1147913,22,576,18,616
1147914,20,309,15,344
1147915,36,335,41,412
1147916,21,289,33,343
1147917,0,0,0,0
1147918,21,469,6,496
1147919,29,385,22,436
1147920,82,471,31,584
1147921,26,373,34,433
1147922,21,252,10,283
1147923,25,509,34,568
1147924,43,590,57,690
1147925,38,515,18,571
1147926,30,472,11,513
1147927,25,431,18,474
1147928,0,0,0,0
1147929,12,167,15,194
1147930,40,537,21,598
1147931,62,318,14,394
1147932,26,270,24,320
1147933,21,181,6,208
1147934,22,404,25,451
1147935,0,0,368,368
1147936,0,3,0,3
1147937,0,4,0,4
1147938,0,0,0,0
1147939,20,235,5,260
1147940,31,456,24,511
1147941,40,355,13,408
1147942,21,529,11,561
1147943,23,442,22,487
1148001,29,520,55,604
1148002,22,231,12,265
1148003,36,263,47,346
1148004,56,457,27,540
1148005,24,330,24,378
1148006,39,470,24,533
1148007,26,359,23,408
1148008,34,484,31,549
1148009,34,326,3,363
1148010,29,411,36,476
1148011,8,253,16,277
1148012,8,358,23,389
1148013,37,565,56,658
1148014,18,241,9,268
1148015,45,560,14,619
1148016,83,570,37,690
1148017,131,302,9,442
1148018,0,5,5,10
1148019,22,359,26,407
1148020,44,599,26,669
1148021,18,159,9,186
1148022,103,313,10,426
1148023,26,301,21,348
1148024,92,466,30,588
1148025,32,433,38,503
1148026,45,471,40,556
1148027,43,321,42,406
1148028,40,443,21,504
1148029,21,353,27,401
1148030,21,396,28,445
1148031,92,395,75,562
1148032,42,543,16,601
1148101,3,394,16,413
1148102,21,243,21,285
1148103,45,658,54,757
1148104,15,444,59,518
1148105,20,267,21,308
1148106,25,462,39,526
1148107,8,282,18,308
1148108,20,446,40,506
1148109,45,312,25,382
1148110,25,357,37,419
1148111,29,388,47,464
1148112,25,580,38,643
1148113,23,515,18,556
1148114,21,325,59,405
1148115,17,298,28,343
1148116,13,276,39,328
1148117,18,322,29,369
1148118,13,285,0,298
1148119,15,432,65,512
1148120,24,312,13,349
1148121,20,244,18,282
1148122,15,467,43,525
1148123,26,384,39,449
1148124,51,494,22,567
1148125,25,441,173,639
1148126,28,399,53,480
1148127,24,358,32,414
1148128,27,300,30,357
1148129,15,423,76,514
1148130,18,320,94,432
1148131,32,517,76,625
1148132,21,267,30,318
1148133,0,0,0,0
1148134,0,0,0,0
1148135,9,202,13,224
1148136,21,363,24,408
1148137,30,429,15,474
1148138,25,398,49,472
1148139,29,401,28,458
1148140,28,388,24,440
1148141,21,319,39,379
1148142,28,265,28,321
1148143,0,0,0,0
1148144,0,0,0,0
1148145,26,417,39,482
1148146,18,256,9,283
1148201,12,799,31,842
1148202,0,536,6,542
1148203,0,48,0,48
1148204,10,764,11,785
1148205,18,261,10,289
1148206,10,332,4,346
1148207,0,0,0,0
1148208,0,329,6,335
1148209,18,376,20,414
1148210,9,273,7,289
1148211,51,391,12,454
1148212,23,599,6,628
1148213,15,300,6,321
1148214,32,400,21,453
1148215,20,587,20,627
1148216,31,448,23,502
1148217,15,304,8,327
1148218,22,236,6,264
1148219,29,504,13,546
1148220,16,414,6,436
1148221,19,457,12,488
1148222,18,277,12,307
1148223,14,329,20,363
1148224,12,503,29,544
1148225,15,366,27,408
1148226,18,492,15,525
1148227,6,245,6,257
1148228,18,420,22,460
1148229,18,259,0,277
1148230,39,506,38,583
1148231,14,290,22,326
1148232,9,258,11,278
1148233,10,250,4,264
1148234,14,282,6,302
1148235,7,176,16,199
1148236,15,500,19,534
1148237,107,379,10,496
1148238,10,256,9,275
1148239,12,387,9,408
1148240,18,271,15,304
1148241,15,297,16,328
1148242,14,288,4,306
1148243,9,287,3,299
1148244,9,414,12,435
1148245,18,408,16,442
1148246,22,368,21,411
1148247,22,530,6,558
1148248,18,466,4,488
1148249,16,515,16,547
1148250,17,425,18,460
1148251,15,276,15,306
1148252,24,414,12,450
1148253,12,210,10,232
1148254,86,256,18,360
1148255,12,310,30,352
1148256,14,734,44,792
1148257,6,178,3,187
1148258,24,434,19,477
1148301,34,313,27,374
1148302,25,489,37,551
1148303,21,221,41,283
1148304,49,411,25,485
1148305,21,542,24,587
1148306,0,4,0,4
1148307,22,274,31,327
1148308,19,303,30,352
1148309,14,249,16,279
1148310,35,340,30,405
1148311,39,398,82,519
1148312,36,336,41,413
1148313,15,315,56,386
1148314,56,518,77,651
1148315,50,711,66,827
1148316,23,215,55,293
1148317,29,420,25,474
1148318,15,326,104,445
1148319,15,278,18,311
1148320,18,339,21,378
1148321,26,369,107,502
1148322,99,532,23,654
1148323,25,326,15,366
1148324,38,478,37,553
1148325,36,461,19,516
1148326,7,224,20,251
1148327,4,190,10,204
1148328,18,311,15,344
1148329,51,455,63,569
1148330,56,427,70,553
1148331,43,440,28,511
1148332,33,551,26,610
1148333,35,475,29,539
1148334,0,3,9,12
1148335,29,404,12,445
1148336,39,325,29,393
1148337,29,387,37,453
1148338,44,317,56,417
1148339,34,395,47,476
1148340,50,464,70,584
1148341,23,336,26,385
1148342,39,571,42,652
1148401,40,569,21,630
1148402,18,441,23,482
1148403,34,629,56,719
1148404,22,390,33,445
1148405,24,404,44,472
1148406,25,608,76,709
1148407,23,359,14,396
1148408,33,420,23,476
1148409,158,337,41,536
1148410,30,396,37,463
1148411,13,266,21,300
1148412,15,317,24,356
1148413,35,499,71,605
1148414,11,373,41,425
1148415,21,344,63,428
1148416,35,367,33,435
1148417,9,204,7,220
1148418,0,0,0,0
1148419,22,411,65,498
1148420,15,508,18,541
1148421,74,451,31,556
1148422,13,245,17,275
1148423,27,456,30,513
1148424,24,325,41,390
1148425,21,361,31,413
1148426,11,329,27,367
1148427,24,459,3,486
1148428,12,397,21,430
1148429,16,373,19,408
1148430,22,444,20,486
1148431,27,367,35,429
1148432,43,422,15,480
1148433,21,349,27,397
1148434,19,378,21,418
1148435,33,397,41,471
1148436,20,317,25,362
1148437,48,560,39,647
1148438,19,347,15,381
1148439,9,333,9,351
1148440,22,420,60,502
1148441,30,419,37,486
1148442,33,564,40,637
1148501,16,400,9,425
1148502,14,428,15,457
1148503,21,490,66,577
1148504,25,445,42,512
1148505,25,426,15,466
1148506,19,284,13,316
1148507,36,341,23,400
1148508,35,348,59,442
1148509,26,424,35,485
1148510,23,364,17,404
1148511,35,431,20,486
1148512,33,509,34,576
1148513,19,396,25,440
1148514,32,456,30,518
1148515,9,246,23,278
1148516,40,472,42,554
1148517,21,404,9,434
1148518,30,384,12,426
1148519,23,450,30,503
1148520,13,344,22,379
1148521,40,452,9,501
1148522,25,480,3,508
1148523,21,263,34,318
1148524,17,337,63,417
1148525,19,273,19,311
1148526,24,668,129,821
1148527,17,187,18,222
1148528,26,367,47,440
1148529,24,370,55,449
1148530,21,364,21,406
1148531,32,401,24,457
1148532,30,456,13,499
1148533,33,454,18,505
1148534,16,307,19,342
1148535,26,449,37,512
1148536,35,454,26,515
1148537,34,310,12,356
1148538,38,521,12,571
1148539,24,375,27,426
1148540,15,328,44,387
1148541,11,480,51,542
1148542,31,510,34,575
1148543,7,367,28,402
1148544,21,340,31,392
1148545,8,327,40,375
1148546,5,333,30,368
1148547,20,510,102,632
1148548,9,222,59,290
1148549,10,434,82,526
1148550,13,408,45,466
1148551,40,438,34,512
1148552,24,342,12,378
1148553,26,399,23,448
1148554,19,322,17,358
1148555,12,239,24,275
1148556,24,399,35,458
1148557,8,275,36,319
1148558,17,316,88,421
1148601,0,6,0,6
1148701,0,9,0,9
1148801,12,227,12,251
1148802,12,524,21,557
1148803,8,409,30,447
1148804,29,469,53,551
1148805,24,472,40,536
1148806,20,204,16,240
1148807,19,368,25,412
1148808,16,317,6,339
1148809,33,471,30,534
1148810,9,305,18,332
1148811,33,554,15,602
1148812,0,3,0,3
1148813,14,356,37,407
1148814,14,350,31,395
1148815,19,530,9,558
1148816,8,301,11,320
1148817,29,605,19,653
1148818,12,278,44,334
1148819,8,281,12,301
1148820,13,235,14,262
1148821,14,325,18,357
1148822,35,358,22,415
1148823,33,500,21,554
1148824,47,466,22,535
1148825,9,379,40,428
1148826,12,411,44,467
1148827,22,449,43,514
1148828,31,490,34,555
1148829,7,220,3,230
1148830,33,525,19,577
1148831,30,401,15,446
1148832,19,473,3,495
1148833,4,340,18,362
1148834,45,576,25,646
1148835,18,238,10,266
1148836,23,406,40,469
1148837,19,310,31,360
1148838,21,422,20,463
1148839,23,533,58,614
1148840,60,196,13,269
1148841,20,314,24,358
1148842,10,280,0,290
1148843,89,262,25,376
1148844,16,403,51,470
1148845,10,475,96,581
1148846,6,211,13,230
1148847,11,376,23,410
1148848,28,463,49,540
1148849,14,303,43,360
1148850,49,306,173,528
1148851,20,387,30,437
1148852,24,431,64,519
1148853,22,558,35,615
1148854,12,190,22,224
1148855,9,325,26,360
1148856,7,244,7,258
1148857,19,356,24,399
1148858,9,355,19,383
1148859,17,286,24,327
1148860,15,372,25,412
1148861,18,356,52,426
1148862,15,186,36,237
1148901,4,496,41,541
1148902,13,478,34,525
1148903,9,347,13,369
1148904,8,623,43,674
1148905,14,197,20,231
1148906,0,333,31,364
1148907,44,252,51,347
1148908,4,251,11,266
1148909,6,243,10,259
1148910,6,379,38,423
1148911,18,407,69,494
1148912,6,258,43,307
1148913,12,467,41,520
1148914,57,66,429,552
1148915,24,429,22,475
1148916,39,439,35,513
1148917,148,218,33,399
1148918,0,245,6,251
1148919,15,393,29,437
1148920,21,546,33,600
1148921,9,346,31,386
1148922,18,439,59,516
1148923,11,391,107,509
1148924,17,286,24,327
1148925,12,301,27,340
1148926,25,451,49,525
1148927,0,487,6,493
1148928,13,415,53,481
1148929,12,282,24,318
1148930,6,221,24,251
1148931,12,346,34,392
1148932,0,307,28,335
1148933,16,260,24,300
1148934,20,305,40,365
1148935,18,294,28,340
1148936,6,234,6,246
1148937,148,321,21,490
1148938,9,281,6,296
1148939,14,235,18,267
1148940,11,282,28,321
1148941,20,548,76,644
1148942,12,315,46,373
1148943,0,269,14,283
1148944,21,453,28,502
1148945,14,338,9,361
1148946,15,592,39,646
1148947,9,312,18,339
1148948,156,172,12,340
1148949,37,183,21,241
1148950,21,447,36,504
1149001,18,497,6,521
1149002,9,453,15,477
1149003,12,283,12,307
1149004,8,346,11,365
1149005,9,251,15,275
1149006,24,404,9,437
1149007,8,483,9,500
1149008,3,336,12,351
1149009,11,446,12,469
1149010,9,327,7,343
1149011,15,292,18,325
1149012,23,298,0,321
1149013,10,398,30,438
1149014,9,321,12,342
1149015,15,492,7,514
1149016,12,475,18,505
1149017,124,464,12,600
1149018,21,519,4,544
1149101,3,309,0,312
1149102,12,401,19,432
1149103,18,448,15,481
1149104,0,9,0,9
1149105,7,421,12,440
1149106,15,1344,71,1430
1149107,6,682,38,726
1149108,0,634,32,666
1149109,174,497,86,757
1149110,49,136,16,201
1149111,18,509,30,557
1149112,4,352,47,403
1149113,12,330,13,355
1149114,5,428,32,465
1149115,12,551,8,571
1149116,126,549,33,708
1149117,4,432,6,442
1149118,15,456,25,496
1149119,3,388,8,399
1149120,44,384,21,449
1149121,21,345,7,373
1149122,19,319,0,338
1149123,12,368,25,405
1149124,11,350,17,378
1149125,25,348,6,379
1149126,15,343,6,364
1149127,0,0,0,0
1149128,9,347,15,371
1149129,15,557,27,599
1149130,7,369,13,389
1149131,23,729,36,788
1149132,26,1066,57,1149
1149133,20,524,18,562
1149134,9,263,6,278
1149135,51,497,56,604
1149201,93,490,69,652
1149202,12,313,18,343
1149203,12,394,39,445
1149204,9,1357,177,1543
1149205,6,281,23,310
1149206,0,157,26,183
1149207,12,349,39,400
1149208,5,398,23,426
1149209,0,0,0,0
1149210,0,9,0,9
1149211,12,530,236,778
1149212,12,330,86,428
1149213,18,353,73,444
1149214,18,298,20,336
1149215,20,405,31,456
1149216,19,234,28,281
1149217,21,436,30,487
1149218,12,297,30,339
1149219,16,522,62,600
1149220,4,455,38,497
1149221,4,380,53,437
1149222,6,207,27,240
1149223,62,267,32,361
1149224,30,251,28,309
1149225,16,321,33,370
1149226,8,210,13,231
1149227,25,389,43,457
1149228,0,505,94,599
1149229,15,445,19,479
1149230,6,385,20,411
1149231,4,354,30,388
1149232,8,493,84,585
1149233,22,393,21,436
1149234,18,529,122,669
1149235,7,692,102,801
1149236,3,371,43,417
1149237,6,395,63,464
1149238,10,393,28,431
1149239,3,175,20,198
1149240,5,305,48,358
1149241,10,378,54,442
1149242,22,600,53,675
1149243,21,348,26,395
1149244,25,373,29,427
1149245,12,293,21,326
1149246,7,322,57,386
1149247,15,393,35,443
1149248,18,492,78,588
1149249,18,463,82,563
1149250,6,363,48,417
1149251,9,381,40,430
1149301,6,306,9,321
1149302,12,440,7,459
1149303,44,427,16,487
1149304,18,426,19,463
1149305,15,405,12,432
1149306,15,456,30,501
1149307,21,530,24,575
1149308,93,453,132,678
1149309,15,423,12,450
1149310,10,328,9,347
1149311,80,275,16,371
1149312,21,540,36,597
1149313,28,386,21,435
1149314,12,323,16,351
1149315,18,523,12,553
1149316,9,338,3,350
1149317,30,428,18,476
1149318,10,248,12,270
1149319,0,6,0,6
1149320,24,491,15,530
1149321,9,369,16,394
1149322,15,363,49,427
1149323,12,382,12,406
1149324,25,454,23,502
1149325,25,383,10,418
1149326,15,323,7,345
1149327,13,216,4,233
1149328,21,274,6,301
1149329,28,347,12,387
1149330,12,299,27,338
1149331,26,405,16,447
1149332,15,411,6,432
1149333,21,326,18,365
1149334,18,390,6,414
1149335,18,535,15,568
1149336,39,441,25,505
1149337,12,422,18,452
1149338,30,413,18,461
1149339,13,454,18,485
1149340,18,520,58,596
1149341,25,517,9,551
1149342,35,473,16,524
1149343,9,253,14,276
1149344,24,608,51,683
1149345,20,639,70,729
1149346,22,377,6,405
1149347,18,424,0,442
1149401,0,372,4,376
1149402,3,256,36,295
1149403,18,367,9,394
1149404,5,490,3,498
1149405,13,441,6,460
1149406,15,261,6,282
1149407,13,423,12,448
1149408,8,597,18,623
1149409,10,425,6,441
1149410,15,369,21,405
1149411,19,394,14,427
1149412,7,315,9,331
1149413,11,342,21,374
1149414,0,227,23,250
1149415,6,301,3,310
1149416,106,250,78,434
1149417,15,457,6,478
1149418,9,381,4,394
1149419,6,292,3,301
1149420,18,404,6,428
1149421,29,448,20,497
1149422,7,322,9,338
1149423,16,351,10,377
1149424,14,403,24,441
1149425,15,485,12,512
1149426,8,228,3,239
1149501,3,407,12,422
1149502,14,348,7,369
1149503,5,531,8,544
1149504,0,363,13,376
1149505,12,421,18,451
1149506,6,558,28,592
1149507,12,317,27,356
1149508,12,527,64,603
1149509,3,445,15,463
1149510,15,554,21,590
1149511,16,623,17,656
1149512,6,356,6,368
1149513,13,479,21,513
1149514,15,401,3,419
1149515,9,422,20,451
1149516,12,358,0,370
1149517,6,426,11,443
1149518,9,475,12,496
1149519,9,349,15,373
1149520,15,344,3,362
1149521,5,328,6,339
1149522,12,331,0,343
1149523,7,525,12,544
1149524,11,542,22,575
1149525,5,342,15,362
1149526,17,438,18,473
1149527,10,369,3,382
1149528,20,438,8,466
1149529,10,436,13,459
1149530,20,463,27,510
1149531,18,459,28,505
1149532,9,386,12,407
1149533,12,355,9,376
1149534,7,488,0,495
1149535,5,249,15,269
1149536,0,262,15,277
1149537,6,324,6,336
1149538,10,281,6,297
1149539,12,527,5,544
1149540,10,379,7,396
1149541,9,349,9,367
1149542,14,571,19,604
1149543,10,325,0,335
1149544,5,359,9,373
1149545,0,301,6,307
1149546,7,514,19,540
1149547,9,177,15,201
1149548,3,240,4,247
1149549,3,219,3,225
1149550,15,347,5,367
1149551,21,324,12,357
1149552,9,370,9,388
1149553,10,352,17,379
1149554,9,416,3,428
1149555,6,239,9,254
1149556,14,220,3,237
1149557,4,237,4,245
1149558,3,151,0,154
1149601,6,415,6,427
1149602,24,235,26,285
1149603,12,320,3,335
1149604,6,359,12,377
1149605,9,225,3,237
1149606,6,337,0,343
1149607,4,301,10,315
1149608,24,439,9,472
1149609,20,312,3,335
1149610,15,403,12,430
1149611,0,0,0,0
1149612,7,0,0,7
1149613,5,249,6,260
1149614,4,473,12,489
1149615,6,440,15,461
1149616,3,270,3,276
1149617,40,404,15,459
1149618,37,613,29,679
1149619,14,345,6,365
1149620,12,331,12,355
1149621,9,447,6,462
1149622,16,562,0,578
1149623,21,406,5,432
1149624,6,470,7,483
1149625,3,261,13,277
1149626,3,217,15,235
1149627,15,593,21,629
1149628,51,543,27,621
1149629,165,275,12,452
1149630,15,422,0,437
1149631,4,435,8,447
1149632,15,459,12,486
1149633,15,394,10,419
1149634,3,356,7,366
1149635,13,471,3,487
1149636,6,275,0,281
1149637,6,413,6,425
1149638,3,425,4,432
1149639,6,236,0,242
1149640,0,378,13,391
1149641,7,432,18,457
1149642,9,419,3,431
1149643,6,392,9,407
1149644,0,353,12,365
1149645,6,249,9,264
1149646,12,431,15,458
1149647,19,575,7,601
1149648,15,343,12,370
1149649,9,289,6,304
1149650,0,264,9,273
1149701,8,448,33,489
1149702,17,408,12,437
1149703,12,401,16,429
1149704,15,491,6,512
1149705,10,501,10,521
1149706,20,524,98,642
1149707,5,406,47,458
1149708,22,413,27,462
1149709,9,234,0,243
1149710,15,354,17,386
1149711,16,385,20,421
1149712,20,410,33,463
1149713,9,437,24,470
1149714,3,220,9,232
1149715,9,367,6,382
1149716,17,374,0,391
1149717,13,721,20,754
1149718,24,252,27,303
1149719,30,361,15,406
1149720,21,460,41,522
1149721,6,371,59,436
1149722,9,390,18,417
1149723,42,248,17,307
1149724,18,442,0,460
1149725,23,506,20,549
1149726,14,486,24,524
1149727,20,315,12,347
1149728,9,409,18,436
1149729,27,485,21,533
1149730,12,417,33,462
1149731,14,399,6,419
1149732,12,347,15,374
1149733,12,296,3,311
1149734,25,419,6,450
1149735,16,426,32,474
1149736,9,404,21,434
1149737,30,541,34,605
1149738,17,409,0,426
1149739,21,516,12,549
1149740,19,359,5,383
1149741,9,314,0,323
1149742,23,462,9,494
1149743,21,490,16,527
1149744,6,395,6,407
1149745,21,452,16,489
1149746,12,233,6,251
1149747,6,326,19,351
1149748,3,214,3,220
1149749,14,188,0,202
1149750,25,472,11,508
1149751,9,508,20,537
1149752,19,306,30,355
1149753,3,267,14,284
1149754,3,219,25,247
1149801,132,230,21,383
1149802,9,476,34,519
1149803,13,434,9,456
1149804,10,291,13,314
1149805,6,424,6,436
1149806,12,431,24,467
1149807,9,339,4,352
1149808,3,123,9,135
1149809,9,352,15,376
1149810,4,691,40,735
1149811,0,81,0,81
1149812,39,425,8,472
1149813,25,480,7,512
1149814,4,383,21,408
1149815,4,215,16,235
1149816,17,398,6,421
1149817,19,454,27,500
1149818,3,372,21,396
1149819,9,375,15,399
1149820,14,424,13,451
1149821,10,259,9,278
1149822,8,291,6,305
1149823,16,208,8,232
1149824,9,407,28,444
1149825,10,288,9,307
1149826,15,357,9,381
1149827,5,348,6,359
1149828,12,305,7,324
1149829,18,410,12,440
1149830,12,432,16,460
1149831,24,450,17,491
1149832,3,240,0,243
1149833,23,438,28,489
1149834,18,308,27,353
1149835,8,254,6,268
1149901,10,338,11,359
1149902,13,411,35,459
1149903,6,381,23,410
1149904,13,505,31,549
1149905,71,301,15,387
1149906,9,360,9,378
1149907,15,439,3,457
1149908,0,540,20,560
1149909,8,287,6,301
1149910,18,381,6,405
1149911,20,513,8,541
1149912,6,434,21,461
1149913,192,277,21,490
1149914,25,260,24,309
1149915,26,348,33,407
1149916,13,374,15,402
1149917,6,188,9,203
1149918,8,402,10,420
1149919,4,455,33,492
1149920,12,337,9,358
1149921,15,278,6,299
1149922,6,449,16,471
1149923,9,238,21,268
1149924,69,336,18,423
1150001,0,19,0,19
1150002,0,12,0,12
1150003,11,524,32,567
1150004,3,353,19,375
1150005,3,219,6,228
1150006,13,586,13,612
1150007,15,587,32,634
1150008,3,166,8,177
1150009,0,569,17,586
1150010,16,476,18,510
1150011,37,638,6,681
1150012,23,293,9,325
1150013,6,662,21,689
1150014,3,343,14,360
1150015,0,523,35,558
1150016,7,312,23,342
1150017,6,548,30,584
1150018,9,602,29,640
1150019,6,539,14,559
1150020,6,314,23,343
1150021,270,202,23,495
1150022,0,328,31,359
1150023,25,317,15,357
1150024,0,411,175,586
1150025,25,411,16,452
1150026,50,390,44,484
1150027,17,479,28,524
1150028,4,463,23,490
1150029,3,315,27,345
1150030,18,290,7,315
1150031,10,428,26,464
1150032,6,307,22,335
1150033,9,632,72,713
1150034,3,318,18,339
1150035,8,170,6,184
1150036,22,503,23,548
1150037,0,352,16,368
1150038,81,348,17,446
1150039,14,358,27,399
1150040,67,289,30,386
1150041,26,375,32,433
1150042,14,220,18,252
1150043,14,351,37,402
1150101,23,438,7,468
1150102,19,461,11,491
1150103,0,266,16,282
1150104,31,495,16,542
1150105,21,523,17,561
1150106,14,354,21,389
1150107,10,524,34,568
1150108,24,271,7,302
1150109,29,425,14,468
1150110,53,446,38,537
1150111,15,393,9,417
1150112,74,188,6,268
1150113,23,382,12,417
1150114,0,0,0,0
1150115,25,515,28,568
1150116,10,408,12,430
1150117,15,288,15,318
1150118,15,319,21,355
1150119,117,62,48,227
1150120,3,218,4,225
1150121,10,335,35,380
1150122,5,370,7,382
1150123,22,495,59,576
1150124,19,373,7,399
1150125,0,0,0,0
1150126,0,213,21,234
1150127,0,27,19,46
1150128,9,457,21,487
1150129,3,298,0,301
1150130,18,344,18,380
1150131,22,438,15,475
1150132,30,453,8,491
1150201,15,416,12,443
1150202,67,260,17,344
1150203,34,524,26,584
1150204,22,467,25,514
1150205,8,387,18,413
1150206,7,328,9,344
1150207,17,422,14,453
1150208,26,275,10,311
1150209,16,280,10,306
1150210,18,278,13,309
1150211,19,464,22,505
1150212,22,444,16,482
1150213,13,372,26,411
1150214,10,452,54,516
1150215,41,560,17,618
1150216,17,252,5,274
1150217,9,289,9,307
1150218,26,318,12,356
1150219,11,268,4,283
1150220,13,416,16,445
1150221,17,338,12,367
1150222,10,327,22,359
1150223,21,319,0,340
1150224,104,142,10,256
1150225,43,292,7,342
1150226,6,378,14,398
1150227,14,528,11,553
1150228,23,429,9,461
1150229,9,299,16,324
1150230,5,445,41,491
1150231,12,403,33,448
1150232,26,463,33,522
1150233,10,228,8,246
1150234,30,500,23,553
1150235,66,356,12,434
1150236,15,364,12,391
1150237,12,481,4,497
1150238,11,570,30,611
1150239,28,547,0,575
1150240,10,442,10,462
1150241,25,451,36,512
1150242,38,413,23,474
1150243,3,362,15,380
1150244,15,442,8,465
1150245,21,611,27,659
1150246,30,504,15,549
1150247,29,568,15,612
1150248,12,470,35,517
1150249,12,354,19,385
1150250,22,413,21,456
1150251,19,340,7,366
1150252,24,534,12,570
1150253,55,1309,113,1477
1150254,49,400,12,461
1150255,16,296,7,319
1150256,25,476,24,525
1150257,18,507,18,543
1150301,3,109,3,115
1150302,4,297,32,333
1150303,13,389,21,423
1150304,12,419,7,438
1150305,12,305,15,332
1150306,12,454,18,484
1150307,15,595,30,640
1150308,21,416,21,458
1150309,25,501,22,548
1150310,10,410,27,447
1150311,22,409,12,443
1150312,23,446,24,493
1150313,13,230,9,252
1150314,13,637,58,708
1150315,7,518,46,571
1150316,14,287,3,304
1150317,68,165,13,246
1150318,9,264,18,291
1150319,10,576,38,624
1150320,10,429,25,464
1150321,0,154,3,157
1150322,15,307,16,338
1150323,17,462,10,489
1150324,20,534,26,580
1150325,6,194,0,200
1150326,29,411,18,458
1150327,17,440,13,470
1150328,6,477,25,508
1150329,0,0,0,0
1150330,9,385,37,431
1150331,0,270,42,312
1150332,18,1286,96,1400
1150333,12,484,14,510
1150334,13,458,21,492
1150335,15,449,53,517
1150336,17,465,30,512
1150337,55,491,39,585
1150338,12,393,24,429
1150401,51,513,42,606
1150402,20,289,36,345
1150403,23,357,52,432
1150404,22,265,20,307
1150405,17,196,26,239
1150406,27,556,61,644
1150407,32,299,30,361
1150408,27,307,64,398
1150409,30,311,18,359
1150410,27,265,57,349
1150411,42,401,50,493
1150412,42,321,69,432
1150413,41,366,54,461
1150414,42,300,21,363
1150415,31,315,28,374
1150416,39,178,40,257
1150417,41,366,19,426
1150418,42,405,27,474
1150419,22,332,22,376
1150420,31,350,36,417
1150421,38,269,18,325
1150422,69,462,46,577
1150423,23,374,52,449
1150424,72,580,57,709
1150425,62,354,27,443
1150426,34,294,12,340
1150427,12,256,80,348
1150428,45,411,126,582
1150429,36,426,91,553
1150430,29,320,54,403
1150431,0,3,0,3
1150432,12,192,18,222
1150433,29,278,34,341
1150434,20,371,51,442
1150435,20,158,30,208
1150436,24,181,9,214
1150437,28,220,29,277
1150438,53,587,71,711
1150439,42,464,37,543
1150440,17,285,15,317
1150441,31,447,37,515
1150501,28,387,72,487
1150502,12,336,36,384
1150503,190,215,25,430
1150504,30,529,34,593
1150505,33,490,31,554
1150506,17,284,7,308
1150507,13,205,21,239
1150508,9,288,34,331
1150509,24,491,38,553
1150510,27,413,47,487
1150511,28,495,43,566
1150512,24,311,18,353
1150513,21,379,32,432
1150514,14,293,31,338
1150515,20,369,64,453
1150516,24,442,31,497
1150517,6,233,39,278
1150518,24,442,74,540
1150519,26,609,56,691
1150520,9,680,62,751
1150521,6,318,27,351
1150522,7,245,18,270
1150601,12,329,37,378
1150602,0,175,21,196
1150603,15,350,17,382
1150604,28,450,59,537
1150605,25,632,25,682
1150606,25,275,31,331
1150607,21,203,11,235
1150608,9,89,3,101
1150609,19,338,18,375
1150610,11,286,10,307
1150611,24,308,63,395
1150612,18,292,37,347
1150613,18,263,33,314
1150614,10,289,18,317
1150615,15,244,57,316
1150616,10,304,32,346
1150617,18,296,54,368
1150618,27,428,38,493
1150701,33,582,14,629
1150702,7,273,15,295
1150703,16,437,24,477
1150704,28,404,27,459
1150705,0,152,6,158
1150706,3,213,9,225
1150707,0,0,0,0
1150708,15,340,3,358
1150709,23,304,6,333
1150710,19,529,19,567
1150711,15,239,3,257
1150712,14,286,14,314
1150713,21,499,48,568
1150714,30,491,27,548
1150715,32,444,0,476
1150716,12,502,9,523
1150717,14,374,18,406
1150718,15,504,26,545
1150719,34,450,8,492
1150720,18,357,17,392
1150721,18,561,17,596
1150722,19,305,0,324
1150723,27,378,19,424
1150724,29,526,18,573
1150725,15,481,3,499
1150726,15,314,22,351
1150727,22,478,52,552
1150728,18,366,28,412
1150729,16,584,10,610
1150730,3,118,3,124
1150731,10,262,3,275
1150732,15,253,9,277
1150733,18,230,11,259
1150734,18,278,15,311
1150735,3,409,31,443
1150736,9,380,32,421
1150737,6,277,20,303
1150738,10,211,4,225
1150739,23,433,13,469
1150740,14,406,35,455
1150741,24,398,21,443
1150742,13,320,3,336
1150743,10,268,9,287
1150744,8,247,0,255
1150745,55,455,42,552
1150746,9,257,28,294
1150747,30,456,29,515
1150748,22,544,24,590
1150749,12,330,9,351
1150750,23,454,27,504
1150751,15,348,10,373
1150752,26,494,32,552
1150753,26,448,25,499
1150754,14,398,10,422
1150755,11,395,13,419
1150756,7,271,0,278
1150757,9,278,6,293
1150758,18,459,15,492
1150759,16,435,22,473
1150760,24,257,14,295
1150761,27,434,28,489
1150762,15,289,0,304
1150763,19,328,10,357
1150764,16,346,7,369
1150765,36,611,21,668
1150766,21,279,32,332
1150767,9,438,20,467
1150768,15,284,7,306
1150769,10,292,13,315
1150770,18,614,35,667
1150771,15,295,15,325
1150801,18,381,17,416
1150802,32,771,19,822
1150803,26,710,31,767
1150804,10,269,8,287
1150805,21,491,39,551
1150806,21,474,24,519
1150807,35,535,18,588
1150808,15,474,10,499
1150809,24,447,21,492
1150810,13,438,16,467
1150811,18,522,13,553
1150812,21,637,15,673
1150813,17,560,20,597
1150814,25,481,9,515
1150815,4,251,14,269
1150816,15,301,21,337
1150817,13,342,4,359
1150818,6,338,3,347
1150819,30,475,9,514
1150820,14,478,35,527
1150821,19,424,28,471
1150822,11,256,10,277
1150823,9,377,14,400
1150824,19,368,45,432
1150825,13,305,19,337
1150826,26,426,27,479
1150827,10,410,26,446
1150828,12,575,32,619
1150829,15,414,24,453
1150830,17,352,18,387
1150831,12,392,21,425
1150832,27,889,56,972
1150833,6,442,14,462
1150834,17,418,32,467
1150835,7,245,15,267
1150836,16,486,0,502
1150837,6,315,3,324
1150838,12,324,15,351
1150839,9,418,18,445
1150901,18,196,9,223
1150902,37,570,20,627
1150903,19,436,9,464
1150904,26,400,5,431
1150905,21,394,7,422
1150906,19,464,18,501
1150907,33,459,25,517
1150908,28,455,16,499
1150909,39,646,36,721
1150910,40,452,21,513
1150911,21,431,19,471
1150912,19,397,23,439
1150913,43,447,47,537
1150914,16,355,16,387
1150915,33,557,17,607
1150916,15,286,4,305
1150917,26,296,14,336
1150918,21,290,24,335
1150919,30,500,8,538
1150920,38,544,20,602
1150921,18,283,24,325
1150922,21,369,18,408
1150923,17,326,12,355
1150924,17,312,18,347
1150925,23,450,3,476
1150926,9,218,15,242
1150927,36,281,10,327
1150928,0,24,0,24
1150929,24,374,34,432
1150930,21,309,30,360
1150931,36,299,13,348
1150932,39,301,18,358
1150933,30,393,30,453
1150934,13,195,32,240
1150935,65,367,44,476
1150936,81,444,64,589
1151001,33,433,27,493
1151002,11,283,15,309
1151003,13,285,15,313
1151004,111,388,12,511
1151005,24,477,16,517
1151006,29,520,11,560
1151007,27,439,4,470
1151008,33,297,12,342
1151009,17,368,18,403
1151010,5,231,3,239
1151011,25,269,19,313
1151012,19,282,15,316
1151013,24,305,0,329
1151014,24,422,22,468
1151015,25,265,6,296
1151016,45,337,15,397
1151017,25,423,12,460
1151018,28,439,7,474
1151019,35,457,20,512
1151020,6,205,3,214
1151021,14,316,21,351
1151022,14,283,16,313
1151023,0,0,0,0
1151024,28,404,24,456
1151025,3,0,0,3
1151026,16,269,6,291
1151027,82,257,12,351
1151028,6,161,3,170
1151029,21,313,9,343
1151030,31,455,14,500
1151031,31,443,28,502
1151032,29,323,6,358
1151033,47,480,25,552
1151034,21,373,16,410
1151035,26,251,9,286
1151036,39,521,33,593
1151037,27,403,4,434
1151038,18,300,9,327
1151039,12,327,15,354
1151040,11,273,18,302
1151041,15,266,3,284
1151042,8,354,0,362
1151043,6,215,9,230
1151044,13,464,16,493
1151045,13,529,13,555
1151046,27,380,6,413
1151047,15,386,30,431
1151048,21,360,9,390
1151049,10,256,4,270
1151101,38,427,29,494
1151102,0,12,0,12
1151103,13,371,25,409
1151104,23,257,40,320
1151105,19,175,12,206
1151106,30,418,41,489
1151107,140,337,23,500
1151108,29,434,31,494
1151109,9,143,11,163
1151110,23,409,19,451
1151111,52,450,47,549
1151112,31,498,16,545
1151113,17,430,43,490
1151114,15,382,41,438
1151115,35,459,21,515
1151116,37,339,51,427
1151117,36,454,42,532
1151118,27,476,48,551
1151119,20,334,20,374
1151120,16,298,18,332
1151121,23,243,31,297
1151122,30,542,57,629
1151123,8,290,41,339
1151124,0,236,42,278
1151125,12,297,27,336
1151126,19,337,9,365
1151127,30,419,37,486
1151128,166,411,61,638
1151129,20,307,29,356
1151130,35,484,77,596
1151131,0,166,39,205
1151132,21,334,41,396
1151133,9,135,24,168
1151134,30,429,33,492
1151135,26,448,32,506
1151136,26,585,51,662
1151137,34,500,27,561
1151138,13,374,14,401
1151139,46,431,24,501
1151140,12,209,19,240
1151141,35,567,34,636
1151142,19,210,24,253
1151143,30,452,22,504
1151144,19,403,32,454
1151145,16,241,15,272
1151146,28,302,33,363
1151147,14,334,22,370
1151148,37,381,40,458
1151149,35,422,31,488
1151150,44,521,23,588
1151151,9,216,9,234
1151152,41,331,32,404
1151153,14,228,35,277
1151154,26,460,30,516
1151155,33,446,43,522
1151156,20,235,19,274
1151201,20,206,63,289
1151202,19,322,36,377
1151203,12,256,35,303
1151204,49,542,4,595
1151205,25,372,26,423
1151206,27,365,26,418
1151207,12,266,30,308
1151208,4,177,25,206
1151209,21,349,16,386
1151210,26,336,38,400
1151211,45,521,20,586
1151212,24,392,26,442
1151213,19,411,25,455
1151214,14,306,12,332
1151215,26,394,28,448
1151216,39,398,32,469
1151217,24,254,42,320
1151218,29,451,70,550
1151219,24,300,27,351
1151220,37,543,36,616
1151221,29,417,21,467
1151222,27,354,31,412
1151223,17,440,18,475
1151224,30,291,21,342
1151225,21,350,18,389
1151226,21,412,23,456
1151227,25,365,36,426
1151228,27,393,18,438
1151229,38,492,37,567
1151230,26,428,27,481
1151231,28,385,21,434
1151232,29,453,25,507
1151233,42,389,66,497
1151234,35,379,35,449
1151235,35,455,10,500
1151236,32,270,20,322
1151237,30,335,37,402
1151301,27,374,32,433
1151302,13,226,8,247
1151303,9,177,9,195
1151304,29,335,25,389
1151305,18,232,6,256
1151306,23,421,17,461
1151307,18,383,27,428
1151308,37,509,36,582
1151309,33,463,17,513
1151310,25,380,26,431
1151311,35,426,22,483
1151312,27,275,23,325
1151313,25,359,16,400
1151314,25,455,6,486
1151315,24,417,23,464
1151316,14,456,30,500
1151317,11,196,25,232
1151318,12,412,15,439
1151319,13,334,23,370
1151320,35,433,28,496
1151321,18,239,18,275
1151322,18,443,52,513
1151323,24,364,21,409
1151324,139,270,36,445
1151325,20,323,15,358
1151326,37,481,23,541
1151327,5,243,14,262
1151328,13,308,19,340
1151329,10,189,8,207
1151330,14,233,15,262
1151331,28,427,30,485
1151332,25,373,43,441
1151333,37,290,17,344
1151334,33,350,19,402
1151335,30,541,30,601
1151336,35,480,12,527
1151337,40,501,33,574
1151338,46,471,27,544
1151339,29,361,51,441
1151340,21,282,62,365
1151341,12,323,18,353
1151342,40,709,37,786
1151343,22,406,20,448
1151344,42,373,34,449
1151345,19,335,9,363
1151346,12,186,9,207
1151347,15,232,4,251
1151348,16,247,11,274
1151401,18,217,15,250
1151402,16,384,11,411
1151403,21,431,18,470
1151404,6,205,9,220
1151405,34,498,12,544
1151406,28,428,15,471
1151407,30,578,23,631
1151408,20,351,15,386
1151409,12,266,0,278
1151410,17,466,18,501
1151411,23,228,29,280
1151412,18,473,14,505
1151413,38,420,6,464
1151414,42,472,13,527
1151415,21,353,27,401
1151416,28,435,30,493
1151417,31,556,18,605
1151418,26,419,12,457
1151419,16,307,27,350
1151420,21,383,12,416
1151421,15,342,22,379
1151422,18,367,16,401
1151501,21,299,6,326
1151502,30,360,8,398
1151503,11,237,4,252
1151504,53,462,30,545
1151505,29,300,9,338
1151506,25,237,25,287
1151507,41,297,46,384
1151508,20,168,17,205
1151509,46,439,21,506
1151510,6,252,19,277
1151511,29,261,27,317
1151512,45,525,69,639
1151513,21,183,6,210
1151514,25,268,9,302
1151515,33,430,17,480
1151516,85,317,26,428
1151517,50,512,24,586
1151518,23,224,11,258
1151519,26,275,24,325
1151520,44,428,27,499
1151521,34,279,8,321
1151522,17,291,18,326
1151523,45,341,8,394
1151524,32,255,14,301
1151525,43,247,12,302
1151526,41,283,18,342
1151527,49,292,8,349
1151528,65,333,24,422
1151529,28,323,27,378
1151530,33,223,17,273
1151531,60,387,20,467
1151532,38,415,21,474
1151533,53,376,20,449
1151534,41,636,34,711
1151535,28,282,20,330
1151536,35,318,12,365
1151537,20,253,24,297
1151538,28,328,24,380
1151539,15,243,0,258
1151540,32,218,20,270
1151541,32,514,11,557
1151542,34,272,10,316
1151543,42,424,7,473
1151544,46,466,19,531
1151601,26,350,21,397
1151602,14,391,15,420
1151603,33,576,34,643
1151604,33,384,15,432
1151605,37,535,13,585
1151606,32,301,28,361
1151607,38,460,28,526
1151608,34,478,9,521
1151609,30,326,44,400
1151610,42,403,17,462
1151611,27,408,35,470
1151612,44,474,25,543
1151613,28,409,27,464
1151614,49,523,37,609
1151615,47,431,17,495
1151616,46,349,15,410
1151617,18,277,25,320
1151618,35,389,12,436
1151619,26,520,25,571
1151620,25,358,6,389
1151621,18,495,35,548
1151622,39,460,15,514
1151623,43,434,35,512
1151624,40,444,15,499
1151625,32,478,60,570
1151626,35,468,47,550
1151627,33,443,31,507
1151628,14,384,19,417
1151629,18,267,0,285
1151630,36,303,36,375
1151631,44,394,28,466
1151632,42,240,9,291
1151633,36,374,4,414
1151634,43,426,33,502
1151635,45,483,41,569
1151636,21,155,9,185
1151637,13,306,5,324
1151638,21,390,26,437
1151701,15,321,12,348
1151702,25,355,18,398
1151703,23,240,3,266
1151704,37,499,11,547
1151705,31,427,9,467
1151706,7,312,10,329
1151707,20,285,12,317
1151708,22,368,42,432
1151709,30,447,25,502
1151710,20,329,16,365
1151711,29,445,10,484
1151712,68,605,27,700
1151713,24,332,9,365
1151714,21,306,6,333
1151715,21,359,9,389
1151716,0,0,0,0
1151717,25,450,16,491
1151718,30,238,9,277
1151719,16,266,12,294
1151720,18,205,6,229
1151721,21,206,7,234
1151801,18,340,55,413
1151802,24,413,87,524
1151803,15,364,12,391
1151804,22,261,31,314
1151805,30,408,23,461
1151806,7,317,7,331
1151807,10,269,20,299
1151808,62,240,21,323
1151809,18,159,20,197
1151810,6,248,24,278
1151811,15,404,30,449
1151812,25,298,21,344
1151901,48,394,15,457
1151902,33,408,8,449
1151903,9,351,18,378
1151904,28,495,24,547
1151905,39,564,24,627
1151906,31,421,13,465
1151907,18,281,26,325
1151908,19,166,12,197
1151909,26,401,25,452
1151910,9,280,11,300
1151911,11,231,15,257
1151912,32,575,39,646
1151913,18,282,38,338
1151914,46,457,48,551
1151915,132,337,51,520
1151916,24,232,32,288
1151917,38,328,0,366
1151918,26,360,24,410
1151919,74,647,65,786
1151920,50,570,42,662
1151921,24,347,11,382
1151922,18,186,12,216
1151923,28,552,24,604
1151924,30,276,6,312
1151925,30,583,23,636
1151926,28,323,6,357
1151927,23,253,30,306
1151928,39,428,29,496
1151929,33,365,9,407
1151930,44,424,19,487
1151931,14,240,12,266
1151932,17,302,33,352
1151933,30,463,34,527
1151934,30,364,27,421
1151935,22,229,21,272
1151936,25,311,30,366
1151937,43,392,51,486
1151938,35,497,37,569
1151939,30,443,47,520
1151940,0,8,0,8
1152001,32,394,15,441
1152002,37,476,31,544
1152003,24,331,3,358
1152004,22,479,11,512
1152005,18,285,9,312
1152006,15,247,6,268
1152007,22,254,15,291
1152008,26,313,25,364
1152009,157,384,9,550
1152010,34,399,12,445
1152011,19,406,18,443
1152012,19,281,3,303
1152013,16,239,0,255
1152014,25,303,8,336
1152015,10,299,15,324
1152016,18,307,21,346
1152017,45,466,18,529
1152018,22,318,0,340
1152019,38,371,12,421
1152020,15,512,13,540
1152021,38,500,24,562
1152022,43,441,23,507
1152023,31,326,9,366
1152024,45,594,9,648
1152025,34,310,9,353
1152026,20,244,3,267
1152101,0,21,0,21
1152201,27,476,36,539
1152202,39,402,47,488
1152203,0,0,0,0
1152204,17,510,13,540
1152205,0,3,0,3
1152206,35,454,27,516
1152207,19,381,22,422
1152208,30,395,24,449
1152209,34,279,28,341
1152210,26,480,32,538
1152211,28,635,7,670
1152212,3,343,15,361
1152213,7,259,11,277
1152214,20,376,25,421
1152215,35,358,12,405
1152216,21,301,44,366
1152217,21,281,26,328
1152218,22,387,38,447
1152219,62,450,118,630
1152220,4,271,53,328
1152221,12,213,9,234
1152222,15,362,34,411
1152223,40,431,36,507
1152224,33,356,54,443
1152225,22,473,65,560
1152226,21,610,27,658
1152227,12,293,21,326
1152228,12,401,6,419
1152229,19,301,32,352
1152230,29,423,31,483
1152231,10,221,30,261
1152232,14,298,11,323
1152233,27,567,12,606
1152234,21,276,88,385
1152235,12,194,17,223
1152236,27,365,39,431
1152301,0,0,0,0
1152302,18,380,9,407
1152303,28,783,21,832
1152304,29,534,30,593
1152305,13,386,13,412
1152306,25,386,44,455
1152307,0,0,0,0
1152308,3,173,6,182
1152309,0,0,0,0
1152310,14,369,30,413
1152311,36,528,53,617
1152312,18,415,33,466
1152313,18,282,11,311
1152314,14,393,25,432
1152315,18,268,4,290
1152316,23,505,41,569
1152317,15,267,23,305
1152318,13,398,15,426
1152319,21,444,18,483
1152320,6,419,10,435
1152321,30,571,18,619
1152322,16,347,17,380
1152323,9,278,32,319
1152324,11,298,40,349
1152325,0,3,0,3
1152326,15,473,20,508
1152327,26,419,26,471
1152328,21,362,4,387
1152329,10,528,19,557
1152330,7,218,13,238
1152331,15,379,24,418
1152332,9,316,14,339
1152333,0,0,0,0
1152334,12,329,18,359
1152335,76,285,36,397
1152336,18,407,18,443
1152337,3,224,22,249
1152338,13,316,12,341
1152339,16,285,20,321
1152340,0,303,16,319
1152341,9,86,18,113
1152342,0,3,0,3
1152343,8,532,4,544
1152344,9,306,20,335
1152401,9,296,0,305
1152402,4,325,4,333
1152403,9,196,9,214
1152404,9,493,12,514
1152405,12,432,12,456
1152406,8,355,12,375
1152407,8,372,27,407
1152408,7,329,7,343
1152409,12,354,11,377
1152410,3,268,12,283
1152411,7,299,10,316
1152412,7,597,16,620
1152413,21,519,18,558
1152414,10,291,0,301
1152415,11,299,17,327
1152416,4,323,0,327
1152417,21,384,18,423
1152418,18,588,6,612
1152419,9,516,20,545
1152420,6,282,6,294
1152421,3,501,33,537
1152422,27,328,31,386
1152423,5,506,9,520
1152424,3,331,8,342
1152425,8,453,18,479
1152426,17,354,41,412
1152427,18,539,53,610
1152428,16,395,9,420
1152429,25,361,17,403
1152430,21,406,18,445
1152431,0,0,0,0
1152432,4,272,3,279
1152433,9,265,15,289
1152434,3,368,16,387
1152435,9,561,24,594
1152436,10,279,7,296
1152437,0,110,0,110
1152438,3,588,14,605
1152439,3,274,21,298
1152440,30,671,31,732
1152441,8,343,22,373
1152442,0,4,0,4
1152443,3,299,9,311
1152444,6,297,6,309
1152445,9,389,6,404
1152446,12,222,13,247
1152447,13,421,0,434
1152448,10,492,10,512
1152449,281,279,24,584
1152450,4,286,6,296
1152501,33,261,15,309
1152502,24,205,32,261
1152503,71,307,61,439
1152504,28,465,36,529
1152505,29,279,24,332
1152506,35,404,88,527
1152507,52,429,33,514
1152508,35,327,15,377
1152509,56,492,59,607
1152510,51,479,66,596
1152511,55,272,45,372
1152512,17,404,7,428
1152513,22,421,101,544
1152514,43,374,87,504
1152515,30,322,55,407
1152516,33,409,89,531
1152517,40,386,54,480
1152518,73,829,170,1072
1152519,29,240,16,285
1152520,37,373,108,518
1152521,50,432,34,516
1152522,72,477,23,572
1152523,30,425,23,478
1152524,38,371,34,443
1152525,47,404,23,474
1152526,38,399,33,470
1152527,12,261,60,333
1152528,46,469,91,606
1152529,60,375,61,496
1152530,49,419,74,542
1152531,26,422,42,490
1152532,24,251,16,291
1152533,27,354,41,422
1152534,23,254,36,313
1152535,57,371,68,496
1152536,50,383,51,484
1152537,32,310,38,380
1152538,35,284,24,343
1152539,44,456,10,510
1152540,59,185,132,376
1152541,38,452,27,517
1152542,0,7,0,7
1152543,19,231,67,317
1152544,33,261,76,370
1152545,16,299,35,350
1152546,40,567,55,662
1152547,37,399,54,490
1152548,19,414,30,463
1152549,39,457,81,577
1152550,0,15,0,15
1152551,18,177,38,233
1152552,25,194,44,263
1152553,27,545,86,658
1152554,22,477,76,575
1152555,30,512,24,566
1152556,43,433,100,576
1152557,7,229,23,259
1152558,16,471,37,524
1152559,27,323,176,526
1152560,27,347,47,421
1152561,0,0,0,0
1152562,34,395,116,545
1152563,13,425,104,542
1152564,30,372,43,445
1152601,10,456,18,484
1152602,8,299,12,319
1152603,47,421,57,525
1152604,32,226,27,285
1152605,25,330,41,396
1152606,7,234,21,262
1152607,7,411,6,424
1152608,8,210,6,224
1152609,6,309,6,321
1152610,17,594,10,621
1152611,15,339,26,380
1152612,33,479,30,542
1152613,25,404,36,465
1152614,28,399,9,436
1152615,15,384,3,402
1152616,19,493,14,526
1152617,3,185,3,191
1152618,17,507,8,532
1152619,9,377,13,399
1152620,6,61,11,78
1152621,0,13,3,16
1152622,51,328,35,414
1152623,29,242,10,281
1152624,42,318,36,396
1152625,41,403,46,490
1152626,56,564,53,673
1152627,31,347,35,413
1152628,30,367,21,418
1152629,41,380,29,450
1152630,29,350,18,397
1152631,23,372,14,409
1152632,20,420,25,465
1152633,41,644,4,689
1152634,43,412,27,482
1152635,24,222,16,262
1152636,32,393,24,449
1152637,54,316,37,407
1152638,32,457,18,507
1152639,39,281,24,344
1152640,40,400,6,446
1152641,18,633,23,674
1152642,23,361,15,399
1152643,12,164,3,179
1152644,11,465,24,500
1152645,3,237,28,268
1152646,20,686,58,764
1152647,10,481,21,512
1152648,26,363,37,426
1152649,10,302,6,318
1152650,8,665,27,700
1152651,9,281,9,299
1152652,6,477,9,492
1152653,24,766,36,826
1152654,10,496,27,533
1152655,24,729,41,794
1152656,18,440,13,471
1152657,14,422,15,451
1152658,73,479,23,575
1152659,13,281,9,303
1152701,3,239,15,257
1152702,20,387,22,429
1152703,25,405,8,438
1152704,0,327,30,357
1152705,3,271,6,280
1152706,20,605,61,686
1152707,12,536,49,597
1152708,15,444,26,485
1152709,15,317,7,339
1152710,39,356,15,410
1152711,23,456,26,505
1152712,6,405,8,419
1152713,16,291,4,311
1152714,15,388,8,411
1152715,0,0,0,0
1152716,13,544,10,567
1152717,0,10,0,10
1152718,6,290,32,328
1152719,8,304,10,322
1152720,30,363,18,411
1152721,6,260,6,272
1152722,10,469,16,495
1152723,9,244,6,259
1152724,7,278,0,285
1152725,13,533,7,553
1152726,17,341,0,358
1152727,13,366,12,391
1152728,9,342,9,360
1152729,23,401,9,433
1152730,20,414,0,434
1152731,6,381,0,387
1152732,8,362,4,374
1152733,12,567,13,592
1152734,15,397,24,436
1152735,6,407,9,422
1152736,9,437,14,460
1152737,16,382,27,425
1152738,16,404,9,429
1152739,9,282,4,295
1152740,3,376,28,407
1152741,24,369,3,396
1152742,13,456,19,488
1152743,12,374,8,394
1152744,3,377,8,388
1152745,9,321,12,342
1152746,6,366,0,372
1152747,14,435,6,455
1152748,3,353,7,363
1152749,6,495,18,519
1152750,15,344,6,365
1152751,19,312,9,340
1152752,23,403,24,450
1152753,6,446,49,501
1152754,12,407,15,434
1152755,15,320,12,347
1152756,13,481,12,506
1152757,33,489,39,561
1152758,62,377,8,447
1152759,6,425,18,449
1152760,17,434,19,470
1152761,12,194,12,218
1152762,21,389,21,431
1152763,4,202,12,218
1152764,18,419,69,506
1152801,6,282,16,304
1152802,4,187,0,191
1152803,7,296,19,322
1152804,17,397,34,448
1152805,21,484,24,529
1152806,0,0,0,0
1152807,9,308,24,341
1152808,3,272,16,291
1152809,3,218,3,224
1152810,0,271,8,279
1152811,9,245,9,263
1152812,4,246,12,262
1152813,10,302,4,316
1152814,0,0,0,0
1152815,0,0,0,0
1152816,0,0,0,0
1152817,3,288,6,297
1152818,6,213,6,225
1152819,10,367,15,392
1152820,12,223,0,235
1152821,5,618,33,656
1152822,16,511,33,560
1152823,14,358,34,406
1152824,12,434,62,508
1152825,6,333,16,355
1152826,13,356,14,383
1152827,11,421,9,441
1152828,12,283,0,295
1152829,15,347,3,365
1152830,8,303,17,328
1152831,7,335,14,356
1152832,0,206,15,221
1152833,12,386,18,416
1152834,25,333,7,365
1152835,4,151,7,162
1152836,0,216,6,222
1152837,9,276,6,291
1152838,10,277,10,297
1152839,9,396,27,432
1152840,59,366,16,441
1152841,3,281,4,288
1152842,7,450,35,492
1152843,13,335,10,358
1152844,3,382,9,394
1152845,14,305,0,319
1152846,14,521,4,539
1152847,9,286,17,312
1152848,9,296,9,314
1152849,0,0,0,0
1152850,7,440,15,462
1152851,11,384,3,398
1152852,3,355,25,383
1152853,6,446,39,491
1152854,9,490,43,542
1152855,3,288,47,338
1152856,11,712,51,774
1152857,12,520,33,565
1152858,12,307,6,325
1152859,11,543,17,571
1152860,6,305,14,325
1152861,0,0,0,0
1152862,0,0,0,0
1152863,12,346,16,374
1152864,7,461,12,480
1152865,7,238,8,253
1152866,7,313,12,332
1152867,18,295,9,322
1152868,19,439,4,462
1152869,15,522,15,552
1152870,4,350,13,367
1152871,14,386,26,426
1152872,18,377,15,410
1152873,0,259,15,274
1152874,45,480,20,545
1152875,12,302,29,343
1152876,18,331,19,368
1152877,21,455,15,491
1152878,9,359,21,389
1152879,18,260,13,291
1152880,3,308,26,337
1152881,28,491,57,576
1152882,6,368,18,392
1152883,0,153,25,178
1152884,0,361,16,377
1152901,7,328,6,341
1152902,9,412,13,434
1152903,6,431,6,443
1152904,6,507,20,533
1152905,9,385,11,405
1152906,5,410,12,427
1152907,0,308,7,315
1152908,6,659,10,675
1152909,9,324,6,339
1152910,0,328,13,341
1152911,6,401,7,414
1152912,13,537,12,562
1152913,16,274,9,299
1152914,11,372,6,389
1152915,6,270,4,280
1152916,0,346,0,346
1152917,7,408,21,436
1152918,20,366,7,393
1152919,21,457,0,478
1152920,13,283,31,327
1152921,17,405,29,451
1152922,7,394,19,420
1152923,6,328,15,349
1152924,7,328,9,344
1152925,12,419,15,446
1152926,9,441,13,463
1152927,15,426,14,455
1152928,13,378,16,407
1152929,11,416,10,437
1152930,7,421,10,438
1152931,15,443,15,473
1152932,6,493,15,514
1152933,50,262,9,321
1152934,15,479,15,509
1152935,7,476,3,486
1152936,12,381,18,411
1152937,6,412,0,418
1152938,6,422,24,452
1152939,0,290,0,290
1152940,9,535,6,550
1153001,22,414,22,458
1153002,9,371,27,407
1153003,3,444,25,472
1153004,15,258,76,349
1153005,12,294,28,334
1153006,29,438,30,497
1153007,13,357,9,379
1153008,20,543,7,570
1153009,6,255,6,267
1153010,8,491,14,513
1153011,9,430,10,449
1153012,40,459,45,544
1153013,14,259,15,288
1153014,11,415,37,463
1153015,9,289,11,309
1153016,25,407,10,442
1153017,8,259,27,294
1153018,9,394,18,421
1153019,46,353,12,411
1153020,6,138,3,147
1153021,7,324,49,380
1153022,29,457,6,492
1153023,8,476,30,514
1153024,21,392,11,424
1153025,18,382,15,415
1153026,80,324,62,466
1153027,25,378,49,452
1153028,18,479,6,503
1153029,23,536,26,585
1153030,9,221,17,247
1153031,6,505,64,575
1153032,24,461,32,517
1153033,11,299,11,321
1153034,18,474,26,518
1153035,13,331,20,364
1153036,29,566,21,616
1153037,24,464,21,509
1153038,9,573,28,610
1153039,58,529,32,619
1153040,10,404,38,452
1153101,0,0,0,0
1153102,0,0,0,0
1153103,12,355,13,380
1153104,12,192,6,210
1153105,28,554,47,629
1153106,18,333,32,383
1153107,22,330,17,369
1153108,14,262,16,292
1153109,21,381,52,454
1153110,18,533,26,577
1153111,19,356,30,405
1153112,106,308,17,431
1153113,12,502,18,532
1153114,10,402,16,428
1153115,15,565,12,592
1153116,14,468,16,498
1153117,19,505,15,539
1153118,21,403,12,436
1153119,9,261,6,276
1153120,4,390,9,403
1153121,22,404,12,438
1153122,26,467,12,505
1153123,152,539,43,734
1153124,12,357,6,375
1153125,10,362,9,381
1153126,6,365,24,395
1153127,14,368,25,407
1153128,17,282,10,309
1153129,13,272,15,300
1153130,19,394,0,413
1153131,18,395,27,440
1153132,8,279,0,287
1153133,80,292,6,378
1153134,32,408,22,462
1153135,13,377,17,407
1153136,18,468,83,569
1153137,12,437,33,482
1153201,4,345,9,358
1153202,23,548,12,583
1153203,3,343,21,367
1153204,16,392,10,418
1153205,7,446,18,471
1153206,12,321,12,345
1153207,4,413,9,426
1153208,0,4,0,4
1153209,14,409,4,427
1153210,0,4,0,4
1153211,3,193,3,199
1153212,6,229,0,235
1153213,10,225,13,248
1153214,26,497,43,566
1153215,9,187,15,211
1153216,12,349,4,365
1153217,7,316,12,335
1153218,22,427,0,449
1153219,3,306,12,321
1153220,9,503,12,524
1153221,12,502,23,537
1153222,8,233,10,251
1153223,18,408,14,440
1153224,6,324,46,376
1153225,15,617,3,635
1153226,9,498,3,510
1153227,6,247,6,259
1153228,9,428,14,451
1153229,0,0,0,0
1153230,15,342,10,367
1153231,9,442,10,461
1153232,3,454,3,460
1153233,0,0,0,0
1153234,15,559,11,585
1153235,26,451,19,496
1153236,24,538,3,565
1153237,10,237,0,247
1153238,9,498,15,522
1153239,12,586,5,603
1153240,0,390,12,402
1153241,4,380,14,398
1153242,9,426,0,435
1153243,21,594,12,627
1153244,12,448,3,463
1153245,12,418,9,439
1153246,12,456,3,471
1153247,23,567,15,605
1153248,9,419,21,449
1153249,3,594,24,621
1153250,12,469,4,485
1153251,7,418,18,443
1153252,10,571,17,598
1153253,6,407,10,423
1153254,3,306,15,324
1153255,7,403,6,416
1153256,6,242,6,254
1153257,15,495,15,525
1153258,7,349,6,362
1153259,6,389,9,404
1153260,12,269,4,285
1153261,10,483,12,505
1153262,12,500,15,527
1153263,6,471,5,482
1153264,6,418,9,433
1153265,3,380,6,389
1153266,16,627,4,647
1153267,3,322,4,329
1153268,3,355,4,362
1153301,9,238,0,247
1153302,12,346,4,362
1153303,14,443,5,462
1153304,0,12,0,12
1153305,8,463,12,483
1153306,185,432,16,633
1153307,6,196,6,208
1153308,18,552,10,580
1153309,15,541,21,577
1153310,12,246,12,270
1153311,0,266,3,269
1153312,13,352,12,377
1153313,9,231,6,246
1153314,15,389,9,413
1153315,10,322,15,347
1153316,5,353,13,371
1153317,9,255,6,270
1153318,17,311,6,334
1153401,6,328,3,337
1153402,0,0,0,0
1153403,4,338,0,342
1153404,15,409,12,436
1153405,6,369,10,385
1153406,6,448,36,490
1153407,6,257,22,285
1153408,15,497,30,542
1153409,5,475,13,493
1153410,9,202,6,217
1153411,5,261,0,266
1153412,9,384,18,411
1153413,3,222,14,239
1153414,13,515,18,546
1153415,12,366,3,381
1153416,6,422,10,438
1153417,0,3,0,3
1153418,127,214,3,344
1153419,6,435,11,452
1153420,10,444,10,464
1153421,0,0,0,0
1153422,9,227,7,243
1153423,9,421,12,442
1153424,10,563,6,579
1153425,6,307,12,325
1153426,12,269,3,284
1153427,3,233,9,245
1153428,9,222,0,231
1153429,10,277,0,287
1153430,6,260,0,266
1153431,6,272,6,284
1153432,5,356,7,368
1153501,12,345,6,363
1153502,12,469,9,490
1153503,8,386,21,415
1153504,6,421,15,442
1153505,0,8,0,8
1153506,10,578,3,591
1153507,5,425,8,438
1153508,11,317,18,346
1153509,9,350,0,359
1153510,13,331,6,350
1153511,4,260,0,264
1153512,9,435,16,460
1153513,15,544,9,568
1153514,29,388,5,422
1153515,20,393,16,429
1153516,0,0,0,0
1153517,0,0,0,0
1153518,6,341,9,356
1153519,8,559,13,580
1153520,15,170,13,198
1153521,12,352,12,376
1153522,24,558,13,595
1153523,12,369,3,384
1153524,17,261,6,284
1153525,11,531,5,547
1153526,6,448,6,460
1153527,9,283,3,295
1153528,9,308,15,332
1153529,10,499,45,554
1153530,6,425,21,452
1153531,3,221,7,231
1153532,6,545,7,558
1153533,4,171,6,181
1153534,10,472,16,498
1153535,12,385,22,419
1153536,6,457,9,472
1153537,0,0,0,0
1153538,9,286,29,324
1153539,100,151,7,258
1153540,6,212,0,218
1153541,10,369,6,385
1153542,9,395,24,428
1153543,15,471,6,492
1153544,4,345,18,367
1153545,9,352,9,370
1153546,6,207,22,235
1153547,15,477,23,515
1153548,0,271,7,278
1153549,0,334,9,343
1153550,8,385,9,402
1153551,17,337,5,359
1153552,9,323,9,341
1153553,6,367,6,379
1153554,21,488,18,527
1153555,0,359,12,371
1153556,15,391,46,452
1153557,10,269,4,283
1153601,3,185,12,200
1153602,9,310,15,334
1153603,8,300,29,337
1153604,14,327,6,347
1153605,8,336,8,352
1153606,21,380,33,434
1153607,21,321,3,345
1153608,10,258,8,276
1153609,12,408,5,425
1153610,18,550,7,575
1153611,9,446,16,471
1153612,3,228,9,240
1153613,9,277,9,295
1153614,0,348,17,365
1153615,3,175,15,193
1153616,4,360,11,375
1153617,18,556,33,607
1153618,29,502,58,589
1153619,19,326,10,355
1153620,10,562,21,593
1153621,18,455,21,494
1153622,14,574,31,619
1153623,15,330,9,354
1153624,8,536,9,553
1153625,5,462,16,483
1153626,7,386,17,410
1153627,6,268,11,285
1153628,3,324,31,358
1153629,3,299,6,308
1153630,6,340,15,361
1153631,12,552,15,579
1153632,4,395,10,409
1153633,12,447,5,464
1153634,10,422,16,448
1153635,21,270,12,303
1153636,12,308,8,328
1153637,12,442,15,469
1153638,13,486,21,520
1153639,9,396,4,409
1153640,11,373,3,387
1153641,6,374,28,408
1153642,18,477,21,516
1153643,134,504,38,676
1153644,17,520,28,565
1153645,10,466,14,490
1153646,10,361,24,395
1153647,9,492,24,525
1153648,9,322,9,340
1153649,12,446,33,491
1153701,0,21,0,21
1153801,6,381,9,396
1153802,8,270,4,282
1153803,11,428,15,454
1153804,9,254,16,279
1153805,0,4,0,4
1153806,43,320,3,366
1153807,0,3,0,3
1153808,6,362,4,372
1153809,9,392,33,434
1153810,4,312,13,329
1153811,0,0,0,0
1153812,5,306,23,334
1153813,30,375,19,424
1153814,14,281,6,301
1153815,21,414,20,455
1153816,65,238,18,321
1153817,17,453,22,492
1153818,0,15,0,15
1153819,0,0,0,0
1153820,3,255,27,285
1153821,12,360,18,390
1153822,8,270,9,287
1153823,13,447,6,466
1153824,0,3,0,3
1153825,19,309,17,345
1153826,4,428,26,458
1153827,16,325,11,352
1153828,18,375,30,423
1153829,7,260,26,293
1153830,11,281,6,298
1153831,10,515,9,534
1153832,16,490,34,540
1153833,29,330,24,383
1153834,9,313,9,331
1153835,68,320,97,485
1153836,84,480,31,595
1153837,38,574,21,633
1153838,13,430,15,458
1153839,6,285,9,300
1153840,9,187,21,217
1153841,21,397,30,448
1153842,9,215,12,236
1153843,19,602,81,702
1153844,13,455,20,488
1153845,11,499,91,601
1153846,9,378,25,412
1153847,27,599,43,669
1153848,9,347,27,383
1153849,12,321,10,343
1153850,9,394,23,426
1153851,36,209,30,275
1153852,4,320,36,360
1153853,9,629,37,675
1949999,679,9546,2691,12916
1979991,0,0,0,0
1979992,0,0,0,0
1979993,6,100,8,114
2100101,24,408,13,445
2100102,69,165,0,234
2100103,24,602,20,646
2100104,21,809,13,843
2100105,7,263,15,285
2100106,36,572,21,629
2100107,31,314,38,383
2100108,30,404,15,449
2100109,34,458,22,514
2100110,19,495,7,521
2100111,10,355,10,375
2100112,10,458,19,487
2100113,6,372,6,384
2100114,22,445,10,477
2100115,17,475,15,507
2100116,22,1037,51,1110
2100117,0,60,3,63
2100201,17,528,9,554
2100202,21,322,8,351
2100203,18,411,7,436
2100204,18,291,15,324
2100205,31,474,44,549
2100206,3,464,9,476
2100207,22,358,4,384
2100208,26,479,24,529
2100209,0,0,0,0
2100210,0,0,0,0
2100211,18,453,6,477
2100212,20,253,29,302
2100213,96,347,4,447
2100214,23,364,23,410
2100215,27,469,24,520
2100216,15,379,0,394
2100217,0,301,17,318
2100218,16,334,12,362
2100219,0,165,15,180
2100220,9,243,8,260
2100221,13,212,44,269
2100222,15,445,16,476
2100223,121,412,33,566
2100224,24,423,14,461
2100225,11,214,27,252
2100226,12,200,27,239
2100227,15,306,23,344
2100228,20,232,18,270
2100229,12,301,18,331
2100230,27,318,9,354
2100231,12,377,19,408
2100232,24,284,9,317
2100233,10,326,5,341
2100234,10,153,9,172
2100301,12,171,9,192
2100302,16,324,22,362
2100303,9,280,9,298
2100304,15,317,33,365
2100305,39,505,48,592
2100306,12,214,9,235
2100307,16,270,16,302
2100308,16,377,12,405
2100309,27,506,12,545
2100310,30,432,21,483
2100311,9,422,21,452
2100312,16,564,18,598
2100313,12,489,0,501
2100314,27,438,3,468
2100315,21,504,21,546
2100316,110,470,19,599
2100317,6,389,21,416
2100318,26,479,33,538
2100319,48,332,39,419
2100320,29,349,24,402
2100321,15,376,20,411
2100322,30,568,18,616
2100323,4,293,16,313
2100324,14,328,20,362
2100325,37,281,18,336
2100326,15,630,15,660
2100327,12,694,11,717
2100328,29,498,9,536
2100329,15,625,19,659
2100330,21,536,44,601
2100331,25,458,18,501
2100332,12,432,24,468
2100333,20,651,24,695
2100334,31,409,18,458
2100335,44,480,15,539
2100336,0,0,0,0
2100337,4,393,15,412
2100338,19,166,0,185
2100339,10,202,33,245
2100340,31,468,33,532
2100341,11,264,10,285
2100342,15,495,15,525
2100343,9,270,3,282
2100344,123,267,14,404
2100345,6,344,12,362
2100346,16,292,12,320
2100347,21,358,14,393
2100348,21,236,12,269
2100349,45,405,30,480
2100350,15,298,12,325
2100351,102,308,20,430
2100401,26,472,30,528
2100402,75,439,58,572
2100403,35,883,51,969
2100404,15,358,5,378
2100405,38,583,53,674
2100406,9,250,9,268
2100407,24,439,29,492
2100408,19,452,31,502
2100409,10,386,24,420
2100410,14,341,35,390
2100411,16,396,20,432
2100412,32,569,42,643
2100413,0,3,0,3
2100414,18,239,12,269
2100415,6,294,6,306
2100416,39,433,9,481
2100417,15,426,30,471
2100418,15,239,21,275
2100419,32,580,10,622
2100420,34,499,38,571
2100421,21,413,37,471
2100422,25,442,7,474
2100423,6,222,17,245
2100424,43,429,14,486
2100425,39,477,29,545
2100426,19,367,18,404
2100427,21,322,43,386
2100428,37,339,18,394
2100429,14,320,0,334
2100430,32,432,27,491
2100431,24,383,25,432
2100432,56,374,21,451
2100433,34,304,26,364
2100434,45,454,49,548
2100435,43,271,38,352
2100436,36,477,29,542
2100437,27,326,44,397
2100438,53,558,61,672
2100439,42,480,50,572
2100440,20,357,12,389
2100441,47,544,43,634
2100442,17,333,23,373
2100443,3,55,0,58
2100444,17,302,9,328
2100445,32,548,32,612
2100446,17,270,36,323
2100447,28,384,13,425
2100448,28,275,36,339
2100449,111,151,20,282
2100450,12,736,27,775
2100451,16,413,7,436
2100501,6,325,6,337
2100502,14,636,21,671
2100503,23,726,21,770
2100504,25,451,13,489
2100505,0,299,25,324
2100506,3,532,15,550
2100507,13,346,7,366
2100508,15,358,14,387
2100509,9,224,3,236
2100510,0,274,40,314
2100511,6,279,3,288
2100512,12,278,0,290
2100513,6,311,31,348
2100514,0,167,6,173
2100515,10,344,15,369
2100516,9,332,7,348
2100517,12,309,6,327
2100601,43,387,50,480
2100602,16,394,38,448
2100603,9,346,21,376
2100604,6,348,23,377
2100605,17,548,9,574
2100606,18,348,3,369
2100607,18,235,7,260
2100608,4,177,4,185
2100609,81,790,33,904
2100610,26,392,20,438
2100611,25,344,18,387
2100612,32,472,18,522
2100613,19,236,47,302
2100614,9,110,9,128
2100701,10,411,35,456
2100702,17,321,13,351
2100703,14,298,53,365
2100704,29,399,6,434
2100705,23,408,0,431
2100706,22,468,18,508
2100707,12,446,48,506
2100708,12,363,12,387
2100709,16,324,12,352
2100801,30,243,42,315
2100802,13,191,12,216
2100803,22,495,23,540
2100804,24,316,21,361
2100805,50,279,25,354
2100806,36,399,25,460
2100807,32,318,14,364
2100808,0,0,3,3
2100809,27,470,18,515
2100810,25,436,42,503
2100811,7,222,3,232
2100812,24,291,10,325
2100813,16,277,11,304
2100814,0,0,0,0
2100815,36,298,33,367
2100816,0,297,16,313
2100817,9,239,15,263
2100818,12,409,15,436
2100819,45,1426,34,1505
2100820,18,381,36,435
2100821,20,411,16,447
2100822,17,248,15,280
2100823,39,506,37,582
2100824,179,336,39,554
2100825,12,328,19,359
2100826,44,400,25,469
2100827,30,439,30,499
2100828,32,328,21,381
2100829,24,251,5,280
2100830,30,364,9,403
2100831,17,351,18,386
2100832,58,427,68,553
2100833,38,508,21,567
2100834,22,262,15,299
2100835,6,328,9,343
2100901,30,487,17,534
2100902,3,258,6,267
2100903,12,381,19,412
2100904,6,205,12,223
2100905,13,242,42,297
2100906,12,240,0,252
2100907,6,335,11,352
2100908,9,285,17,311
2100909,6,337,8,351
2100910,3,265,14,282
2100911,0,262,3,265
2100912,17,287,22,326
2100913,44,250,15,309
2100914,11,189,17,217
2100915,25,243,15,283
2100916,22,326,36,384
2100917,7,449,18,474
2101001,15,350,16,381
2101002,26,427,12,465
2101003,22,268,18,308
2101004,21,252,10,283
2101005,104,146,9,259
2101006,16,411,7,434
2101007,8,335,7,350
2101008,18,383,7,408
2101009,5,198,5,208
2101010,19,248,31,298
2101011,12,281,4,297
2101012,35,379,29,443
2101013,25,331,17,373
2101014,19,253,10,282
2101015,9,308,3,320
2101016,18,248,15,281
2101017,15,272,9,296
2101018,8,340,6,354
2101019,46,472,35,553
2101020,40,511,16,567
2101021,18,226,15,259
2101101,18,388,15,421
2101102,6,160,12,178
2101103,7,261,15,283
2101104,12,208,12,232
2101105,10,218,22,250
2101106,20,379,9,408
2101107,6,412,37,455
2101108,17,207,15,239
2101109,36,244,26,306
2101110,10,280,9,299
2101111,14,264,7,285
2101112,24,459,34,517
2101113,15,424,20,459
2101114,12,283,21,316
2101115,57,394,27,478
2101116,14,308,22,344
2101117,5,291,30,326
2101118,12,277,15,304
2101119,12,282,18,312
2101120,12,283,29,324
2101121,6,291,3,300
2101122,9,352,32,393
2101123,10,293,16,319
2101124,5,211,27,243
2101125,13,363,21,397
2101201,15,294,17,326
2101202,9,150,12,171
2101203,21,372,7,400
2101204,21,215,6,242
2101205,18,327,13,358
2101206,12,255,3,270
2101207,3,245,9,257
2101208,9,245,9,263
2101209,18,315,30,363
2101210,18,362,30,410
2101211,17,351,15,383
2101212,9,188,19,216
2101213,6,292,30,328
2101214,29,337,11,377
2101215,5,206,12,223
2101216,21,335,23,379
2101217,21,426,19,466
2101301,36,406,17,459
2101302,5,215,7,227
2101303,24,261,0,285
2101304,33,362,24,419
2101305,23,377,10,410
2101306,48,220,17,285
2101307,17,205,15,237
2101308,32,401,23,456
2101309,21,238,4,263
2101310,27,207,24,258
2101401,23,348,33,404
2101402,40,233,4,277
2101403,15,368,18,401
2101404,22,365,18,405
2101405,7,234,9,250
2101406,24,249,123,396
2101407,24,254,15,293
2101408,24,364,21,409
2101409,18,204,12,234
2101410,6,145,0,151
2101411,24,250,16,290
2101412,20,265,22,307
2101413,0,9,0,9
2101501,25,492,18,535
2101502,13,262,23,298
2101503,8,320,28,356
2101504,17,205,4,226
2101505,40,361,19,420
2101506,27,324,9,360
2101507,29,414,50,493
2101508,18,215,7,240
2101509,21,365,6,392
2101510,3,197,3,203
2101511,10,223,9,242
2101512,10,268,7,285
2101601,8,179,15,202
2101602,53,445,41,539
2101603,39,324,20,383
2101604,31,318,31,380
2101605,25,209,31,265
2101606,36,375,27,438
2101607,28,391,16,435
2101608,16,291,15,322
2101609,28,345,19,392
2101610,45,437,19,501
2101611,12,155,6,173
2101612,30,430,9,469
2101613,116,378,26,520
2101614,20,335,19,374
2101615,72,166,16,254
2101616,33,370,24,427
2101617,20,281,25,326
2101618,27,200,14,241
2101619,22,387,12,421
2101620,17,268,9,294
2101621,12,254,12,278
2101701,41,307,12,360
2101702,13,243,14,270
2101703,15,229,15,259
2101704,33,257,12,302
2101705,37,241,4,282
2101706,6,243,15,264
2101707,33,406,25,464
2101708,24,218,18,260
2101709,29,400,6,435
2101710,41,425,15,481
2101711,22,326,6,354
2101712,41,437,22,500
2101713,21,237,3,261
2101714,24,286,12,322
2101715,15,235,7,257
2101801,39,449,57,545
2101802,10,227,30,267
2101803,28,409,19,456
2101804,136,107,3,246
2101805,83,312,56,451
2101806,85,311,19,415
2101807,20,371,22,413
2101808,10,175,4,189
2101809,13,349,29,391
2101810,17,267,28,312
2101811,41,360,24,425
2101812,25,263,27,315
2101813,15,387,35,437
2101814,8,213,27,248
2101815,23,471,38,532
2101816,12,377,59,448
2101817,27,398,32,457
2101818,33,334,18,385
2101819,19,220,16,255
2101820,13,122,69,204
2101821,6,315,15,336
2101822,14,319,18,351
2101823,20,320,15,355
2101824,19,433,12,464
2101825,55,240,32,327
2101826,15,253,26,294
2101827,27,390,52,469
2101828,33,340,47,420
2101829,10,180,3,193
2101830,31,590,29,650
2101831,31,474,20,525
2101832,17,369,12,398
2101833,21,417,21,459
2101834,15,329,18,362
2101835,25,487,34,546
2101836,29,229,6,264
2101837,28,429,32,489
2101838,9,188,18,215
2101901,39,448,37,524
2101902,51,521,31,603
2101903,28,291,10,329
2101904,41,445,24,510
2101905,30,489,44,563
2101906,6,87,0,93
2101907,28,353,16,397
2101908,27,480,21,528
2101909,41,578,44,663
2101910,15,387,22,424
2101911,15,278,23,316
2101912,9,284,8,301
2101913,22,376,24,422
2101914,51,402,52,505
2101915,24,331,20,375
2101916,66,239,27,332
2101917,9,135,16,160
2101918,17,250,16,283
2101919,18,421,38,477
2101920,24,596,21,641
2101921,29,461,18,508
2101922,36,521,24,581
2101923,16,239,9,264
2101924,21,294,22,337
2102001,15,249,30,294
2102002,0,205,4,209
2102003,16,260,12,288
2102004,21,332,12,365
2102005,35,450,22,507
2102006,36,343,12,391
2102007,15,228,9,252
2102008,3,179,0,182
2102009,9,319,12,340
2102010,22,362,3,387
2102011,19,547,25,591
2102012,6,301,9,316
2102013,8,264,31,303
2102014,12,229,7,248
2102015,18,325,7,350
2102016,12,233,15,260
2102017,69,198,3,270
2102018,39,464,16,519
2102019,39,518,32,589
2102020,8,223,9,240
2102021,15,455,7,477
2102022,10,242,0,252
2102023,17,186,24,227
2102024,16,332,11,359
2102025,30,540,19,589
2102026,16,416,34,466
2102027,44,172,6,222
2102028,24,384,24,432
2102029,19,416,16,451
2102030,21,392,45,458
2102031,20,498,38,556
2102032,17,342,15,374
2102033,36,427,9,472
2102034,10,383,16,409
2102035,12,364,3,379
2102036,15,302,16,333
2102037,0,0,0,0
2102038,97,180,9,286
2102039,0,22,0,22
2102101,16,291,8,315
2102102,44,405,18,467
2102103,12,309,20,341
2102104,22,492,28,542
2102105,12,370,33,415
2102106,8,204,25,237
2102107,14,433,7,454
2102108,3,406,16,425
2102109,11,400,13,424
2102110,15,426,25,466
2102111,52,404,16,472
2102112,6,281,3,290
2102113,13,259,6,278
2102114,10,333,9,352
2102115,15,421,40,476
2102116,7,249,32,288
2102117,15,317,12,344
2102118,19,461,15,495
2102119,15,462,32,509
2102120,9,296,24,329
2102121,19,247,19,285
2102122,0,194,6,200
2102123,0,0,0,0
2102124,0,5,0,5
2102125,6,350,15,371
2102126,13,375,29,417
2102127,0,0,0,0
2102201,21,403,18,442
2102202,35,484,17,536
2102203,60,188,12,260
2102204,30,311,15,356
2102205,16,367,0,383
2102206,9,376,9,394
2102207,6,394,10,410
2102208,18,428,9,455
2102209,22,430,14,466
2102210,22,376,28,426
2102211,17,447,15,479
2102212,15,361,18,394
2102213,14,172,10,196
2102214,18,283,8,309
2102215,12,244,24,280
2102216,57,560,16,633
2102217,47,411,28,486
2102218,22,464,12,498
2102219,19,326,12,357
2102220,11,169,21,201
2102221,69,300,26,395
2102222,16,555,9,580
2102223,36,440,23,499
2102224,24,431,28,483
2102225,78,516,26,620
2102226,6,281,12,299
2102227,32,503,23,558
2102228,27,456,54,537
2102229,10,491,21,522
2102230,23,287,21,331
2102231,21,345,39,405
2102232,42,404,24,470
2102233,6,282,12,300
2102234,16,239,4,259
2102235,9,410,22,441
2102236,44,609,25,678
2102237,26,500,11,537
2102238,14,404,9,427
2102239,21,381,10,412
2102240,25,152,12,189
2102241,24,469,123,616
2102242,35,204,19,258
2102243,25,251,18,294
2102244,13,303,8,324
2102301,9,471,13,493
2102302,11,483,15,509
2102303,12,741,21,774
2102304,27,676,21,724
2102305,13,562,6,581
2102306,15,333,6,354
2102307,9,393,4,406
2102308,8,539,16,563
2102401,12,178,9,199
2102402,5,298,3,306
2102403,10,178,9,197
2102404,20,911,23,954
2102405,9,523,13,545
2102406,22,700,7,729
2102407,21,524,12,557
2102408,10,602,10,622
2102409,15,599,21,635
2102410,5,587,9,601
2102411,39,273,5,317
2102412,13,479,18,510
2102413,14,286,0,300
2102414,6,322,6,334
2102415,9,205,10,224
2102501,57,426,19,502
2102502,25,404,15,444
2102503,18,459,18,495
2102504,15,227,10,252
2102505,32,366,20,418
2102506,17,325,12,354
2102507,0,5,0,5
2102508,46,1194,52,1292
2102509,27,398,10,435
2102510,9,341,24,374
2102511,12,296,26,334
2102512,10,265,7,282
2102513,16,632,30,678
2102514,33,374,16,423
2102515,11,204,9,224
2102516,11,268,4,283
2102517,18,429,38,485
2102518,19,548,22,589
2102519,18,341,21,380
2102520,22,449,16,487
2102601,6,301,9,316
2102602,12,269,4,285
2102603,13,449,24,486
2102604,10,336,28,374
2102605,4,304,5,313
2102606,3,171,3,177
2102607,9,359,30,398
2102608,10,331,8,349
2102609,12,245,9,266
2102610,15,265,6,286
2102611,12,444,15,471
2102612,11,363,31,405
2102613,14,465,20,499
2102614,0,224,6,230
2102615,12,249,20,281
2102616,9,277,14,300
2102617,3,115,10,128
2102618,10,304,12,326
2102619,6,277,16,299
2102701,24,324,9,357
2102702,12,326,9,347
2102703,0,0,400,400
2102704,7,329,12,348
2102705,30,306,41,377
2102706,21,371,46,438
2102707,6,234,15,255
2102708,28,558,22,608
2102709,12,278,3,293
2102710,18,265,3,286
2102711,16,284,12,312
2102712,10,298,15,323
2102713,19,364,28,411
2102714,9,293,12,314
2102715,27,395,27,449
2102716,15,215,12,242
2102717,24,322,20,366
2102718,10,254,159,423
2102719,23,363,25,411
2102720,15,294,12,321
2102721,25,458,25,508
2102722,18,232,12,262
2102723,14,226,12,252
2102724,0,201,12,213
2102725,21,340,7,368
2102726,21,420,15,456
2102727,22,354,21,397
2102801,9,225,4,238
2102802,33,448,36,517
2102803,26,305,11,342
2102804,12,231,12,255
2102805,13,310,7,330
2102806,10,247,18,275
2102807,6,284,9,299
2102808,21,349,27,397
2102809,6,131,59,196
2102810,49,378,26,453
2102811,12,264,15,291
2102812,0,165,18,183
2102813,15,274,21,310
2102814,21,283,21,325
2102815,14,425,21,460
2102816,13,314,23,350
2102817,4,218,0,222
2102818,17,300,13,330
2102819,10,226,0,236
2102820,25,399,12,436
2102821,15,215,0,230
2102822,11,208,25,244
2102823,15,298,12,325
2102824,18,366,9,393
2102825,15,125,12,152
2102826,16,364,29,409
2102901,41,387,44,472
2102902,25,217,19,261
2102903,7,204,3,214
2102904,13,252,21,286
2102905,13,234,17,264
2102906,18,240,23,281
2102907,34,412,20,466
2102908,27,300,14,341
2102909,28,246,19,293
2102910,71,240,33,344
2102911,21,330,0,351
2102912,24,259,33,316
2102913,12,162,3,177
2103001,9,373,6,388
2103002,7,337,6,350
2103003,21,442,6,469
2103004,15,426,16,457
2103005,7,263,15,285
2103006,8,279,6,293
2103007,15,330,6,351
2103008,12,182,6,200
2103009,21,320,15,356
2103010,18,299,18,335
2103011,10,258,13,281
2103012,22,422,17,461
2103013,27,430,24,481
2103014,20,189,12,221
2103015,45,306,7,358
2103016,21,374,28,423
2103017,32,545,23,600
2103018,60,425,34,519
2103019,80,477,8,565
2103020,57,581,20,658
2103021,11,413,12,436
2103022,0,3,0,3
2103023,10,289,33,332
2103101,11,455,17,483
2103102,23,587,28,638
2103103,9,362,9,380
2103104,12,452,22,486
2103105,11,491,37,539
2103106,12,264,18,294
2103107,7,513,3,523
2103108,12,279,18,309
2103109,6,197,6,209
2103110,6,246,8,260
2103111,12,374,6,392
2103112,3,251,6,260
2103113,21,382,15,418
2103114,3,229,26,258
2103115,17,409,41,467
2103116,80,365,50,495
2103201,18,469,9,496
2103202,18,309,27,354
2103203,8,245,6,259
2103204,20,269,13,302
2103205,11,326,12,349
2103206,10,369,22,401
2103207,15,423,17,455
2103208,19,234,12,265
2103209,18,305,6,329
2103210,12,167,19,198
2103211,10,279,9,298
2103212,7,125,4,136
2103213,20,270,18,308
2103301,60,342,40,442
2103302,39,304,23,366
2103303,8,206,0,214
2103304,26,269,6,301
2103305,16,265,27,308
2103306,14,331,11,356
2103307,35,291,21,347
2103308,22,284,10,316
2103309,18,252,27,297
2103310,30,201,18,249
2103311,6,116,18,140
2103312,7,306,8,321
2103313,12,386,15,413
2103314,29,314,31,374
2103315,44,322,15,381
2103316,30,303,21,354
2103317,8,428,30,466
2103318,24,333,24,381
2103319,24,183,6,213
2103320,34,158,16,208
2103321,31,251,24,306
2103322,22,236,12,270
2103401,21,478,10,509
2103402,10,442,15,467
2103403,21,379,6,406
2103404,10,470,9,489
2103405,4,235,8,247
2103406,113,715,14,842
2103407,27,493,12,532
2103408,21,230,0,251
2103409,3,475,23,501
2103410,9,136,0,145
2103411,12,299,12,323
2103501,9,274,9,292
2103502,16,342,9,367
2103503,19,519,8,546
2103504,6,259,4,269
2103505,14,418,15,447
2103506,17,430,19,466
2103507,7,284,11,302
2103508,7,224,0,231
2103509,10,383,9,402
2103510,14,322,35,371
2103511,4,302,12,318
2103512,42,522,19,583
2103513,20,402,12,434
2103514,20,432,15,467
2103515,15,260,3,278
2103516,9,402,30,441
2103601,57,197,24,278
2103602,21,543,9,573
2103603,12,323,7,342
2103604,8,338,26,372
2103605,3,263,11,277
2103606,6,180,14,200
2103607,16,425,15,456
2103608,3,244,3,250
2103609,12,248,18,278
2103610,7,326,0,333
2103611,18,344,18,380
2103612,9,286,3,298
2103613,19,249,15,283
2103614,6,334,9,349
2103615,24,406,19,449
2103616,36,487,47,570
2103701,27,410,20,457
2103702,35,490,29,554
2103703,21,322,14,357
2103704,17,391,18,426
2103705,19,422,46,487
2103706,23,292,15,330
2103707,19,472,12,503
2103708,0,0,0,0
2103709,24,488,28,540
2103710,103,238,9,350
2103711,71,499,22,592
2103712,21,424,9,454
2103713,16,305,9,330
2103714,13,279,7,299
2103715,24,443,15,482
2103716,18,435,24,477
2103717,22,502,17,541
2103718,12,340,15,367
2103719,22,275,11,308
2103720,19,370,24,413
2103721,18,352,12,382
2103722,27,452,15,494
2103723,19,466,24,509
2103724,27,479,43,549
2103725,15,271,15,301
2103726,30,436,15,481
2103727,43,553,29,625
2103728,60,249,24,333
2103729,34,467,43,544
2103730,71,367,15,453
2103731,21,447,30,498
2103732,13,189,20,222
2103801,19,401,25,445
2103802,15,225,12,252
2103803,28,247,3,278
2103804,35,342,36,413
2103805,16,232,20,268
2103806,37,295,23,355
2103807,12,221,18,251
2103808,28,283,24,335
2103809,26,277,30,333
2103810,27,518,33,578
2103811,36,415,40,491
2103812,11,264,7,282
2103813,14,557,41,612
2103814,25,248,3,276
2103815,13,236,9,258
2103816,28,318,13,359
2103817,22,336,3,361
2103818,41,330,44,415
2103819,24,256,20,300
2103820,19,358,27,404
2103821,24,257,11,292
2103822,24,353,19,396
2103823,17,372,33,422
2103824,9,218,9,236
2103825,34,387,31,452
2103826,45,367,49,461
2103827,23,282,15,320
2103828,31,235,9,275
2103829,61,499,47,607
2103830,23,316,18,357
2103831,40,326,33,399
2103832,29,385,23,437
2103833,26,234,49,309
2103834,23,233,30,286
2103835,15,174,33,222
2103836,35,304,13,352
2103837,20,219,15,254
2103838,44,329,15,388
2103839,68,261,3,332
2103840,18,286,7,311
2103841,29,210,7,246
2103842,49,444,17,510
2103843,21,260,40,321
2103844,29,352,30,411
2103845,16,262,13,291
2103846,3,89,3,95
2103847,14,317,23,354
2103848,51,362,9,422
2103849,33,397,31,461
2103850,42,275,37,354
2103851,9,231,35,275
2103852,3,167,17,187
2103853,0,3,0,3
2103854,9,194,13,216
2103855,31,377,23,431
2103856,39,565,10,614
2103857,36,421,16,473
2103858,11,185,15,211
2103859,51,455,26,532
2103860,44,258,33,335
2103861,36,334,31,401
2103862,0,10,0,10
2103863,0,6,0,6
2103864,24,302,30,356
2103865,15,340,15,370
2103866,18,256,6,280
2103867,4,223,11,238
2103868,14,308,27,349
2103869,0,526,14,540
2103870,4,296,3,303
2103871,13,242,6,261
2103872,14,283,9,306
2103873,23,317,27,367
2103874,20,295,12,327
2103875,24,339,22,385
2103876,11,176,22,209
2103901,12,385,23,420
2103902,29,317,51,397
2103903,22,421,10,453
2103904,9,304,0,313
2103905,19,327,21,367
2103906,24,272,29,325
2103907,30,453,18,501
2103908,15,378,12,405
2103909,9,268,17,294
2103910,38,361,95,494
2103911,105,252,9,366
2103912,16,391,30,437
2103913,12,295,21,328
2103914,18,464,25,507
2103915,35,475,39,549
2103916,27,288,33,348
2103917,11,333,12,356
2103918,12,341,9,362
2103919,21,548,24,593
2103920,6,406,15,427
2103921,15,201,5,221
2103922,13,410,4,427
2103923,20,445,4,469
2103924,9,370,18,397
2103925,22,392,24,438
2103926,0,0,0,0
2103927,31,342,5,378
2103928,35,460,15,510
2103929,26,312,18,356
2103930,52,306,37,395
2103931,0,0,0,0
2103932,21,186,15,222
2104001,8,412,31,451
2104002,22,536,4,562
2104003,9,366,11,386
2104004,34,521,19,574
2104005,18,243,7,268
2104006,7,278,22,307
2104007,9,340,16,365
2104008,21,411,21,453
2104009,16,316,25,357
2104010,10,315,8,333
2104011,9,296,37,342
2104012,15,402,30,447
2104013,19,255,18,292
2104014,15,420,28,463
2104015,24,407,19,450
2104016,27,366,21,414
2104017,3,356,0,359
2104018,9,452,27,488
2104019,12,243,12,267
2104020,12,208,21,241
2104021,21,270,12,303
2104022,16,343,15,374
2104023,15,312,15,342
2104024,14,353,20,387
2104025,22,459,13,494
2104026,22,374,22,418
2104027,7,258,15,280
2104028,10,211,6,227
2104029,12,337,38,387
2104030,0,217,13,230
2104031,28,489,34,551
2104032,5,204,30,239
2104033,9,290,19,318
2104034,22,461,32,515
2104035,18,406,8,432
2104036,12,376,27,415
2104037,4,176,4,184
2104038,19,451,32,502
2104039,21,388,44,453
2104040,24,302,17,343
2104041,30,594,23,647
2104042,29,376,32,437
2104043,26,347,15,388
2104044,16,342,27,385
2104045,17,301,9,327
2104046,12,306,12,330
2104047,85,273,18,376
2104048,18,184,32,234
2104049,0,244,0,244
2104050,14,276,11,301
2104101,25,427,21,473
2104102,16,379,3,398
2104103,27,532,31,590
2104104,8,360,5,373
2104105,21,522,18,561
2104106,46,511,45,602
2104107,128,559,18,705
2104108,26,405,6,437
2104109,51,348,20,419
2104110,18,307,15,340
2104111,28,425,15,468
2104112,21,396,8,425
2104113,15,454,17,486
2104114,34,875,29,938
2104115,9,339,6,354
2104116,134,416,24,574
2104117,6,115,6,127
2104118,5,423,7,435
2104119,9,662,15,686
2104120,74,439,17,530
2104121,91,406,29,526
2104122,10,346,30,386
2104123,19,346,14,379
2104124,13,338,7,358
2104125,17,385,14,416
2104126,18,279,6,303
2104127,8,968,15,991
2104128,9,431,9,449
2104129,9,418,3,430
2104130,10,287,6,303
2104131,15,350,0,365
2104132,9,406,0,415
2104133,6,318,13,337
2104134,19,392,6,417
2104135,24,368,23,415
2104136,9,288,4,301
2104137,9,357,13,379
2104138,18,669,10,697
2104139,9,243,15,267
2104140,3,215,4,222
2104141,110,364,16,490
2104142,109,572,22,703
2104143,14,195,8,217
2104201,21,536,4,561
2104202,10,527,9,546
2104203,12,332,6,350
2104204,3,256,15,274
2104205,11,355,0,366
2104206,12,517,15,544
2104207,0,641,9,650
2104208,26,495,12,533
2104209,21,475,34,530
2104210,10,316,13,339
2104211,14,501,9,524
2104212,18,320,12,350
2104213,12,355,3,370
2104214,22,1157,74,1253
2104215,17,485,28,530
2104216,19,537,3,559
2104217,20,401,20,441
2104218,15,548,23,586
2104219,18,367,22,407
2104220,0,395,17,412
2104221,9,318,9,336
2104222,12,515,18,545
2104223,21,497,25,543
2104224,9,401,21,431
2104225,9,226,0,235
2104226,0,298,23,321
2104227,0,224,12,236
2104228,19,455,13,487
2104229,15,463,11,489
2104230,4,497,15,516
2104231,9,518,12,539
2104232,107,356,18,481
2104233,32,361,9,402
2104234,9,338,3,350
2104235,13,376,28,417
2104236,11,271,10,292
2104237,23,522,27,572
2104238,19,400,21,440
2104239,14,324,3,341
2104240,10,298,5,313
2104241,6,146,3,155
2104242,3,247,0,250
2104243,10,479,19,508
2104244,0,0,0,0
2104301,11,446,21,478
2104302,12,250,12,274
2104303,12,233,12,257
2104304,10,323,11,344
2104305,12,346,12,370
2104306,9,213,19,241
2104307,19,484,25,528
2104308,0,38,683,721
2104309,0,83,3,86
2104310,8,368,16,392
2104311,15,243,20,278
2104312,4,234,6,244
2104313,15,397,0,412
2104314,13,257,3,273
2104315,24,105,6,135
2104316,7,269,11,287
2104317,9,267,9,285
2104318,15,532,18,565
2104319,21,550,28,599
2104320,18,483,0,501
2104321,27,476,15,518
2104322,10,316,21,347
2104323,35,507,56,598
2104324,18,289,0,307
2104325,0,24,0,24
2104326,12,327,9,348
2104327,12,381,8,401
2104328,27,1237,27,1291
2104329,15,369,0,384
2104330,15,396,3,414
2104331,18,519,19,556
2104332,24,638,26,688
2104333,18,294,30,342
2104334,26,412,6,444
2104335,13,340,22,375
2104336,126,621,8,755
2104337,16,407,21,444
2104401,20,326,0,346
2104402,41,365,24,430
2104403,12,221,0,233
2104404,27,400,15,442
2104405,25,412,12,449
2104406,12,535,18,565
2104407,18,441,27,486
2104408,77,225,9,311
2104409,21,449,21,491
2104410,27,443,15,485
2104411,10,372,11,393
2104412,17,448,14,479
2104413,32,452,9,493
2104414,23,484,9,516
2104415,25,259,9,293
2104416,12,275,13,300
2104417,13,657,24,694
2104418,21,354,11,386
2104419,28,706,9,743
2104420,9,223,10,242
2104421,12,299,9,320
2104422,6,350,17,373
2104423,11,393,35,439
2104424,9,199,4,212
2104501,41,405,29,475
2104502,16,361,9,386
2104503,37,338,49,424
2104504,89,445,14,548
2104505,31,464,17,512
2104506,16,487,15,518
2104507,24,342,18,384
2104508,20,516,12,548
2104509,76,302,9,387
2104510,12,225,12,249
2104511,19,355,17,391
2104512,28,312,7,347
2104513,19,371,24,414
2104514,43,461,44,548
2104515,35,279,24,338
2104516,33,459,44,536
2104517,22,591,7,620
2104518,6,275,6,287
2104519,25,477,21,523
2104520,33,378,33,444
2104521,25,276,18,319
2104522,26,299,13,338
2104523,15,350,15,380
2104524,19,379,33,431
2104525,57,394,55,506
2104526,11,326,15,352
2104527,18,357,12,387
2104528,30,479,38,547
2104529,0,0,0,0
2104530,103,352,8,463
2104531,37,381,10,428
2104532,17,322,13,352
2104533,26,393,12,431
2104534,24,389,24,437
2104535,25,399,24,448
2104601,18,555,6,579
2104602,7,551,18,576
2104603,4,292,15,311
2104604,3,178,0,181
2104605,28,189,4,221
2104606,36,527,27,590
2104607,8,349,21,378
2104608,14,337,17,368
2104609,12,327,6,345
2104610,12,379,12,403
2104611,6,504,24,534
2104612,16,471,24,511
2104613,11,419,16,446
2104614,29,390,15,434
2104615,10,494,21,525
2104616,7,215,12,234
2104617,31,529,30,590
2104618,4,228,19,251
2104619,9,174,0,183
2104620,22,341,0,363
2104621,13,352,12,377
2104622,15,204,0,219
2104623,30,382,18,430
2104624,4,374,6,384
2104625,3,243,3,249
2104701,0,0,0,0
2104702,0,10,0,10
2104703,23,299,6,328
2104704,35,435,59,529
2104705,26,244,36,306
2104706,22,401,18,441
2104707,30,310,11,351
2104708,12,293,6,311
2104709,21,364,23,408
2104710,38,385,15,438
2104711,45,471,27,543
2104712,31,347,3,381
2104713,22,311,18,351
2104714,12,206,13,231
2104715,27,596,19,642
2104716,22,620,18,660
2104717,0,0,0,0
2104718,38,412,18,468
2104719,27,253,34,314
2104720,34,281,41,356
2104721,46,389,46,481
2104722,25,220,18,263
2104723,360,70,25,455
2104724,20,478,50,548
2104725,90,128,37,255
2104726,27,222,16,265
2104727,0,13,0,13
2104728,22,462,17,501
2104729,10,561,42,613
2104730,4,412,24,440
2104731,15,406,8,429
2104732,0,0,0,0
2104733,6,241,3,250
2104734,12,189,37,238
2104735,29,427,16,472
2104736,6,118,6,130
2104737,16,277,3,296
2104738,33,522,23,578
2104739,22,297,15,334
2104740,28,317,26,371
2104801,42,446,21,509
2104802,102,245,0,347
2104803,21,471,87,579
2104804,9,322,8,339
2104805,29,409,15,453
2104806,5,211,12,228
2104807,3,215,4,222
2104808,4,332,23,359
2104809,10,195,6,211
2104810,12,307,20,339
2104811,18,389,4,411
2104812,12,295,3,310
2104813,43,714,26,783
2104814,12,305,3,320
2104815,10,211,7,228
2104816,16,546,18,580
2104817,42,570,33,645
2104818,8,233,6,247
2104819,25,375,10,410
2104820,22,358,18,398
2104821,15,381,6,402
2104822,12,200,0,212
2104823,20,661,26,707
2104824,15,228,8,251
2104825,21,360,13,394
2104826,22,304,10,336
2104827,15,272,14,301
2104828,14,394,3,411
2104829,12,357,0,369
2104830,3,176,9,188
2104831,9,174,6,189
2104901,12,311,35,358
2104902,8,365,66,439
2104903,16,346,15,377
2104904,27,519,21,567
2104905,65,562,38,665
2104906,24,393,17,434
2104907,7,304,37,348
2104908,33,504,67,604
2104909,15,356,14,385
2104910,9,361,35,405
2104911,10,301,27,338
2105001,6,227,19,252
2105002,9,286,12,307
2105003,12,367,7,386
2105004,17,422,6,445
2105005,13,473,11,497
2105006,15,407,27,449
2105007,10,192,31,233
2105008,9,334,21,364
2105009,25,412,42,479
2105010,21,307,6,334
2105011,14,396,15,425
2105012,16,370,18,404
2105013,12,375,0,387
2105014,4,379,12,395
2105015,10,321,0,331
2105016,3,400,18,421
2105017,13,314,17,344
2105018,3,397,10,410
2105019,12,362,15,389
2105020,9,507,13,529
2105021,12,344,15,371
2105022,17,498,9,524
2105023,12,400,11,423
2105024,6,326,6,338
2105025,15,241,15,271
2105026,7,451,31,489
2105027,125,1054,50,1229
2105028,12,296,6,314
2105029,24,467,11,502
2105030,12,278,15,305
2105031,18,383,73,474
2105032,13,536,30,579
2105033,5,284,13,302
2105034,9,272,71,352
2105035,18,489,16,523
2105036,15,511,18,544
2105037,3,160,16,179
2105038,27,748,3,778
2105039,98,418,16,532
2105040,15,480,15,510
2105041,9,183,12,204
2105042,15,391,38,444
2105043,4,143,3,150
2105044,9,239,3,251
2105101,39,443,28,510
2105102,23,266,24,313
2105103,13,218,6,237
2105104,36,549,25,610
2105105,16,216,15,247
2105106,30,302,6,338
2105107,85,272,12,369
2105108,23,252,6,281
2105109,29,429,14,472
2105110,44,388,17,449
2105111,16,314,3,333
2105112,56,521,16,593
2105113,7,260,26,293
2105114,27,266,11,304
2105115,45,410,21,476
2105116,19,403,14,436
2105117,13,210,23,246
2105201,15,261,31,307
2105202,15,369,42,426
2105203,18,282,5,305
2105204,21,478,25,524
2105205,55,418,21,494
2105206,24,382,6,412
2105207,26,479,32,537
2105208,16,268,3,287
2105209,18,247,9,274
2105210,28,288,8,324
2105211,3,180,3,186
2105301,15,427,9,451
2105302,15,525,19,559
2105303,6,560,21,587
2105304,3,142,15,160
2105305,3,514,30,547
2105306,6,469,20,495
2105307,10,412,18,440
2105308,15,295,10,320
2105309,6,364,18,388
2105310,6,561,39,606
2105311,6,418,14,438
2105312,15,344,16,375
2105313,21,281,9,311
2105314,68,581,31,680
2105315,27,496,21,544
2105316,15,797,21,833
2105317,7,721,62,790
2105318,6,387,3,396
2105319,4,471,11,486
2105320,10,348,3,361
2105321,9,300,17,326
2105322,13,316,11,340
2105323,21,408,15,444
2105324,6,365,9,380
2105325,4,343,6,353
2105326,4,547,26,577
2105327,6,362,21,389
2105328,9,161,0,170
2105329,6,430,6,442
2105330,0,455,20,475
2105331,3,142,21,166
2105332,13,309,12,334
2105333,12,449,22,483
2105334,9,379,27,415
2105401,15,198,9,222
2105402,9,231,17,257
2105403,29,294,10,333
2105404,11,261,6,278
2105405,0,6,0,6
2105406,21,499,27,547
2105407,15,248,6,269
2105408,12,304,12,328
2105409,29,320,15,364
2105410,16,313,19,348
2105411,25,308,6,339
2105412,11,300,15,326
2105413,15,215,19,249
2105414,47,279,0,326
2105415,12,337,18,367
2105416,13,311,7,331
2105417,23,428,24,475
2105418,59,190,7,256
2105419,31,412,33,476
2105501,19,374,29,422
2105502,26,257,10,293
2105503,9,181,12,202
2105504,21,261,9,291
2105505,9,212,9,230
2105506,77,364,12,453
2105507,12,241,9,262
2105508,21,370,18,409
2105509,74,240,19,333
2105510,18,174,3,195
2105511,32,328,4,364
2105512,12,373,12,397
2105513,26,261,15,302
2105514,15,379,24,418
2105515,9,313,15,337
2105516,11,311,9,331
2105517,10,179,6,195
2105518,4,179,22,205
2105519,20,267,22,309
2105601,12,448,39,499
2105602,18,288,5,311
2105603,5,206,24,235
2105604,15,209,16,240
2105605,31,598,31,660
2105606,20,261,37,318
2105607,22,284,24,330
2105608,21,393,24,438
2105609,21,568,37,626
2105610,14,327,12,353
2105611,9,181,37,227
2105612,9,158,21,188
2105613,81,632,24,737
2105614,12,466,27,505
2105615,22,511,24,557
2105616,18,409,16,443
2105617,30,588,22,640
2105618,12,229,22,263
2105619,74,348,15,437
2105620,21,530,21,572
2105621,7,288,18,313
2105622,12,190,7,209
2105623,13,194,15,222
2105624,12,309,9,330
2105625,32,345,34,411
2105626,6,309,5,320
2105627,19,203,9,231
2105628,21,384,20,425
2105629,4,182,9,195
2105630,15,462,18,495
2105631,6,220,0,226
2105701,25,344,16,385
2105702,11,281,9,301
2105703,36,459,25,520
2105704,19,496,29,544
2105705,15,650,29,694
2105706,0,114,4,118
2105707,9,283,6,298
2105708,0,342,16,358
2105709,0,3,0,3
2105710,9,233,7,249
2105711,16,275,12,303
2105712,14,234,15,263
2105713,54,606,10,670
2105714,35,609,16,660
2105715,8,188,29,225
2105716,9,488,18,515
2105717,20,317,47,384
2105718,4,254,7,265
2105719,65,577,12,654
2105720,3,197,40,240
2105721,5,177,3,185
2105722,12,272,12,296
2105801,12,202,6,220
2105802,9,245,27,281
2105803,18,178,15,211
2105804,18,240,10,268
2105805,31,171,13,215
2105806,24,248,16,288
2105807,24,395,33,452
2105808,15,171,9,195
2105809,16,315,38,369
2105810,0,0,0,0
2105811,12,203,20,235
2105812,7,157,40,204
2105813,25,220,7,252
2105814,15,354,14,383
2105901,18,362,14,394
2105902,13,302,26,341
2105903,18,317,3,338
2105904,17,172,5,194
2105905,19,237,12,268
2105906,84,475,18,577
2105907,15,297,24,336
2105908,6,103,12,121
2105909,36,423,68,527
2105910,24,292,17,333
2105911,27,338,24,389
2105912,22,412,43,477
2105913,18,322,46,386
2105914,30,372,28,430
2105915,33,520,15,568
2105916,25,269,49,343
2105917,33,284,43,360
2106001,3,254,16,273
2106002,17,415,28,460
2106003,4,196,12,212
2106004,0,0,0,0
2106005,8,429,12,449
2106006,12,274,13,299
2106007,11,343,18,372
2106008,9,300,9,318
2106009,9,257,6,272
2106010,28,366,9,403
2106011,21,1104,31,1156
2106101,8,191,21,220
2106201,19,324,18,361
2106202,6,201,12,219
2106203,10,332,19,361
2106204,44,270,7,321
2106205,15,485,9,509
2106206,23,367,11,401
2106207,21,347,65,433
2106208,9,250,6,265
2106209,12,241,15,268
2106210,9,182,61,252
2106301,25,326,10,361
2106302,31,365,27,423
2106303,15,193,3,211
2106304,39,425,30,494
2106305,12,193,0,205
2106306,11,496,15,522
2106307,28,452,14,494
2106308,33,456,15,504
2106309,10,321,12,343
2106310,24,274,4,302
2106311,9,259,18,286
2106312,26,408,15,449
2106313,51,357,11,419
2106314,15,301,9,325
2106315,19,231,3,253
2106316,0,0,3,3
2106317,21,294,16,331
2106318,21,347,19,387
2106319,38,446,17,501
2106320,22,324,22,368
2106321,12,357,16,385
2106322,12,335,12,359
2106323,79,212,17,308
2106324,21,276,21,318
2106325,27,365,7,399
2106326,69,380,27,476
2106327,9,392,23,424
2106328,12,250,6,268
2106329,12,226,6,244
2106401,9,328,12,349
2106402,27,447,19,493
2106403,25,322,10,357
2106404,25,421,18,464
2106405,6,191,9,206
2106406,27,476,9,512
2106407,11,332,4,347
2106408,12,432,17,461
2106409,8,178,0,186
2106501,19,230,9,258
2106502,6,318,16,340
2106503,55,375,18,448
2106504,25,414,15,454
2106505,9,252,15,276
2106506,27,348,12,387
2106507,21,329,9,359
2106508,8,268,12,288
2106509,15,258,0,273
2106510,15,306,22,343
2106511,18,248,28,294
2106601,13,424,20,457
2106602,7,454,13,474
2106603,76,456,27,559
2106604,19,255,14,288
2106605,29,346,25,400
2106606,52,570,178,800
2106607,15,369,6,390
2106608,12,486,21,519
2106609,92,300,26,418
2106610,9,224,13,246
2106611,29,402,27,458
2106612,49,385,28,462
2106613,21,314,10,345
2106614,16,332,9,357
2106615,38,535,18,591
2106616,32,417,6,455
2106617,18,559,9,586
2106618,27,450,13,490
2106619,38,400,22,460
2106620,18,319,15,352
2106621,19,283,6,308
2106622,25,309,7,341
2106623,9,371,15,395
2106624,18,275,12,305
2106625,17,350,7,374
2106626,17,336,11,364
2106627,24,329,10,363
2106628,18,236,6,260
2106629,30,445,15,490
2106630,38,444,24,506
2106631,38,308,21,367
2106632,49,234,3,286
2106633,3,122,6,131
2106634,21,331,27,379
2106635,16,348,14,378
2106636,34,309,27,370
2106637,23,293,25,341
2106638,14,186,3,203
2106639,0,0,0,0
2106640,12,161,3,176
2106641,15,240,0,255
2106642,12,432,15,459
2106643,3,196,24,223
2106644,11,200,4,215
2106645,8,333,0,341
2106646,31,455,29,515
2106647,13,224,9,246
2106701,12,298,4,314
2106702,11,216,3,230
2106703,16,448,19,483
2106704,11,305,12,328
2106705,3,334,18,355
2106706,11,321,5,337
2106707,16,239,6,261
2106708,4,222,3,229
2106709,12,191,9,212
2106710,0,186,8,194
2106711,11,222,0,233
2106712,13,192,0,205
2106713,3,334,13,350
2106714,12,242,12,266
2106715,12,237,3,252
2106716,5,238,18,261
2106717,9,365,6,380
2106718,6,228,9,243
2106719,9,312,9,330
2106720,9,309,12,330
2106721,18,294,3,315
2106722,12,323,12,347
2106723,9,341,15,365
2106724,12,281,0,293
2106725,12,324,0,336
2106726,3,243,4,250
2106727,11,232,6,249
2106728,13,240,0,253
2106729,11,392,18,421
2106730,14,274,9,297
2106731,5,169,9,183
2106801,9,280,35,324
2106802,12,259,155,426
2106803,12,305,6,323
2106804,12,310,15,337
2106805,25,285,6,316
2106806,9,199,18,226
2106807,12,316,12,340
2106808,29,410,6,445
2106809,6,289,17,312
2106810,5,331,5,341
2106811,128,364,24,516
2106812,15,259,42,316
2106901,7,226,10,243
2106902,12,214,15,241
2106903,9,260,12,281
2106904,26,285,24,335
2106905,9,253,14,276
2106906,6,209,21,236
2106907,13,280,3,296
2106908,0,0,6,6
2106909,12,159,18,189
2106910,9,195,6,210
2106911,15,354,12,381
2106912,12,149,9,170
2106913,15,102,3,120
2106914,18,264,12,294
2106915,16,332,24,372
2106916,15,259,36,310
2106917,42,259,9,310
2106918,9,210,12,231
2106919,13,262,13,288
2106920,0,0,0,0
2106921,6,267,15,288
2106922,12,359,9,380
2106923,4,285,3,292
2106924,29,206,9,244
2106925,4,201,15,220
2106926,11,322,11,344
2106927,18,268,15,301
2106928,15,293,0,308
2106929,0,127,33,160
2106930,0,101,39,140
2106931,11,241,19,271
2107001,11,487,12,510
2107002,6,198,12,216
2107003,29,329,19,377
2107004,13,190,0,203
2107005,9,414,14,437
2107006,15,258,8,281
2107007,6,196,25,227
2107008,3,293,6,302
2107009,23,306,4,333
2107101,37,485,6,528
2107102,7,243,6,256
2107103,15,208,3,226
2107104,9,166,6,181
2107105,3,163,0,166
2107106,18,257,18,293
2107107,15,351,13,379
2107108,72,277,18,367
2107109,13,301,23,337
2107110,9,150,3,162
2107111,9,341,15,365
2107112,39,410,16,465
2107113,0,3,0,3
2107114,45,252,6,303
2107115,37,431,6,474
2107201,13,181,4,198
2107202,16,365,21,402
2107203,9,215,9,233
2107204,41,275,11,327
2107205,6,210,7,223
2107206,19,294,3,316
2107207,6,260,9,275
2107208,4,325,6,335
2107209,12,203,0,215
2107210,17,271,12,300
2107211,15,319,9,343
2107212,15,243,0,258
2107213,52,437,14,503
2107214,36,403,10,449
2107215,0,0,0,0
2107216,24,324,6,354
2107217,18,199,0,217
2107218,9,221,9,239
2107219,17,392,3,412
2107220,6,257,3,266
2107301,11,239,52,302
2107302,18,550,23,591
2107303,12,284,9,305
2107304,30,447,15,492
2107305,18,488,6,512
2107306,19,451,9,479
2107307,26,469,11,506
2107308,39,263,12,314
2107309,18,229,0,247
2107310,9,338,9,356
2107311,21,374,8,403
2107312,38,271,41,350
2107313,7,377,20,404
2107314,13,232,12,257
2107315,10,493,5,508
2107316,9,297,25,331
2107317,14,352,11,377
2107318,6,183,6,195
2107319,9,297,24,330
2107320,93,647,14,754
2107321,5,402,17,424
2107322,18,400,10,428
2107323,18,528,25,571
2107324,3,377,15,395
2107325,15,564,9,588
2107326,12,484,12,508
2107327,10,414,0,424
2107328,32,461,15,508
2107329,18,304,13,335
2107330,26,337,6,369
2107331,27,395,15,437
2107332,14,367,6,387
2107333,24,520,12,556
2107334,10,390,6,406
2107335,5,229,3,237
2107401,3,283,6,292
2107402,114,429,16,559
2107403,9,165,0,174
2107404,13,183,3,199
2107405,22,853,24,899
2107406,4,513,24,541
2107407,16,268,11,295
2107408,0,14,3,17
2107409,9,199,7,215
2107410,0,3,0,3
2107411,26,483,16,525
2107412,30,477,24,531
2107413,40,372,40,452
2107414,37,347,24,408
2107415,5,577,16,598
2107416,12,257,3,272
2107417,24,324,36,384
2107418,19,378,26,423
2107419,13,306,6,325
2107420,24,381,18,423
2107421,26,258,11,295
2107422,45,438,34,517
2107423,44,386,10,440
2107424,18,216,15,249
2107425,9,301,21,331
2107426,13,402,9,424
2107427,38,531,36,605
2107428,19,418,27,464
2107429,66,142,0,208
2107430,21,263,9,293
2107431,0,19,0,19
2107432,12,251,15,278
2107433,20,435,8,463
2107434,25,435,22,482
2107435,9,204,3,216
2107436,6,272,0,278
2107437,17,566,18,601
2107438,12,341,12,365
2107439,27,481,24,532
2107440,34,689,21,744
2107441,33,511,13,557
2107442,18,342,27,387
2107443,29,489,15,533
2107444,20,534,11,565
2107445,17,297,24,338
2107446,14,458,4,476
2107447,15,341,0,356
2107448,0,7,3,10
2107449,3,172,12,187
2107450,0,150,6,156
2107451,34,326,45,405
2107452,11,497,73,581
2107453,17,290,15,322
2107454,3,437,24,464
2107455,6,243,6,255
2107501,77,474,9,560
2107502,9,409,18,436
2107503,3,289,20,312
2107504,15,292,10,317
2107505,3,188,3,194
2107506,10,368,18,396
2107507,0,384,9,393
2107508,9,223,3,235
2107509,7,418,25,450
2107510,8,428,6,442
2107511,6,267,18,291
2107512,18,353,20,391
2107601,44,305,29,378
2107602,40,875,61,976
2107603,15,224,0,239
2107604,28,519,4,551
2107605,15,182,3,200
2107606,29,671,17,717
2107607,33,580,33,646
2107608,21,484,24,529
2107609,21,500,17,538
2107610,28,455,13,496
2107611,18,285,16,319
2107612,21,237,10,268
2107613,12,365,36,413
2107614,12,362,21,395
2107615,9,207,12,228
2107616,20,478,28,526
2107617,14,426,40,480
2107618,7,262,26,295
2107619,9,283,9,301
2107620,24,413,12,449
2107621,6,494,9,509
2107622,4,280,11,295
2107623,9,164,6,179
2107624,9,284,14,307
2107625,7,123,6,136
2107626,12,110,13,135
2107627,11,234,3,248
2107628,15,243,16,274
2107629,30,551,12,593
2107630,71,278,10,359
2107631,104,505,21,630
2107632,33,383,27,443
2107633,3,178,3,184
2107701,0,22,0,22
2107702,0,166,13,179
2107703,15,233,29,277
2107704,15,218,7,240
2107705,21,291,15,327
2107706,0,12,0,12
2107707,0,7,0,7
2107708,11,274,12,297
2107709,38,386,3,427
2107710,12,200,3,215
2107711,22,296,9,327
2107712,15,487,20,522
2107713,14,375,27,416
2107714,17,439,7,463
2107715,15,339,6,360
2107716,4,330,7,341
2107717,7,216,3,226
2107718,0,0,0,0
2107719,23,447,24,494
2107720,6,189,6,201
2107721,18,316,21,355
2107722,0,223,36,259
2107801,31,525,24,580
2107802,7,329,19,355
2107803,18,200,4,222
2107804,6,251,21,278
2107805,15,270,18,303
2107806,20,386,13,419
2107807,10,182,4,196
2107808,12,361,16,389
2107809,66,343,15,424
2107810,13,205,11,229
2107811,13,638,12,663
2107812,22,560,12,594
2107813,0,216,0,216
2107814,15,331,13,359
2107815,9,191,19,219
2107816,7,139,37,183
2107817,31,465,15,511
2107818,0,145,6,151
2107819,6,234,21,261
2107820,4,230,9,243
2107821,17,251,19,287
2107901,9,299,3,311
2107902,27,494,11,532
2107903,13,368,12,393
2107904,24,409,17,450
2107905,27,489,14,530
2107906,19,316,13,348
2107907,6,364,6,376
2107908,0,369,18,387
2107909,12,275,6,293
2107910,39,427,6,472
2107911,6,290,10,306
2107912,51,368,17,436
2107913,21,424,14,459
2107914,11,264,4,279
2107915,9,304,12,325
2107916,27,426,6,459
2107917,4,328,15,347
2107918,11,204,7,222
2107919,6,254,5,265
2107920,9,291,16,316
2107921,10,442,19,471
2107922,18,346,9,373
2107923,24,386,12,422
2107924,9,191,30,230
2107925,137,334,12,483
2107926,7,372,6,385
2107927,22,511,16,549
2107928,24,624,27,675
2107929,26,375,23,424
2107930,9,393,6,408
2107931,17,422,14,453
2107932,21,534,6,561
2107933,15,328,7,350
2107934,26,857,19,902
2107935,46,389,46,481
2107936,9,345,17,371
2107937,6,331,12,349
2107938,15,372,15,402
2107939,45,453,18,516
2107940,9,395,7,411
2108001,0,0,0,0
2108101,0,121,6,127
2108102,28,1029,22,1079
2108103,6,230,0,236
2108104,25,585,0,610
2108105,21,414,18,453
2108106,25,475,4,504
2108107,35,535,22,592
2108108,44,786,27,857
2108109,30,553,27,610
2108110,37,414,33,484
2108111,18,241,9,268
2108112,30,326,33,389
2108113,50,475,40,565
2108114,37,481,21,539
2108115,16,217,8,241
2108116,102,364,31,497
2108117,35,519,33,587
2108118,14,265,21,300
2108119,0,203,4,207
2108120,38,443,14,495
2108121,35,312,11,358
2108122,17,403,14,434
2108123,24,310,17,351
2108124,20,233,6,259
2108125,37,506,21,564
2108126,83,359,17,459
2108127,30,228,29,287
2108128,22,353,16,391
2108129,17,194,15,226
2108130,34,202,29,265
2108201,3,97,3,103
2108202,17,362,15,394
2108203,22,506,21,549
2108204,4,315,18,337
2108205,18,307,6,331
2108206,3,201,4,208
2108207,6,207,8,221
2108208,24,231,14,269
2108209,13,230,6,249
2108210,0,184,35,219
2108211,18,387,16,421
2108212,24,284,31,339
2108213,15,191,12,218
2108214,15,221,12,248
2108215,9,274,4,287
2108216,18,320,15,353
2108217,10,132,6,148
2108218,9,281,18,308
2108219,19,471,9,499
2108220,3,167,6,176
2108221,14,232,12,258
2108222,8,293,11,312
2108223,3,141,3,147
2108224,16,341,35,392
2108225,16,280,11,307
2108301,0,0,0,0
2108401,26,374,13,413
2108402,41,400,42,483
2108403,19,251,31,301
2108404,91,427,21,539
2108405,30,378,18,426
2108406,48,558,17,623
2108407,29,409,29,467
2108408,15,277,6,298
2108409,13,274,27,314
2108410,14,360,16,390
2108411,23,304,9,336
2108412,12,278,14,304
2108413,8,195,4,207
2108414,18,174,36,228
2108415,26,198,18,242
2108416,29,405,16,450
2108417,29,272,51,352
2108418,26,291,46,363
2108419,79,217,31,327
2108420,8,275,18,301
2108421,40,338,20,398
2108422,0,3,0,3
2108423,12,227,24,263
2108424,28,388,26,442
2108425,15,241,13,269
2108426,5,208,12,225
2108427,9,261,9,279
2108428,12,176,18,206
2108501,20,241,16,277
2108502,18,244,9,271
2108503,4,194,20,218
2108504,20,259,29,308
2108505,27,392,24,443
2108506,35,305,18,358
2108507,21,258,10,289
2108508,3,107,16,126
2108509,52,359,13,424
2108510,12,152,4,168
2108511,7,327,12,346
2108512,21,248,21,290
2108513,10,221,0,231
2108514,18,402,21,441
2108515,22,356,7,385
2108516,15,336,3,354
2108517,9,220,10,239
2108518,18,302,21,341
2108519,12,263,7,282
2108520,28,382,19,429
2108521,4,157,7,168
2108522,23,288,9,320
2108601,6,160,15,181
2108602,13,207,6,226
2108603,41,447,21,509
2108604,7,397,6,410
2108605,101,415,21,537
2108606,22,466,15,503
2108607,40,477,22,539
2108608,21,275,15,311
2108609,13,253,3,269
2108610,25,433,15,473
2108611,24,208,26,258
2108612,18,248,24,290
2108613,10,147,9,166
2108614,33,294,18,345
2108615,5,258,3,266
2108616,15,282,24,321
2108617,0,0,0,0
2108701,17,337,26,380
2108702,21,179,6,206
2108703,6,148,41,195
2108704,3,255,7,265
2108705,16,293,9,318
2108706,28,256,7,291
2108707,31,230,9,270
2108708,9,160,9,178
2108709,22,400,17,439
2108710,12,172,26,210
2108711,27,409,3,439
2108712,11,309,16,336
2108713,63,378,0,441
2108714,22,417,12,451
2108715,31,380,0,411
2108716,24,390,30,444
2108717,9,240,11,260
2108718,3,186,3,192
2108719,10,464,22,496
2108720,18,567,31,616
2108721,7,190,10,207
2108722,8,360,13,381
2108723,14,323,24,361
2108724,11,175,9,195
2108725,18,145,15,178
2108801,3,111,0,114
2108901,40,478,21,539
2108902,16,282,23,321
2108903,9,273,8,290
2108904,7,405,19,431
2108905,64,381,20,465
2108906,15,215,3,233
2108907,24,434,21,479
2108908,34,551,22,607
2108909,16,320,0,336
2108910,4,288,12,304
2108911,10,304,6,320
2108912,12,351,26,389
2108913,3,222,12,237
2108914,9,340,21,370
2108915,0,236,6,242
2108916,9,271,4,284
2108917,16,404,21,441
2108918,14,318,20,352
2108919,27,584,22,633
2108920,5,252,7,264
2108921,58,506,31,595
2108922,16,406,17,439
2108923,7,163,0,170
2109001,14,275,24,313
2109002,58,261,24,343
2109003,8,356,28,392
2109004,18,335,16,369
2109005,62,361,7,430
2109006,27,366,19,412
2109007,15,350,6,371
2109008,74,356,9,439
2109009,26,283,15,324
2109010,16,298,18,332
2109011,15,481,15,511
2109012,11,385,47,443
2109013,16,394,27,437
2109014,5,366,12,383
2109015,9,531,3,543
2109016,12,409,15,436
2109017,15,501,18,534
2109018,51,537,25,613
2109019,20,528,16,564
2109020,14,340,13,367
2109021,18,289,0,307
2109022,21,328,12,361
2109023,18,408,36,462
2109024,18,290,12,320
2109025,9,250,6,265
2109026,10,243,8,261
2109101,77,460,19,556
2109102,30,468,56,554
2109103,13,341,16,370
2109104,12,565,44,621
2109105,12,269,11,292
2109106,25,299,12,336
2109107,38,588,33,659
2109108,31,622,42,695
2109109,22,300,13,335
2109110,9,232,21,262
2109111,3,207,17,227
2109112,12,353,24,389
2109113,4,215,30,249
2109114,3,118,14,135
2109115,35,485,20,540
2109116,16,347,22,385
2109117,27,259,16,302
2109118,12,220,10,242
2109119,26,344,42,412
2109120,98,550,36,684
2109121,22,325,31,378
2109122,22,400,19,441
2109123,24,311,9,344
2109124,0,0,0,0
2109201,0,12,0,12
2109301,20,454,34,508
2109302,21,357,29,407
2109303,32,311,24,367
2109304,12,248,9,269
2109305,6,160,0,166
2109306,15,397,16,428
2109307,4,181,3,188
2109308,25,283,24,332
2109309,8,226,0,234
2109310,24,330,18,372
2109311,0,0,0,0
2109312,17,331,33,381
2109313,9,214,3,226
2109314,33,252,21,306
2109315,29,543,22,594
2109316,79,287,82,448
2109317,33,477,22,532
2109318,37,411,22,470
2109319,27,538,24,589
2109320,22,324,49,395
2109321,18,296,38,352
2109322,36,411,25,472
2109323,95,811,23,929
2109324,25,407,17,449
2109325,0,223,12,235
2109326,19,359,19,397
2109327,10,296,15,321
2109328,47,273,30,350
2109329,6,253,26,285
2109330,3,387,15,405
2109331,33,331,16,380
2109332,24,389,28,441
2109333,27,416,45,488
2109334,24,315,16,355
2109335,19,337,9,365
2109336,17,281,22,320
2109337,13,365,33,411
2109338,18,376,18,412
2109339,54,615,40,709
2109340,47,427,19,493
2109341,46,425,55,526
2109342,42,517,69,628
2109343,35,510,25,570
2109344,8,362,11,381
2109345,34,352,15,401
2109346,11,241,18,270
2109347,9,218,6,233
2109348,29,196,10,235
2109349,12,272,11,295
2109350,24,603,24,651
2109351,0,78,3,81
2109401,27,249,15,291
2109402,24,357,29,410
2109403,13,329,24,366
2109404,6,266,7,279
2109405,25,480,31,536
2109406,3,180,9,192
2109407,26,447,0,473
2109408,22,311,15,348
2109409,6,153,9,168
2109410,24,528,20,572
2109411,47,351,68,466
2109412,32,232,0,264
2109413,15,685,38,738
2109414,21,493,11,525
2109415,33,440,6,479
2109416,14,381,13,408
2109417,18,301,9,328
2109418,12,213,12,237
2109419,11,298,10,319
2109420,3,349,15,367
2109421,20,350,12,382
2109422,19,206,13,238
2109423,21,347,35,403
2109424,9,294,7,310
2109425,25,381,29,435
2109426,31,260,27,318
2109427,15,297,9,321
2109428,12,218,9,239
2109429,10,451,6,467
2109430,22,257,30,309
2109431,7,184,0,191
2109501,22,195,21,238
2109502,27,437,12,476
2109503,43,279,23,345
2109504,48,510,42,600
2109505,36,365,7,408
2109506,19,330,3,352
2109507,21,289,24,334
2109508,44,278,31,353
2109509,18,386,22,426
2109510,0,0,0,0
2109511,111,618,14,743
2109512,50,397,24,471
2109513,13,367,17,397
2109514,27,439,17,483
2109515,40,670,26,736
2109516,23,384,15,422
2109517,18,366,31,415
2109518,9,400,21,430
2109519,18,335,26,379
2109520,39,424,22,485
2109521,15,349,23,387
2109522,180,294,25,499
2109523,38,506,30,574
2109524,39,266,15,320
2109525,33,458,21,512
2109526,20,532,15,567
2109527,50,470,38,558
2109528,22,347,24,393
2109529,16,390,27,433
2109530,23,324,15,362
2109531,8,365,17,390
2109532,27,585,30,642
2109533,45,340,35,420
2109534,39,459,31,529
2109535,27,468,27,522
2109536,40,365,25,430
2109537,39,308,12,359
2109538,24,267,14,305
2109601,85,488,22,595
2109602,14,186,12,212
2109603,13,315,6,334
2109604,3,9,0,12
2109605,40,358,22,420
2109606,20,306,24,350
2109607,30,291,16,337
2109608,100,443,65,608
2109609,51,574,35,660
2109610,39,308,6,353
2109611,37,360,43,440
2109612,30,366,45,441
2109613,38,507,54,599
2109614,49,443,56,548
2109615,81,303,28,412
2109616,43,367,36,446
2109617,30,216,37,283
2109618,27,250,13,290
2109619,38,428,27,493
2109620,24,339,30,393
2109621,15,188,15,218
2109622,14,344,27,385
2109623,39,491,28,558
2109624,28,410,29,467
2109625,0,3,0,3
2109626,40,446,42,528
2109627,43,358,23,424
2109628,18,491,26,535
2109629,16,268,18,302
2109630,35,448,18,501
2109631,25,236,18,279
2109632,32,253,27,312
2109633,31,395,31,457
2109634,50,409,42,501
2109635,13,293,10,316
2109636,0,0,0,0
2109701,4,263,23,290
2109702,12,296,36,344
2109703,14,217,29,260
2109704,12,247,13,272
2109705,15,209,18,242
2109706,5,289,47,341
2109707,10,211,18,239
2109708,26,351,42,419
2109709,24,264,18,306
2109710,12,284,9,305
2109711,31,426,79,536
2109712,10,197,6,213
2109713,26,207,36,269
2109714,23,289,74,386
2109715,27,317,43,387
2109716,72,273,23,368
2109717,52,613,42,707
2109718,0,43,0,43
2109719,21,256,5,282
2109720,12,417,12,441
2109721,9,660,10,679
2109722,24,353,25,402
2109723,15,461,45,521
2109724,7,275,12,294
2109725,14,282,10,306
2109726,25,362,23,410
2109727,21,217,9,247
2109728,26,274,15,315
2109729,31,818,100,949
2109730,15,233,9,257
2109731,29,369,18,416
2109732,9,319,9,337
2109733,6,279,6,291
2109734,16,312,8,336
2109735,10,558,16,584
2109736,32,323,28,383
2109737,50,387,12,449
2109738,20,223,3,246
2109739,11,812,34,857
2109740,15,396,38,449
2109741,18,536,5,559
2109742,60,420,43,523
2109743,12,851,3,866
2109744,8,448,10,466
2109745,18,444,28,490
2109746,18,306,14,338
2109747,50,304,15,369
2109748,16,413,25,454
2109749,18,409,26,453
2109750,24,469,29,522
2109751,6,363,7,376
2109752,11,351,3,365
2109753,12,256,6,274
2109754,114,255,59,428
2109755,6,268,0,274
2109756,30,373,24,427
2109757,9,326,9,344
2109758,33,413,20,466
2109759,25,493,37,555
2109760,14,240,11,265
2109761,17,373,40,430
2109762,16,616,39,671
2109763,0,6,0,6
2109764,16,383,15,414
2109801,7,378,12,397
2109802,0,0,0,0
2109803,18,448,6,472
2109804,15,346,28,389
2109805,0,20,0,20
2109806,21,372,18,411
2109807,26,418,17,461
2109808,25,287,5,317
2109809,11,227,35,273
2109810,6,188,15,209
2109811,9,266,24,299
2109812,6,132,6,144
2109813,17,564,32,613
2109814,12,409,25,446
2109901,0,21,7,28
2110001,42,264,25,331
2110002,6,185,3,194
2110003,15,465,12,492
2110004,9,515,21,545
2110005,0,0,0,0
2110006,13,317,9,339
2110007,0,11,12,23
2110008,15,352,12,379
2110009,45,319,33,397
2110010,20,372,21,413
2110011,27,275,15,317
2110012,33,243,16,292
2110013,0,118,0,118
2110101,11,265,18,294
2110102,27,295,4,326
2110103,22,584,47,653
2110104,13,319,0,332
2110105,15,195,6,216
2110106,15,298,12,325
2110107,10,452,20,482
2110108,15,264,16,295
2110109,13,371,45,429
2110110,24,367,9,400
2110111,62,274,11,347
2110112,40,315,21,376
2110113,22,310,11,343
2110114,16,254,18,288
2110115,26,476,68,570
2110116,19,398,44,461
2110117,27,356,27,410
2110118,16,450,15,481
2110119,23,430,30,483
2110120,3,166,4,173
2110121,15,361,33,409
2110122,10,522,25,557
2110123,100,341,4,445
2110124,18,359,21,398
2110125,32,437,3,472
2110126,33,476,33,542
2110127,9,271,13,293
2110128,0,318,27,345
2110129,15,314,3,332
2110130,13,497,29,539
2110131,6,189,20,215
2110132,15,312,72,399
2110133,9,252,15,276
2110134,4,286,7,297
2110135,9,201,3,213
2110201,10,260,12,282
2110202,17,430,20,467
2110203,3,34,807,844
2110204,21,226,6,253
2110205,24,256,36,316
2110206,16,417,9,442
2110207,3,293,15,311
2110208,13,262,4,279
2110209,11,392,12,415
2110210,15,319,43,377
2110211,17,280,21,318
2110212,18,221,9,248
2110301,23,547,7,577
2110302,3,101,15,119
2110303,7,523,17,547
2110304,30,342,34,406
2110305,21,427,19,467
2110306,8,240,8,256
2110307,15,414,16,445
2110308,18,378,10,406
2110309,15,383,21,419
2110310,12,136,15,163
2110311,64,473,27,564
2110312,3,340,3,346
2110313,36,472,30,538
2110314,16,322,9,347
2110315,15,225,26,266
2110316,15,411,26,452
2110317,20,454,11,485
2110318,24,447,15,486
2110319,94,412,25,531
2110320,38,412,46,496
2110321,12,420,21,453
2110322,12,284,27,323
2110323,30,525,21,576
2110324,70,251,12,333
2110325,17,530,27,574
2110326,14,378,34,426
2110327,30,521,32,583
2110328,21,354,41,416
2110329,3,194,9,206
2110330,25,265,12,302
2110331,37,444,31,512
2110332,22,179,27,228
2110333,43,461,21,525
2110334,42,437,10,489
2110401,18,206,23,247
2110402,9,179,3,191
2110403,21,450,6,477
2110404,7,220,7,234
2110405,14,281,0,295
2110406,14,258,17,289
2110407,0,3,0,3
2110408,23,200,27,250
2110409,20,232,4,256
2110410,25,304,29,358
2110411,33,444,9,486
2110412,41,317,12,370
2110413,34,307,9,350
2110414,40,487,16,543
2110415,56,377,49,482
2110416,13,395,15,423
2110501,15,198,0,213
2110502,32,548,26,606
2110503,30,400,33,463
2110504,10,281,21,312
2110505,15,296,11,322
2110506,20,413,30,463
2110507,22,423,13,458
2110508,18,351,15,384
2110509,12,266,24,302
2110510,42,487,50,579
2110511,26,869,149,1044
2110512,26,279,18,323
2110513,25,701,60,786
2110514,19,399,32,450
2110515,20,335,24,379
2110516,18,235,4,257
2110517,27,400,15,442
2110518,15,362,27,404
2110519,3,296,25,324
2110520,34,341,9,384
2110521,19,336,52,407
2110522,27,571,53,651
2110523,32,591,67,690
2110524,12,422,18,452
2110525,6,299,44,349
2110526,30,387,25,442
2110527,23,287,16,326
2110528,24,271,12,307
2110529,21,457,9,487
2110530,27,453,20,500
2110531,74,470,25,569
2110532,9,190,7,206
2110533,22,433,16,471
2110534,35,542,29,606
2110535,18,563,40,621
2110536,21,328,8,357
2110537,13,407,56,476
2110538,6,448,45,499
2110539,21,382,12,415
2110540,10,497,12,519
2110541,44,506,40,590
2110542,25,372,46,443
2110543,27,490,28,545
2110544,11,776,76,863
2110545,0,576,18,594
2110546,7,235,24,266
2110547,9,250,14,273
2110548,6,192,3,201
2110549,21,314,9,344
2110550,17,357,39,413
2110601,26,530,12,568
2110602,25,487,73,585
2110603,19,379,37,435
2110604,15,432,19,466
2110605,9,377,12,398
2110606,6,283,28,317
2110607,32,405,18,455
2110608,32,440,24,496
2110609,7,478,39,524
2110610,14,297,28,339
2110611,13,424,23,460
2110612,31,471,28,530
2110613,18,385,15,418
2110614,21,585,36,642
2110615,19,364,13,396
2110616,5,294,21,320
2110617,24,461,33,518
2110618,14,309,8,331
2110619,21,256,9,286
2110701,25,438,9,472
2110702,15,346,27,388
2110703,21,427,24,472
2110704,14,347,9,370
2110705,26,433,35,494
2110706,17,557,48,622
2110707,35,510,48,593
2110708,18,335,7,360
2110709,19,602,23,644
2110710,6,300,13,319
2110711,48,235,29,312
2110712,27,443,25,495
2110713,25,413,19,457
2110714,18,443,26,487
2110715,68,396,14,478
2110716,15,391,49,455
2110717,21,314,21,356
2110718,17,321,24,362
2110719,30,499,42,571
2110720,15,455,73,543
2110721,20,363,27,410
2110722,9,178,20,207
2110723,12,305,15,332
2110724,12,300,30,342
2110725,11,427,25,463
2110726,16,378,15,409
2110727,15,294,35,344
2110728,18,257,6,281
2110729,9,258,31,298
2110730,12,259,27,298
2110731,17,494,12,523
2110801,25,293,5,323
2110802,7,224,15,246
2110803,39,438,61,538
2110804,19,273,40,332
2110805,30,471,41,542
2110806,42,388,38,468
2110807,7,304,7,318
2110808,33,374,13,420
2110809,30,487,48,565
2110810,18,408,24,450
2110811,28,368,12,408
2110812,10,230,12,252
2110813,21,353,8,382
2110814,18,399,12,429
2110815,40,468,26,534
2110816,42,363,12,417
2110817,34,284,6,324
2110818,20,273,23,316
2110819,36,495,56,587
2110820,56,452,57,565
2110821,29,456,37,522
2110822,9,670,52,731
2110823,37,472,43,552
2110824,25,504,28,557
2110825,43,486,34,563
2110826,16,345,3,364
2110827,34,306,18,358
2110828,15,380,12,407
2110829,39,425,33,497
2110830,16,298,10,324
2110831,22,470,29,521
2110832,24,351,23,398
2110833,30,486,27,543
2110834,33,351,39,423
2110835,28,352,21,401
2110836,7,332,42,381
2110837,27,262,20,309
2110838,28,525,23,576
2110839,18,278,14,310
2110840,35,261,3,299
2110841,28,342,54,424
2110842,16,390,25,431
2110843,24,381,20,425
2110844,23,421,3,447
2110845,11,300,24,335
2110846,6,394,31,431
2110847,21,321,45,387
2110848,18,212,9,239
2110849,18,423,16,457
2110850,17,401,24,442
2110851,17,266,10,293
2110852,10,202,3,215
2110853,11,661,80,752
2110854,15,272,24,311
2110855,17,370,18,405
2110856,9,171,17,197
2110857,20,213,10,243
2110858,35,439,24,498
2110859,80,212,16,308
2110860,0,269,25,294
2110901,25,472,26,523
2110902,20,337,11,368
2110903,15,284,10,309
2110904,18,403,9,430
2110905,16,321,0,337
2110906,25,472,0,497
2110907,21,401,15,437
2110908,12,292,7,311
2110909,27,451,14,492
2110910,12,273,15,300
2110911,24,419,3,446
2110912,8,371,22,401
2110913,12,416,24,452
2110914,16,285,15,316
2110915,12,374,19,405
2110916,8,320,20,348
2110917,17,363,16,396
2110918,25,457,24,506
2110919,82,271,20,373
2110920,26,320,20,366
2110921,22,335,31,388
2110922,17,420,16,453
2110923,15,389,25,429
2110924,15,224,9,248
2111001,20,367,6,393
2111002,27,362,15,404
2111003,17,467,16,500
2111004,12,256,23,291
2111005,0,218,6,224
2111006,9,474,33,516
2111007,29,435,22,486
2111008,20,451,34,505
2111009,0,6,0,6
2111010,22,559,41,622
2111011,12,275,9,296
2111012,15,444,15,474
2111013,11,529,9,549
2111014,20,331,18,369
2111015,23,596,19,638
2111016,15,404,18,437
2111017,19,250,0,269
2111018,24,323,18,365
2111019,18,404,30,452
2111020,0,0,0,0
2111021,0,6,3,9
2111022,13,370,9,392
2111101,38,323,12,373
2111102,21,261,6,288
2111103,15,655,15,685
2111104,29,551,19,599
2111105,25,518,29,572
2111106,18,295,28,341
2111107,31,484,6,521
2111108,78,462,64,604
2111109,15,287,15,317
2111110,24,484,27,535
2111111,12,237,9,258
2111112,23,564,21,608
2111113,18,521,58,597
2111114,20,514,27,561
2111115,26,436,16,478
2111116,12,215,15,242
2111117,20,350,27,397
2111118,20,412,34,466
2111119,9,297,3,309
2111120,0,314,24,338
2111121,9,288,37,334
2111122,3,303,27,333
2111123,38,482,59,579
2111124,14,364,18,396
2111125,9,252,6,267
2111126,21,374,21,416
2111127,16,376,14,406
2111128,29,505,10,544
2111129,20,450,21,491
2111130,25,523,13,561
2111131,21,269,12,302
2111132,19,409,42,470
2111133,26,448,33,507
2111134,18,314,3,335
2111135,13,377,27,417
2111136,20,562,19,601
2111137,12,473,10,495
2111138,21,390,17,428
2111139,13,299,19,331
2111140,23,506,11,540
2111141,25,351,6,382
2111142,78,317,10,405
2111143,33,513,30,576
2111144,15,364,4,383
2111145,21,484,26,531
2111146,26,386,20,432
2111147,11,322,40,373
2111148,28,565,21,614
2111149,18,338,27,383
2111150,74,162,11,247
2111151,9,349,10,368
2111152,16,341,13,370
2111153,0,0,0,0
2111201,62,436,33,531
2111202,25,390,35,450
2111203,18,318,16,352
2111204,21,246,27,294
2111205,46,532,44,622
2111206,17,311,42,370
2111207,29,407,37,473
2111208,25,321,15,361
2111209,7,454,54,515
2111210,36,413,22,471
2111211,23,235,12,270
2111212,7,429,38,474
2111213,19,396,24,439
2111214,12,456,16,484
2111215,18,348,31,397
2111216,23,402,10,435
2111217,13,328,18,359
2111218,12,281,18,311
2111219,9,416,10,435
2111220,25,416,39,480
2111221,114,375,17,506
2111222,8,259,12,279
2111223,17,455,25,497
2111224,31,366,47,444
2111225,32,478,75,585
2111226,13,376,22,411
2111227,16,289,45,350
2111228,18,445,23,486
2111229,11,416,11,438
2111230,19,448,21,488
2111231,15,208,3,226
2111232,17,408,18,443
2111233,17,375,28,420
2111234,15,370,69,454
2111235,19,511,29,559
2111236,18,238,6,262
2111237,9,325,9,343
2111238,14,352,24,390
2111239,12,356,34,402
2111240,35,227,15,277
2111241,17,273,3,293
2111242,0,303,42,345
2111301,0,0,0,0
2111302,12,306,9,327
2111303,21,557,18,596
2111304,21,570,21,612
2111305,17,653,32,702
2111306,23,637,3,663
2111307,58,524,10,592
2111308,11,308,12,331
2111309,18,308,17,343
2111310,14,252,17,283
2111311,15,547,32,594
2111312,24,447,42,513
2111313,25,367,25,417
2111314,14,359,27,400
2111315,6,393,26,425
2111316,29,331,86,446
2111317,38,401,70,509
2111318,23,202,65,290
2111319,15,385,73,473
2111320,21,333,32,386
2111321,24,344,50,418
2111322,16,306,27,349
2111323,15,339,25,379
2111324,24,474,19,517
2111325,24,337,21,382
2111326,6,412,26,444
2111327,14,507,41,562
2111328,11,401,37,449
2111329,0,200,9,209
2111330,15,273,17,305
2111331,15,276,29,320
2111332,15,216,23,254
2111401,6,231,12,249
2111402,18,424,35,477
2111403,18,332,14,364
2111404,25,326,17,368
2111405,35,323,14,372
2111406,15,479,29,523
2111407,21,522,19,562
2111408,9,368,22,399
2111409,18,516,13,547
2111410,18,451,48,517
2111411,7,265,9,281
2111412,15,326,15,356
2111413,23,585,31,639
2111414,12,445,27,484
2111415,10,211,6,227
2111416,6,286,28,320
2111417,13,359,27,399
2111418,16,344,20,380
2111419,9,252,6,267
2111420,10,305,13,328
2111421,15,452,27,494
2111422,11,272,21,304
2111423,18,408,39,465
2111424,12,272,18,302
2111425,18,389,17,424
2111426,23,378,13,414
2111427,18,457,118,593
2111428,11,420,31,462
2111429,9,334,18,361
2111430,21,299,0,320
2111431,6,282,34,322
2111432,12,349,22,383
2111433,18,401,6,425
2111434,7,294,16,317
2111435,26,448,18,492
2111436,15,326,8,349
2111437,30,514,32,576
2111438,9,481,11,501
2111439,10,297,9,316
2111440,105,369,22,496
2111441,20,455,37,512
2111442,14,499,13,526
2111443,15,378,37,430
2111444,14,551,20,585
2111445,3,380,39,422
2111446,11,365,36,412
2111447,69,298,31,398
2111448,13,353,9,375
2111449,21,436,3,460
2111450,13,296,4,313
2111451,6,267,4,277
2111452,12,511,27,550
2111453,13,339,27,379
2111454,12,334,17,363
2111455,3,201,53,257
2111456,6,252,12,270
2111457,27,219,70,316
2111458,10,364,9,383
2111459,8,291,6,305
2111460,16,332,9,357
2111461,15,479,17,511
2111501,3,362,21,386
2111502,7,390,35,432
2111503,15,290,18,323
2111504,0,291,15,306
2111505,0,413,10,423
2111506,24,373,72,469
2111507,53,392,89,534
2111508,25,533,17,575
2111509,6,201,39,246
2111510,11,325,37,373
2111511,8,445,29,482
2111512,52,444,53,549
2111513,10,360,9,379
2111514,74,246,27,347
2111515,38,379,37,454
2111516,10,443,21,474
2111517,23,1074,131,1228
2111518,0,0,0,0
2111519,23,271,55,349
2111520,28,365,122,515
2111521,21,247,39,307
2111601,12,321,15,348
2111602,81,390,37,508
2111603,24,413,18,455
2111604,9,399,28,436
2111605,12,295,30,337
2111606,9,355,15,379
2111607,15,405,10,430
2111608,23,429,17,469
2111609,10,289,24,323
2111610,11,381,20,412
2111611,21,387,11,419
2111612,14,402,15,431
2111613,24,494,34,552
2111614,27,402,16,445
2111615,27,446,48,521
2111616,7,450,30,487
2111617,12,408,44,464
2111618,15,439,11,465
2111619,24,427,45,496
2111620,18,335,15,368
2111621,16,421,21,458
2111622,25,453,16,494
2111623,21,447,3,471
2111624,18,370,12,400
2111625,23,390,31,444
2111626,37,431,36,504
2111627,12,323,15,350
2111628,15,373,28,416
2111629,0,4,0,4
2111630,15,316,15,346
2111631,113,505,12,630
2111632,24,264,9,297
2111701,6,599,59,664
2111702,6,374,37,417
2111703,0,229,21,250
2111704,9,382,38,429
2111705,6,350,44,400
2111706,14,497,83,594
2111707,9,522,31,562
2111708,0,458,38,496
2111709,4,363,61,428
2111710,0,392,129,521
2111711,6,294,39,339
2111712,12,343,39,394
2111713,10,369,30,409
2111714,3,233,56,292
2111715,9,404,68,481
2111716,15,263,25,303
2111717,6,228,11,245
2111718,33,442,89,564
2111719,0,514,59,573
2111720,27,224,104,355
2111721,16,454,63,533
2111722,30,248,62,340
2111723,26,353,120,499
2111724,0,0,0,0
2111725,0,339,34,373
2111726,3,240,39,282
2111727,3,336,41,380
2111728,3,518,40,561
2111729,3,268,43,314
2111730,3,673,79,755
2111731,0,382,39,421
2111732,6,851,77,934
2111801,0,377,45,422
2111802,3,447,59,509
2111803,0,757,188,945
2111804,3,521,167,691
2111805,0,426,118,544
2111806,0,187,3,190
2111807,3,188,9,200
2111808,9,243,20,272
2111809,3,181,68,252
2111810,3,617,143,763
2111811,0,3,3,6
2111812,0,137,35,172
2111813,6,574,122,702
2111814,0,101,27,128
2111901,3,230,12,245
2111902,15,332,44,391
2111903,6,333,24,363
2111904,4,255,30,289
2111905,3,210,12,225
2111906,3,278,107,388
2111907,12,435,89,536
2111908,97,333,37,467
2111909,0,471,51,522
2111910,6,209,29,244
2111911,0,170,16,186
2111912,9,380,36,425
2111913,0,0,0,0
2111914,0,259,27,286
2111915,4,320,16,340
2112001,0,71,6,77
2112101,0,15,0,15
2112102,6,294,4,304
2112103,15,418,31,464
2112104,9,350,32,391
2112105,12,450,35,497
2112106,0,0,0,0
2112107,52,866,72,990
2112108,29,456,47,532
2112109,4,354,31,389
2112110,11,311,17,339
2112111,0,0,0,0
2112112,0,312,23,335
2112113,85,312,31,428
2112114,9,274,11,294
2112115,9,596,30,635
2112116,11,261,21,293
2112117,24,658,41,723
2112118,14,446,15,475
2112119,13,563,18,594
2112120,3,680,25,708
2112121,3,165,3,171
2112122,6,442,44,492
2112123,15,588,44,647
2112201,9,936,77,1022
2112202,3,312,48,363
2112203,0,606,91,697
2112204,0,311,22,333
2112205,0,0,0,0
2112206,0,462,136,598
2112207,8,834,128,970
2112208,6,802,140,948
2112209,6,403,117,526
2112210,3,290,112,405
2112211,3,395,51,449
2112212,3,558,101,662
2112213,0,423,62,485
2112214,0,419,33,452
2112215,0,557,101,658
2112216,0,304,68,372
2112217,7,494,69,570
2112218,3,188,51,242
2112219,3,1016,287,1306
2112220,0,728,170,898
2112221,5,267,73,345
2112222,0,409,34,443
2112223,9,215,15,239
2112224,0,309,93,402
2112225,3,159,57,219
2112226,3,896,65,964
2112227,7,1539,186,1732
2112228,3,341,22,366
2112229,0,707,51,758
2112230,3,308,44,355
2112231,6,232,25,263
2112232,9,498,114,621
2112233,4,394,29,427
2112234,0,351,21,372
2112235,6,494,57,557
2112301,0,851,54,905
2112302,6,243,88,337
2112303,6,355,142,503
2112304,3,245,75,323
2112305,7,245,12,264
2112306,21,290,14,325
2112307,4,244,20,268
2112308,9,442,91,542
2112309,9,363,86,458
2112310,0,258,17,275
2112311,45,468,59,572
2112312,9,542,99,650
2112313,0,0,234,234
2112314,9,602,43,654
2112315,0,0,0,0
2112316,3,437,94,534
2112317,0,0,0,0
2112318,6,454,27,487
2112319,0,362,38,400
2112320,6,145,26,177
2112321,13,485,95,593
2112322,39,386,98,523
2112323,3,167,9,179
2112324,21,376,75,472
2112325,12,484,23,519
2112326,24,209,19,252
2112327,0,232,3,235
2112328,0,377,36,413
2112329,9,428,52,489
2112330,3,454,53,510
2112331,6,323,60,389
2112332,9,443,51,503
2112333,0,21,23,44
2112334,3,355,21,379
2112335,40,533,61,634
2112336,0,448,50,498
2112337,45,564,54,663
2112338,6,236,45,287
2112401,19,21,27,67
2112402,12,421,13,446
2112403,0,12,0,12
2112404,3,313,26,342
2112405,15,524,85,624
2112406,10,244,15,269
2112407,4,1468,47,1519
2112408,151,803,44,998
2112409,30,249,35,314
2112410,3,389,15,407
2112411,27,310,50,387
2112412,3,313,32,348
2112413,12,395,47,454
2112501,0,391,48,439
2112502,18,495,64,577
2112503,4,409,18,431
2112504,9,295,36,340
2112505,95,455,81,631
2112506,21,337,34,392
2112507,15,444,48,507
2112508,0,364,36,400
2112509,7,248,37,292
2112510,3,429,53,485
2112511,3,222,13,238
2112512,4,561,82,647
2112513,3,274,37,314
2112514,0,264,39,303
2112601,0,653,10,663
2112602,12,500,33,545
2112603,0,393,43,436
2112604,3,315,41,359
2112605,0,288,24,312
2112606,3,402,34,439
2112607,0,479,123,602
2112608,3,416,154,573
2112609,6,599,175,780
2112610,3,206,53,262
2112611,12,610,44,666
2112612,0,0,0,0
2112613,0,388,57,445
2112614,3,311,50,364
2112615,0,438,36,474
2112616,0,375,29,404
2112617,0,477,24,501
2112618,13,804,83,900
2112619,3,612,50,665
2112620,4,296,4,304
2112621,6,646,109,761
2112622,0,55,12,67
2112623,0,59,22,81
2112624,0,3,3,6
2112625,0,181,17,198
2112626,0,0,0,0
2112627,0,165,5,170
2112628,3,296,26,325
2112701,0,0,0,0
2112702,0,0,0,0
2112801,6,221,19,246
2112802,6,308,27,341
2112803,32,488,21,541
2112804,12,396,18,426
2112805,6,282,18,306
2112806,5,351,33,389
2112807,16,410,14,440
2112808,24,436,51,511
2112809,10,424,46,480
2112810,53,175,21,249
2112811,6,310,30,346
2112812,12,365,20,397
2112813,20,554,18,592
2112814,15,334,33,382
2112815,7,348,9,364
2112816,42,394,29,465
2112817,19,366,47,432
2112818,6,257,4,267
2112819,12,434,14,460
2112820,18,407,25,450
2112821,6,266,27,299
2112822,18,368,24,410
2112823,11,308,29,348
2112824,12,343,29,384
2112825,12,360,30,402
2112826,12,462,24,498
2112827,0,499,47,546
2112828,6,526,107,639
2112829,15,904,60,979
2112830,0,687,31,718
2112831,3,198,25,226
2112832,0,3,0,3
2112833,0,552,57,609
2112901,6,300,34,340
2112902,9,508,27,544
2112903,11,417,39,467
2112904,12,394,37,443
2112905,10,532,55,597
2112906,0,256,25,281
2112907,7,560,24,591
2112908,6,459,33,498
2112909,4,422,36,462
2112910,6,344,32,382
2112911,11,251,23,285
2112912,3,199,18,220
2112913,12,371,89,472
2112914,0,327,48,375
2112915,10,220,21,251
2112916,8,408,53,469
2112917,0,0,0,0
2112918,0,0,0,0
2112919,0,0,0,0
2112920,0,0,0,0
2112921,12,388,47,447
2112922,10,524,36,570
2112923,9,493,39,541
2112924,9,371,60,440
2112925,3,496,51,550
2112926,8,362,50,420
2112927,3,289,26,318
2112928,9,337,31,377
2112929,7,272,28,307
2112930,11,369,30,410
2112931,12,443,53,508
2112932,3,316,63,382
2112933,6,309,52,367
2112934,3,295,16,314
2112935,12,352,35,399
2112936,0,397,32,429
2112937,0,167,30,197
2112938,6,234,11,251
2112939,16,389,9,414
2112940,9,298,8,315
2113001,7,465,43,515
2113002,29,528,22,579
2113003,11,439,19,469
2113004,29,278,13,320
2113005,3,282,27,312
2113006,18,306,34,358
2113007,12,454,15,481
2113008,13,208,14,235
2113009,15,276,27,318
2113010,3,499,49,551
2113011,26,390,42,458
2113012,3,264,29,296
2113013,33,290,45,368
2113014,10,250,13,273
2113015,20,238,32,290
2113016,15,380,74,469
2113017,3,445,79,527
2113018,6,1296,89,1391
2113019,10,303,15,328
2113020,45,526,31,602
2113021,12,226,15,253
2113022,0,521,65,586
2113023,18,302,8,328
2113024,19,478,18,515
2113025,10,370,31,411
2113026,3,418,50,471
2113027,46,317,40,403
2113028,3,329,32,364
2113029,43,399,24,466
2113030,9,313,14,336
2113031,12,676,45,733
2113032,3,237,8,248
2113033,9,232,18,259
2113101,0,0,0,0
2113102,0,6,0,6
2113201,12,294,28,334
2113202,52,213,38,303
2113203,95,377,90,562
2113204,4,274,44,322
2113205,15,323,54,392
2113206,15,301,15,331
2113207,11,307,9,327
2113208,21,410,19,450
2113209,12,391,15,418
2113210,48,324,40,412
2113211,4,198,56,258
2113212,5,334,27,366
2113213,69,453,28,550
2113214,64,337,21,422
2113215,5,453,39,497
2113216,6,565,43,614
2113217,6,471,36,513
2113218,0,307,28,335
2113219,0,391,27,418
2113220,0,296,21,317
2113221,0,224,27,251
2113222,3,164,4,171
2113223,9,348,23,380
2113224,12,303,12,327
2113225,25,203,60,288
2113226,0,256,21,277
2113301,11,237,34,282
2113302,0,219,21,240
2113303,6,252,20,278
2113304,9,287,19,315
2113305,27,362,42,431
2113306,0,0,0,0
2113307,15,474,26,515
2113308,29,553,51,633
2113309,0,0,0,0
2113310,0,192,4,196
2113311,3,305,12,320
2113312,8,311,84,403
2113313,3,340,54,397
2113314,0,425,103,528
2113315,9,347,35,391
2113316,17,375,51,443
2113317,9,452,50,511
2113318,7,430,39,476
2113319,0,0,0,0
2113320,6,289,26,321
2113321,9,244,27,280
2113322,4,449,53,506
2113323,16,504,30,550
2113324,6,294,32,332
2113325,0,0,0,0
2113326,3,462,13,478
2113327,12,388,41,441
2113328,12,334,24,370
2113329,9,387,42,438
2113330,9,305,86,400
2113331,6,443,93,542
2113332,15,618,83,716
2113333,4,405,67,476
2113334,7,702,40,749
2113335,5,335,41,381
2113336,12,372,37,421
2113337,22,599,45,666
2113338,44,275,12,331
2113339,13,463,29,505
2113340,3,337,19,359
2113341,0,195,167,362
2113342,41,162,207,410
2113343,12,415,52,479
2113344,7,431,52,490
2113345,7,226,67,300
2113346,72,322,35,429
2113347,7,249,12,268
2113348,10,395,107,512
2113349,18,434,45,497
2113350,12,396,31,439
2113351,9,409,112,530
2113352,9,517,62,588
2113353,3,431,21,455
2113354,9,360,39,408
2113355,14,412,60,486
2113356,21,225,18,264
2113401,3,353,13,369
2113402,9,303,12,324
2113403,18,316,17,351
2113404,0,179,35,214
2113405,15,433,60,508
2113406,15,456,30,501
2113407,4,407,23,434
2113408,0,313,29,342
2113409,3,240,17,260
2113410,3,218,19,240
2113411,6,317,43,366
2113412,18,514,43,575
2113413,22,522,12,556
2113414,12,343,24,379
2113415,12,399,32,443
2113416,16,439,34,489
2113417,12,381,14,407
2113418,9,265,39,313
2113419,7,427,27,461
2113420,9,451,39,499
2113421,4,356,13,373
2113422,59,390,33,482
2113423,12,350,20,382
2113424,7,258,3,268
2113425,23,427,3,453
2113426,7,310,6,323
2113427,10,434,30,474
2113428,15,423,24,462
2113429,0,317,40,357
2113430,18,341,41,400
2113431,6,243,15,264
2113432,9,558,37,604
2113433,15,374,9,398
2113434,0,441,15,456
2113435,12,388,11,411
2113436,0,194,9,203
2113437,20,391,33,444
2113438,12,504,35,551
2113439,4,324,26,354
2113501,54,464,24,542
2113502,3,370,35,408
2113503,34,602,33,669
2113504,11,438,13,462
2113505,8,309,27,344
2113506,3,480,27,510
2113507,14,603,48,665
2113508,6,333,26,365
2113509,0,357,47,404
2113510,12,380,27,419
2113511,15,364,14,393
2113512,12,349,30,391
2113513,9,468,40,517
2113514,11,314,31,356
2113515,13,390,28,431
2113516,12,508,52,572
2113517,19,549,42,610
2113518,6,201,36,243
2113519,6,428,33,467
2113601,9,571,49,629
2113602,3,452,70,525
2113603,7,358,30,395
2113604,0,302,35,337
2113605,7,445,50,502
2113606,60,290,128,478
2113607,18,470,23,511
2113608,12,476,42,530
2113609,0,276,35,311
2113610,5,445,38,488
2113611,7,371,34,412
2113612,57,250,22,329
2113613,21,352,44,417
2113614,42,295,45,382
2113615,0,175,9,184
2113616,63,269,63,395
2113617,12,424,70,506
2113618,61,376,50,487
2113619,20,430,24,474
2113620,4,326,40,370
2113621,15,318,13,346
2113622,11,296,14,321
2113623,40,452,14,506
2113624,12,534,33,579
2113625,0,428,27,455
2113626,19,465,44,528
2113627,6,402,49,457
2113628,12,574,33,619
2113629,45,327,36,408
2113630,4,402,18,424
2113631,38,301,26,365
2113632,14,351,45,410
2113633,12,466,94,572
2113634,11,403,21,435
2113635,10,445,28,483
2113636,9,230,19,258
2113637,3,309,34,346
2113638,6,274,6,286
2113639,12,442,35,489
2113640,6,208,6,220
2113641,15,260,22,297
2113701,0,0,0,0
2113702,6,590,106,702
2113703,3,252,15,270
2113704,0,563,73,636
2113705,5,340,21,366
2113706,9,436,21,466
2113707,15,437,47,499
2113708,12,339,29,380
2113709,12,494,19,525
2113710,12,615,49,676
2113711,8,383,66,457
2113712,6,277,26,309
2113713,3,308,75,386
2113714,11,379,47,437
2113715,16,447,24,487
2113716,3,322,25,350
2113717,9,525,82,616
2113718,6,304,37,347
2113719,3,441,72,516
2113720,6,569,54,629
2113721,3,276,27,306
2113722,6,439,20,465
2113723,6,517,42,565
2113724,19,461,45,525
2113725,8,494,36,538
2113726,6,345,22,373
2113727,92,345,123,560
2113728,105,429,73,607
2113729,6,630,66,702
2113730,0,580,51,631
2113731,7,287,29,323
2113801,9,310,12,331
2113802,4,388,32,424
2113803,3,257,24,284
2113804,5,382,20,407
2113805,7,383,23,413
2113806,3,255,15,273
2113807,14,238,27,279
2113808,6,359,39,404
2113809,7,291,12,310
2113810,6,359,24,389
2113811,3,364,15,382
2113812,18,550,60,628
2113813,12,399,32,443
2113814,7,488,50,545
2113815,26,333,51,410
2113816,15,326,47,388
2113817,12,358,15,385
2113818,15,420,25,460
2113819,9,360,44,413
2113820,11,514,35,560
2113821,6,327,6,339
2113822,35,343,32,410
2113823,15,479,40,534
2113824,10,417,12,439
2113825,7,415,31,453
2113826,15,336,12,363
2113827,12,367,68,447
2113828,3,258,27,288
2113829,11,343,30,384
2113830,9,422,39,470
2113831,7,328,22,357
2113832,3,243,4,250
2113901,15,260,46,321
2113902,94,268,79,441
2113903,6,422,28,456
2113904,7,231,48,286
2113905,29,503,79,611
2113906,3,370,17,390
2113907,34,564,81,679
2113908,6,229,24,259
2113909,15,395,77,487
2113910,9,377,78,464
2113911,21,476,18,515
2114001,7,275,0,282
2114002,9,330,16,355
2114003,12,248,9,269
2114004,0,313,6,319
2114005,12,313,6,331
2114006,3,358,13,374
2114007,23,293,22,338
2114008,31,433,50,514
2114009,21,396,15,432
2114010,6,423,16,445
2114011,6,339,12,357
2114012,11,301,15,327
2114013,0,0,0,0
2114014,6,452,52,510
2114015,9,396,21,426
2114016,14,505,19,538
2114017,3,323,8,334
2114018,10,319,12,341
2114019,0,318,24,342
2114020,0,258,21,279
2114021,19,369,34,422
2114022,0,349,21,370
2114023,6,357,18,381
2114101,21,601,51,673
2114102,9,399,33,441
2114103,0,252,33,285
2114104,43,433,160,636
2114105,0,524,137,661
2114106,44,567,186,797
2114107,24,201,69,294
2114108,41,222,31,294
2114109,3,410,42,455
2114110,19,241,16,276
2114111,15,332,20,367
2114112,6,562,44,612
2114113,0,224,17,241
2114114,35,325,71,431
2114201,34,350,58,442
2114202,6,314,57,377
2114203,33,308,55,396
2114204,41,404,59,504
2114205,45,402,49,496
2114206,0,418,81,499
2114207,12,176,33,221
2114208,12,417,45,474
2114209,6,388,35,429
2114210,6,429,27,462
2114211,3,346,24,373
2114212,11,417,47,475
2114213,59,279,38,376
2114214,13,157,61,231
2114215,38,126,138,302
2114216,9,291,8,308
2114217,3,550,47,600
2114218,7,197,37,241
2114219,13,320,40,373
2114220,9,424,45,478
2114221,18,424,73,515
2114222,3,255,11,269
2114223,0,515,72,587
2114301,20,386,23,429
2114302,24,280,6,310
2114303,17,436,0,453
2114304,10,249,5,264
2114305,50,482,36,568
2114306,19,491,30,540
2114307,27,504,14,545
2114308,43,437,82,562
2114309,6,483,36,525
2114310,9,333,19,361
2114311,9,407,39,455
2114312,3,434,35,472
2114313,6,214,14,234
2114314,51,415,39,505
2114315,15,423,33,471
2114316,18,453,46,517
2114317,9,477,43,529
2114318,7,335,30,372
2114319,26,230,12,268
2114320,5,302,17,324
2114321,19,310,14,343
2114322,8,388,12,408
2114323,21,335,29,385
2114324,20,464,35,519
2114325,11,360,23,394
2114326,12,258,17,287
2114327,12,407,18,437
2114401,12,355,58,425
2114402,42,362,46,450
2114403,6,437,58,501
2114404,21,304,33,358
2114405,37,392,55,484
2114406,36,397,49,482
2114407,41,387,28,456
2114408,5,326,59,390
2114409,9,435,20,464
2114410,9,417,34,460
2114411,3,207,38,248
2114412,26,481,18,525
2114413,7,397,34,438
2114414,6,402,16,424
2114415,3,333,17,353
2114416,6,363,12,381
2114417,12,410,18,440
2114418,16,468,30,514
2114419,10,336,24,370
2114420,7,384,12,403
2114421,12,236,36,284
2114422,12,272,21,305
2114423,16,450,21,487
2114424,13,437,21,471
2114425,0,441,21,462
2114426,3,392,61,456
2114427,12,452,35,499
2114428,12,441,20,473
2114429,3,248,17,268
2114430,22,393,15,430
2114431,10,265,11,286
2114432,4,451,24,479
2114433,25,395,36,456
2114434,6,254,32,292
2114435,15,463,31,509
2114436,24,381,28,433
2114437,12,238,20,270
2114438,6,263,24,293
2114439,17,254,27,298
2114440,14,419,28,461
2114441,29,255,35,319
2114442,11,424,16,451
2114443,54,466,41,561
2114444,0,709,80,789
2114445,10,635,42,687
2114446,12,411,53,476
2114447,0,383,18,401
2114448,9,482,11,502
2114449,24,418,12,454
2114450,21,526,33,580
2114451,13,383,16,412
2114452,13,431,75,519
2114453,18,371,40,429
2114454,75,486,43,604
2114455,11,516,12,539
2114456,3,245,23,271
2114457,15,494,51,560
2114458,10,308,36,354
2114459,30,241,39,310
2114460,18,365,39,422
2114461,0,3,0,3
2114501,14,403,24,441
2114502,12,460,21,493
2114503,3,430,22,455
2114504,15,350,3,368
2114505,16,446,12,474
2114506,21,527,19,567
2114507,9,256,23,288
2114508,27,286,19,332
2114509,0,0,0,0
2114510,18,528,15,561
2114511,9,354,9,372
2114512,15,362,9,386
2114513,44,293,19,356
2114514,6,440,21,467
2114515,13,387,21,421
2114516,12,275,17,304
2114517,7,476,33,516
2114518,9,289,24,322
2114519,16,322,9,347
2114520,21,279,37,337
2114521,47,257,23,327
2114601,3,378,0,381
2114602,3,244,4,251
2114603,15,391,6,412
2114604,13,309,21,343
2114605,13,306,9,328
2114606,12,563,28,603
2114607,21,351,10,382
2114608,12,232,7,251
2114609,14,522,15,551
2114610,52,361,22,435
2114611,28,427,28,483
2114612,11,323,9,343
2114613,9,273,7,289
2114614,16,570,5,591
2114615,67,323,9,399
2114616,46,251,18,315
2114617,5,220,13,238
2114618,18,313,18,349
2114619,29,577,29,635
2114701,12,444,22,478
2114702,6,326,12,344
2114703,0,256,3,259
2114704,9,357,12,378
2114705,24,436,27,487
2114706,82,500,4,586
2114707,11,238,0,249
2114708,6,226,15,247
2114709,12,494,24,530
2114710,9,562,17,588
2114711,3,471,7,481
2114712,12,392,3,407
2114713,16,560,27,603
2114714,18,591,48,657
2114715,16,382,6,404
2114716,31,447,20,498
2114717,12,427,9,448
2114718,12,331,15,358
2114719,21,524,10,555
2114720,23,484,9,516
2114721,3,397,13,413
2114722,16,439,0,455
2114723,76,418,27,521
2114724,14,481,15,510
2114725,13,533,17,563
2114726,20,440,7,467
2114727,9,458,9,476
2114728,22,475,17,514
2114729,18,401,18,437
2114730,35,409,21,465
2114731,3,276,33,312
2114732,12,356,24,392
2114733,3,443,9,455
2114734,3,229,9,241
2114735,9,255,9,273
2114801,12,326,12,350
2114802,15,442,22,479
2114803,6,356,0,362
2114804,9,435,17,461
2114805,4,258,12,274
2114806,17,467,3,487
2114807,19,559,9,587
2114808,17,436,5,458
2114809,13,369,13,395
2114810,11,281,3,295
2114811,5,479,14,498
2114812,24,496,7,527
2114813,9,338,24,371
2114814,15,330,9,354
2114815,13,363,9,385
2114816,21,431,18,470
2114817,27,523,24,574
2114818,10,246,6,262
2114819,9,369,15,393
2114820,18,286,18,322
2114821,3,251,6,260
2114822,14,456,21,491
2114823,9,435,12,456
2114824,24,355,13,392
2114825,0,369,0,369
2114826,15,276,15,306
2114827,12,574,21,607
2114828,26,518,30,574
2114829,0,378,12,390
2114830,21,386,18,425
2114831,19,449,13,481
2114832,16,550,12,578
2114833,13,422,0,435
2114834,12,350,9,371
2114835,6,254,3,263
2114836,9,229,6,244
2114837,4,224,0,228
2114838,18,403,12,433
2114839,25,428,42,495
2114840,8,363,10,381
2114841,14,457,15,486
2114842,6,244,24,274
2114843,0,286,18,304
2114844,9,285,15,309
2114845,9,414,10,433
2114846,0,0,0,0
2114847,0,0,0,0
2114848,11,287,3,301
2114849,15,257,6,278
2114850,88,369,6,463
2114851,15,261,3,279
2114852,18,316,0,334
2114901,58,388,4,450
2114902,18,386,9,413
2114903,9,288,9,306
2114904,11,408,21,440
2114905,10,387,15,412
2114906,66,471,31,568
2114907,10,393,13,416
2114908,19,469,9,497
2114909,13,484,16,513
2114910,6,340,12,358
2114911,7,270,7,284
2114912,9,287,3,299
2114913,43,287,13,343
2114914,6,367,12,385
2114915,6,238,23,267
2114916,9,469,18,496
2114917,5,351,8,364
2114918,18,483,10,511
2114919,15,451,9,475
2114920,5,387,12,404
2114921,6,232,7,245
2114922,11,238,3,252
2114923,0,203,12,215
2114924,5,390,14,409
2114925,3,284,12,299
2114926,48,296,6,350
2114927,65,276,0,341
2114928,15,503,15,533
2114929,12,413,13,438
2114930,18,480,24,522
2114931,4,400,40,444
2114932,3,476,15,494
2114933,3,167,0,170
2114934,9,493,13,515
2114935,80,617,20,717
2114936,15,406,6,427
2114937,6,271,3,280
2114938,154,113,14,281
2114939,58,478,9,545
2114940,10,446,8,464
2114941,5,534,6,545
2114942,11,314,9,334
2114943,15,417,4,436
2114944,10,528,13,551
2114945,0,272,12,284
2114946,24,564,3,591
2114947,4,390,10,404
2114948,9,287,6,302
2114949,9,390,13,412
2115001,10,304,6,320
2115002,10,474,4,488
2115003,0,437,16,453
2115004,8,324,26,358
2115005,18,409,3,430
2115006,12,480,3,495
2115007,6,215,9,230
2115008,3,212,12,227
2115009,8,341,3,352
2115010,13,443,18,474
2115011,9,343,12,364
2115012,3,374,0,377
2115013,20,550,17,587
2115014,12,310,12,334
2115015,22,554,33,609
2115016,5,376,18,399
2115017,6,308,3,317
2115018,15,437,30,482
2115019,12,422,3,437
2115020,12,459,24,495
2115021,10,574,6,590
2115022,16,472,6,494
2115023,15,386,21,422
2115024,16,382,24,422
2115025,9,315,6,330
2115026,24,585,3,612
2115027,24,961,79,1064
2115028,4,176,3,183
2115029,9,471,15,495
2115030,9,333,9,351
2115031,12,421,27,460
2115032,16,436,11,463
2115033,6,320,12,338
2115034,0,330,12,342
2115035,15,223,3,241
2115036,3,340,3,346
2115037,6,252,0,258
2115038,9,258,19,286
2115101,19,569,12,600
2115102,9,276,30,315
2115103,11,332,56,399
2115104,3,437,44,484
2115105,12,475,39,526
2115106,8,496,23,527
2115107,9,375,29,413
2115108,6,252,12,270
2115109,10,380,18,408
2115110,56,338,15,409
2115111,13,367,16,396
2115112,9,197,15,221
2115113,9,603,14,626
2115114,12,508,27,547
2115115,13,290,40,343
2115116,3,527,18,548
2115117,9,355,15,379
2115118,3,400,36,439
2115119,31,532,47,610
2115120,11,191,15,217
2115121,9,539,24,572
2115122,29,371,15,415
2115123,0,340,25,365
2115124,4,248,3,255
2115125,14,393,30,437
2115126,14,292,25,331
2115127,17,390,15,422
2115128,10,507,63,580
2115129,3,372,25,400
2115130,6,342,23,371
2115131,6,352,42,400
2115132,0,183,9,192
2115133,4,488,28,520
2115134,5,458,10,473
2115135,3,330,15,348
2115136,3,430,35,468
2115137,6,441,29,476
2115138,6,376,38,420
2115139,12,576,30,618
2115140,4,374,13,391
2115141,0,657,18,675
2115142,17,436,25,478
2115143,18,416,33,467
2115144,0,533,19,552
2115145,0,317,12,329
2115146,9,424,35,468
2115147,45,552,15,612
2115201,15,546,16,577
2115202,15,398,18,431
2115203,0,228,18,246
2115204,0,348,26,374
2115205,18,446,24,488
2115206,12,487,21,520
2115207,6,423,41,470
2115208,8,312,30,350
2115209,23,256,23,302
2115210,10,474,29,513
2115211,4,410,38,452
2115212,12,336,35,383
2115213,12,276,22,310
2115214,11,327,16,354
2115215,21,378,37,436
2115216,9,388,26,423
2115217,0,322,30,352
2115218,10,420,24,454
2115219,10,404,62,476
2115220,9,551,36,596
2115221,68,256,25,349
2115222,3,569,33,605
2115223,6,322,18,346
2115224,18,520,31,569
2115225,9,271,3,283
2115226,8,475,15,498
2115227,6,511,84,601
2115228,21,416,25,462
2115229,9,448,15,472
2115230,0,415,24,439
2115231,18,410,33,461
2115301,78,328,26,432
2115302,6,458,9,473
2115303,3,421,22,446
2115304,7,425,3,435
2115305,9,475,6,490
2115306,3,442,20,465
2115307,101,327,18,446
2115308,27,534,9,570
2115309,17,440,11,468
2115310,151,303,6,460
2115311,9,388,15,412
2115312,12,353,29,394
2115313,11,495,35,541
2115314,6,281,32,319
2115315,6,341,24,371
2115316,18,536,30,584
2115317,34,492,32,558
2115318,12,346,27,385
2115319,0,248,25,273
2115320,35,404,14,453
2115321,14,399,6,419
2115322,49,498,14,561
2115323,15,276,27,318
2115324,16,390,19,425
2115325,16,459,48,523
2115326,5,336,12,353
2115327,11,364,23,398
2115328,3,426,13,442
2115329,4,323,15,342
2115330,46,402,21,469
2115331,9,609,27,645
2115332,16,322,6,344
2115333,13,340,7,360
2115334,12,418,20,450
2115335,21,425,12,458
2115336,11,381,30,422
2115337,12,271,18,301
2115338,10,362,28,400
2115339,21,429,20,470
2115340,11,297,24,332
2115341,12,361,27,400
2115342,0,303,31,334
2115343,3,364,27,394
2115344,110,362,40,512
2115345,6,332,36,374
2115346,10,453,21,484
2115347,7,320,12,339
2115348,9,477,20,506
2115349,18,445,74,537
2115350,12,362,9,383
2115351,6,397,6,409
2115352,30,210,7,247
2115353,0,292,39,331
2115354,11,359,9,379
2115355,0,0,0,0
2115356,5,292,10,307
2115357,5,240,6,251
2115401,18,273,18,309
2115402,6,256,22,284
2115403,9,306,24,339
2115404,12,367,9,388
2115405,3,239,12,254
2115406,11,262,15,288
2115407,3,327,22,352
2115408,20,345,26,391
2115409,9,378,7,394
2115410,20,450,3,473
2115411,10,479,5,494
2115412,16,515,18,549
2115413,15,354,15,384
2115414,7,284,17,308
2115415,6,229,6,241
2115416,9,420,12,441
2115417,12,398,19,429
2115418,0,0,0,0
2115501,6,399,9,414
2115502,7,352,6,365
2115503,5,576,12,593
2115504,6,294,22,322
2115505,137,260,15,412
2115506,15,319,24,358
2115507,9,220,9,238
2115508,3,385,12,400
2115509,6,323,3,332
2115510,3,485,12,500
2115511,8,507,15,530
2115512,4,343,18,365
2115513,12,268,5,285
2115514,11,452,12,475
2115515,0,272,9,281
2115516,18,221,6,245
2115517,6,287,10,303
2115518,9,360,3,372
2115519,6,324,30,360
2115520,105,322,9,436
2115521,8,356,8,372
2115522,19,523,17,559
2115523,3,221,3,227
2115524,6,359,10,375
2115525,6,427,3,436
2115526,8,534,7,549
2115527,3,212,6,221
2115528,13,368,6,387
2115529,6,221,8,235
2115530,15,473,12,500
2115531,12,315,6,333
2115532,3,401,29,433
2115533,6,394,9,409
2115534,13,521,9,543
2115535,9,337,15,361
2115536,9,267,6,282
2115537,3,260,3,266
2115538,6,286,10,302
2115539,0,239,11,250
2115540,9,393,24,426
2115541,6,229,0,235
2115542,15,387,6,408
2115543,9,184,3,196
2115601,21,340,22,383
2115602,26,525,10,561
2115603,38,517,12,567
2115604,18,278,12,308
2115605,14,500,18,532
2115606,0,3,0,3
2115607,15,222,3,240
2115608,0,7,0,7
2115609,32,446,7,485
2115610,37,473,13,523
2115611,11,381,0,392
2115612,0,371,7,378
2115613,49,493,7,549
2115614,9,287,27,323
2115615,27,481,21,529
2115616,13,275,6,294
2115617,34,330,6,370
2115618,22,397,18,437
2115619,27,507,21,555
2115620,18,470,12,500
2115621,23,465,13,501
2115622,26,276,6,308
2115623,21,329,0,350
2115624,18,307,27,352
2115625,14,394,3,411
2115626,19,316,15,350
2115627,13,322,6,341
2115628,27,280,15,322
2115701,59,420,12,491
2115702,10,294,0,304
2115703,23,469,18,510
2115704,12,333,9,354
2115705,22,302,3,327
2115706,17,361,23,401
2115707,34,466,15,515
2115708,30,467,14,511
2115709,9,389,14,412
2115710,14,562,8,584
2115711,18,333,12,363
2115712,27,521,13,561
2115713,6,268,23,297
2115714,14,260,6,280
2115715,29,513,12,554
2115716,15,446,6,467
2115717,13,422,12,447
2115718,15,270,0,285
2115719,0,0,0,0
2115720,10,343,6,359
2115721,22,310,18,350
2115722,15,241,15,271
2115723,24,314,10,348
2115724,19,406,11,436
2115725,28,371,14,413
2115726,19,319,28,366
2115727,6,308,4,318
2115728,12,248,6,266
2115729,10,408,24,442
2115730,8,335,19,362
2115731,14,482,13,509
2115732,25,520,17,562
2115733,34,550,6,590
2115734,17,538,15,570
2115735,11,321,22,354
2115736,13,348,34,395
2115737,11,533,40,584
2115738,20,315,27,362
2115739,14,291,3,308
2115740,9,216,3,228
2115741,12,381,15,408
2115742,27,408,7,442
2115743,11,411,14,436
2115744,12,248,15,275
2115745,13,301,9,323
2115746,22,371,13,406
2115801,8,299,3,310
2115802,5,350,3,358
2115803,18,530,15,563
2115804,28,373,15,416
2115805,19,277,0,296
2115806,12,336,9,357
2115807,11,325,11,347
2115808,6,265,6,277
2115809,9,312,14,335
2115810,12,242,0,254
2115811,27,405,16,448
2115812,17,458,12,487
2115813,22,501,0,523
2115814,18,271,6,295
2115815,23,359,6,388
2115816,20,434,24,478
2115817,15,208,9,232
2115818,25,416,15,456
2115819,17,290,4,311
2115820,27,432,11,470
2115821,24,296,15,335
2115822,22,305,9,336
2115823,18,237,12,267
2115824,15,305,20,340
2115825,15,210,0,225
2115826,18,288,6,312
2115827,15,380,21,416
2115828,24,641,10,675
2115829,19,390,9,418
2115830,7,267,16,290
2115831,16,327,36,379
2115832,6,455,25,486
2115833,8,471,13,492
2115834,13,577,9,599
2115835,4,272,3,279
2115836,17,534,8,559
2115837,3,464,21,488
2115838,11,339,8,358
2115839,3,320,6,329
2115840,12,415,15,442
2115841,12,387,13,412
2115842,21,428,31,480
2115843,16,365,38,419
2115844,42,583,21,646
2115845,5,428,26,459
2115846,7,266,0,273
2115847,3,277,6,286
2115848,3,521,24,548
2115849,106,230,4,340
2115850,12,331,12,355
2115851,12,354,34,400
2115852,23,359,15,397
2115853,11,301,24,336
2115854,18,363,6,387
2115855,14,305,23,342
2115856,16,220,0,236
2115857,15,412,6,433
2115858,16,382,7,405
2115859,47,417,16,480
2115860,25,531,23,579
2115861,18,310,27,355
2115862,39,369,13,421
2115863,24,349,17,390
2115864,13,480,24,517
2115865,19,616,14,649
2115866,0,0,0,0
2115867,8,255,3,266
2115868,6,244,3,253
2115869,21,329,13,363
2115901,19,507,15,541
2115902,15,229,15,259
2115903,15,297,0,312
2115904,12,505,9,526
2115905,12,449,3,464
2115906,12,364,16,392
2115907,5,478,9,492
2115908,0,264,16,280
2115909,9,306,6,321
2115910,9,544,12,565
2115911,16,346,6,368
2115912,17,406,3,426
2115913,3,215,18,236
2115914,50,270,9,329
2115915,15,353,15,383
2115916,6,337,15,358
2115917,6,380,9,395
2115918,3,346,6,355
2115919,87,316,19,422
2115920,52,467,0,519
2115921,24,497,9,530
2115922,10,410,12,432
2115923,12,278,15,305
2115924,9,471,20,500
2115925,0,0,0,0
2115926,18,466,12,496
2115927,75,291,5,371
2115928,9,276,15,300
2115929,11,258,6,275
2115930,8,366,14,388
2115931,9,267,3,279
2115932,0,157,3,160
2115933,24,479,12,515
2115934,21,442,15,478
2115935,9,229,0,238
2115936,74,354,15,443
2115937,9,217,3,229
2115938,21,403,15,439
2115939,5,434,15,454
2115940,10,274,3,287
2115941,19,428,9,456
2115942,10,358,15,383
2115943,8,385,10,403
2115944,5,186,4,195
2116001,7,230,9,246
2116002,27,421,14,462
2116003,14,350,6,370
2116004,13,295,15,323
2116005,15,209,12,236
2116006,27,449,26,502
2116007,22,438,7,467
2116008,16,416,3,435
2116009,12,260,9,281
2116010,209,281,10,500
2116011,18,371,3,392
2116012,19,294,27,340
2116013,23,387,30,440
2116014,15,525,16,556
2116015,12,261,17,290
2116016,12,367,8,387
2116017,18,493,60,571
2116018,45,218,8,271
2116019,69,408,7,484
2116020,9,308,4,321
2116021,10,262,0,272
2116022,15,344,6,365
2116023,34,469,25,528
2116024,25,442,37,504
2116025,29,573,15,617
2116026,9,346,18,373
2116027,24,428,18,470
2116028,10,371,25,406
2116029,36,310,12,358
2116030,12,220,8,240
2116031,26,427,16,469
2116032,28,421,15,464
2116033,7,202,0,209
2116101,14,298,6,318
2116102,17,477,15,509
2116103,28,431,15,474
2116104,13,345,0,358
2116105,24,524,44,592
2116106,18,380,23,421
2116107,16,407,15,438
2116108,19,270,6,295
2116109,13,462,28,503
2116110,14,268,20,302
2116111,19,515,19,553
2116112,21,344,9,374
2116113,3,215,6,224
2116114,18,315,9,342
2116115,10,390,15,415
2116116,6,431,9,446
2116117,12,557,15,584
2116118,10,494,21,525
2116119,12,400,10,422
2116120,15,356,21,392
2116121,23,603,7,633
2116122,0,386,21,407
2116123,18,508,15,541
2116124,13,535,6,554
2116125,37,330,156,523
2116126,16,267,13,296
2116127,24,455,42,521
2116128,16,453,64,533
2116129,15,401,58,474
2116130,9,408,26,443
2116131,23,455,18,496
2116132,7,458,12,477
2116133,6,226,45,277
2116134,12,360,6,378
2116135,33,547,24,604
2116136,24,577,29,630
2116137,15,309,18,342
2116138,43,453,26,522
2116139,13,486,35,534
2116140,10,293,6,309
2116141,16,341,12,369
2116142,28,551,19,598
2116143,15,377,9,401
2116144,3,0,0,3
2116145,21,419,12,452
2116201,10,360,15,385
2116202,9,332,9,350
2116203,30,358,11,399
2116204,7,352,25,384
2116205,15,265,18,298
2116206,24,554,15,593
2116207,24,295,3,322
2116208,20,470,12,502
2116209,18,303,9,330
2116210,28,580,14,622
2116211,15,491,23,529
2116212,15,376,3,394
2116213,27,472,6,505
2116214,20,416,15,451
2116215,25,310,27,362
2116216,6,215,7,228
2116217,62,199,252,513
2116218,7,454,13,474
2116219,19,506,16,541
2116220,3,286,9,298
2116221,19,600,20,639
2116222,23,319,6,348
2116223,9,330,6,345
2116224,10,265,3,278
2116225,29,449,23,501
2116301,63,306,23,392
2116302,10,326,18,354
2116303,19,319,29,367
2116304,19,477,13,509
2116305,15,335,24,374
2116306,4,424,54,482
2116307,10,380,11,401
2116308,56,464,18,538
2116309,9,480,15,504
2116310,7,351,10,368
2116311,17,552,49,618
2116312,18,274,53,345
2116313,15,264,15,294
2116314,14,387,15,416
2116315,21,635,36,692
2116316,19,543,14,576
2116317,144,516,230,890
2116318,27,447,28,502
2116319,12,473,47,532
2116320,18,343,34,395
2116321,12,366,3,381
2116322,38,333,7,378
2116323,12,229,22,263
2116324,27,343,56,426
2116325,12,228,7,247
2116326,13,332,10,355
2116327,19,347,21,387
2116328,8,359,7,374
2116329,15,396,21,432
2116330,17,596,36,649
2116331,10,291,6,307
2116332,7,295,12,314
2116333,25,414,12,451
2116334,12,249,20,281
2116335,17,498,50,565
2116336,24,508,18,550
2116337,10,296,16,322
2116338,6,279,38,323
2116339,9,211,9,229
2116340,10,305,3,318
2116341,9,261,9,279
2116401,12,477,13,502
2116402,12,411,15,438
2116403,12,290,15,317
2116404,17,481,7,505
2116405,23,406,24,453
2116406,12,344,6,362
2116407,15,524,10,549
2116408,18,326,4,348
2116409,13,405,21,439
2116410,15,442,25,482
2116411,19,454,20,493
2116412,11,628,39,678
2116413,23,404,22,449
2116414,21,419,13,453
2116415,20,468,62,550
2116416,11,470,16,497
2116417,27,573,18,618
2116418,19,352,9,380
2116419,16,439,9,464
2116420,27,444,12,483
2116421,26,323,12,361
2116422,22,275,6,303
2116423,33,396,23,452
2116424,21,268,3,292
2116425,17,411,10,438
2116426,10,455,6,471
2116427,18,553,17,588
2116428,55,367,11,433
2116429,22,492,19,533
2116430,12,393,22,427
2116431,7,550,15,572
2116432,10,320,8,338
2116433,12,343,18,373
2116434,32,309,8,349
2116435,7,306,7,320
2116436,18,449,5,472
2116437,12,227,9,248
2116501,9,453,31,493
2116502,21,456,20,497
2116503,43,301,20,364
2116504,15,321,12,348
2116505,6,372,18,396
2116506,7,400,10,417
2116507,65,231,13,309
2116508,15,216,19,250
2116509,12,222,4,238
2116510,16,438,30,484
2116511,4,329,49,382
2116512,20,457,25,502
2116513,25,526,19,570
2116514,20,367,5,392
2116515,12,421,17,450
2116516,54,251,6,311
2116517,12,442,12,466
2116518,34,398,22,454
2116519,30,646,32,708
2116520,18,403,18,439
2116521,9,390,10,409
2116522,9,330,15,354
2116523,13,535,27,575
2116524,17,365,24,406
2116525,0,0,0,0
2116526,3,257,3,263
2116527,7,301,4,312
2116601,19,490,18,527
2116602,18,298,15,331
2116603,41,432,11,484
2116604,29,484,12,525
2116605,28,454,12,494
2116606,6,220,15,241
2116607,7,275,28,310
2116608,12,320,12,344
2116609,8,198,3,209
2116610,11,220,4,235
2116611,9,205,9,223
2116612,0,208,7,215
2116613,17,376,12,405
2116614,15,440,12,467
2116615,35,326,7,368
2116616,3,214,7,224
2116617,19,473,21,513
2116618,12,281,11,304
2116619,13,343,10,366
2116620,25,532,18,575
2116621,15,585,10,610
2116622,15,273,12,300
2116623,45,229,0,274
2116624,9,338,15,362
2116625,15,302,15,332
2116626,24,398,9,431
2116627,47,417,12,476
2116701,13,373,3,389
2116702,9,568,30,607
2116703,25,384,11,420
2116704,10,405,21,436
2116705,7,444,11,462
2116706,12,476,3,491
2116707,12,430,20,462
2116708,15,439,10,464
2116709,9,315,21,345
2116710,7,458,6,471
2116711,9,249,9,267
2116712,6,355,8,369
2116713,111,393,5,509
2116714,0,380,25,405
2116715,19,468,15,502
2116716,15,533,16,564
2116717,9,421,40,470
2116718,7,319,21,347
2116719,15,392,28,435
2116720,3,214,15,232
2116721,6,199,8,213
2116722,9,305,30,344
2116723,15,527,21,563
2116801,0,3,0,3
2116802,9,381,9,399
2116803,12,331,18,361
2116804,9,403,6,418
2116805,7,376,18,401
2116806,10,539,22,571
2116807,8,322,0,330
2116808,14,525,3,542
2116809,12,474,0,486
2116810,19,505,11,535
2116811,12,230,6,248
2116812,13,267,11,291
2116813,21,517,15,553
2116814,3,456,21,480
2116815,13,398,9,420
2116816,18,278,4,300
2116817,8,408,10,426
2116818,7,385,14,406
2116819,16,501,3,520
2116820,9,534,26,569
2116821,14,361,10,385
2116822,9,271,3,283
2116823,6,493,15,514
2116824,18,544,7,569
2116825,3,296,13,312
2116826,12,581,30,623
2116827,9,306,6,321
2116828,10,388,12,410
2116829,9,273,12,294
2116830,3,288,12,303
2116831,6,299,4,309
2116832,4,236,15,255
2116901,11,354,7,372
2116902,11,368,13,392
2116903,12,487,35,534
2116904,10,455,33,498
2116905,18,307,24,349
2116906,0,306,14,320
2116907,11,467,8,486
2116908,0,240,3,243
2116909,7,323,9,339
2116910,17,561,36,614
2116911,3,289,27,319
2116912,8,348,27,383
2116913,14,467,13,494
2116914,73,352,27,452
2116915,12,339,34,385
2116916,6,257,24,287
2116917,11,464,22,497
2116918,3,303,24,330
2116919,6,217,15,238
2116920,0,276,12,288
2116921,4,304,11,319
2116922,12,294,16,322
2116923,7,412,31,450
2116924,47,524,17,588
2116925,6,461,64,531
2116926,10,268,19,297
2116927,119,152,12,283
2116928,4,323,16,343
2116929,4,482,15,501
2116930,15,611,12,638
2116931,18,445,16,479
2116932,7,301,13,321
2116933,5,513,44,562
2116934,68,292,13,373
2116935,19,404,21,444
2116936,3,347,9,359
2116937,25,299,41,365
2116938,17,526,37,580
2116939,54,332,25,411
2116940,31,318,25,374
2116941,18,572,18,608
2116942,12,277,18,307
2116943,16,354,9,379
2116944,6,324,21,351
2116945,9,238,15,262
2116946,3,229,18,250
2116947,9,329,10,348
2116948,3,405,46,454
2116949,7,381,6,394
2116950,13,393,32,438
2116951,6,402,14,422
2116952,0,235,8,243
2116953,15,318,84,417
2117001,6,443,39,488
2117002,6,295,9,310
2117003,9,216,5,230
2117004,12,343,9,364
2117005,3,198,8,209
2117006,12,525,22,559
2117007,4,251,6,261
2117008,9,285,6,300
2117009,5,319,4,328
2117010,9,319,12,340
2117011,11,396,4,411
2117012,12,443,8,463
2117013,10,246,7,263
2117014,13,362,12,387
2117015,6,379,4,389
2117016,10,332,14,356
2117017,10,361,15,386
2117018,13,332,21,366
2117019,17,390,36,443
2117020,107,367,41,515
2117021,17,456,15,488
2117022,18,504,14,536
2117023,17,457,30,504
2117024,14,219,3,236
2117025,17,435,6,458
2117026,20,504,44,568
2117027,15,312,33,360
2117028,17,435,40,492
2117029,12,394,3,409
2117030,114,232,38,384
2117031,9,350,29,388
2117032,73,470,34,577
2117033,10,562,19,591
2117034,7,389,12,408
2117035,12,321,18,351
2117036,32,368,4,404
2117037,17,454,12,483
2117038,7,386,12,405
2117101,10,497,15,522
2117102,71,358,17,446
2117103,7,311,18,336
2117104,6,209,9,224
2117105,13,389,23,425
2117106,27,536,32,595
2117107,57,478,25,560
2117108,30,526,15,571
2117109,16,409,3,428
2117110,33,571,32,636
2117111,27,439,19,485
2117112,8,410,30,448
2117113,16,289,7,312
2117114,9,205,22,236
2117115,14,549,23,586
2117116,20,464,46,530
2117117,11,462,30,503
2117118,20,377,9,406
2117119,8,381,15,404
2117120,24,272,15,311
2117121,4,292,51,347
2117122,15,324,20,359
2117123,29,445,51,525
2117201,18,496,16,530
2117202,22,239,6,267
2117203,22,373,12,407
2117204,18,538,45,601
2117205,12,349,6,367
2117206,18,384,9,411
2117207,19,514,38,571
2117208,15,446,7,468
2117209,13,424,9,446
2117210,22,394,54,470
2117211,12,474,68,554
2117212,10,447,9,466
2117213,8,326,16,350
2117214,20,327,15,362
2117215,24,310,28,362
2117216,30,328,26,384
2117217,27,439,25,491
2117218,40,548,27,615
2117219,15,471,19,505
2117220,35,390,47,472
2117221,30,408,35,473
2117222,14,562,23,599
2117223,19,372,24,415
2117224,17,449,12,478
2117225,22,389,12,423
2117226,10,463,16,489
2117227,21,452,37,510
2117228,14,545,25,584
2117229,3,495,25,523
2117230,26,501,26,553
2117231,6,340,16,362
2117232,9,336,3,348
2117233,10,197,12,219
2117234,12,321,21,354
2117235,13,244,15,272
2117236,13,469,47,529
2117237,3,217,9,229
2117238,13,412,12,437
2117301,6,356,0,362
2117302,6,431,10,447
2117303,21,600,24,645
2117304,64,319,21,404
2117305,12,373,12,397
2117306,11,441,12,464
2117307,11,385,9,405
2117308,6,296,0,302
2117309,10,415,23,448
2117310,4,403,9,416
2117311,18,225,54,297
2117312,11,401,6,418
2117313,9,403,3,415
2117314,6,407,28,441
2117315,10,345,7,362
2117316,11,439,12,462
2117317,15,376,0,391
2117318,4,275,10,289
2117319,6,221,9,236
2117320,3,389,27,419
2117321,6,267,15,288
2117322,146,393,28,567
2117323,111,265,5,381
2117324,9,486,17,512
2117325,5,326,11,342
2117326,10,503,44,557
2117327,0,323,9,332
2117328,18,470,21,509
2117329,26,561,37,624
2117330,12,414,26,452
2117331,20,371,23,414
2117332,13,497,26,536
2117333,9,366,59,434
2117334,4,283,9,296
2117335,13,446,62,521
2117336,11,417,38,466
2117401,21,526,22,569
2117402,7,419,28,454
2117403,64,386,9,459
2117404,15,299,9,323
2117405,15,526,13,554
2117406,15,350,15,380
2117407,4,322,9,335
2117408,39,295,18,352
2117409,41,386,10,437
2117410,15,421,11,447
2117411,9,400,13,422
2117412,20,583,10,613
2117413,13,278,3,294
2117414,29,625,29,683
2117415,4,316,9,329
2117416,12,222,6,240
2117417,15,389,14,418
2117418,18,333,3,354
2117419,11,396,13,420
2117420,12,460,12,484
2117421,22,426,12,460
2117422,18,407,16,441
2117423,16,527,6,549
2117424,12,429,6,447
2117425,29,286,18,333
2117426,21,383,10,414
2117427,16,336,6,358
2117428,11,416,6,433
2117429,0,399,12,411
2117430,26,484,15,525
2117431,6,187,13,206
2117432,0,254,6,260
2117433,12,313,14,339
2117434,32,354,15,401
2117435,9,421,22,452
2117436,13,301,24,338
2117437,48,256,13,317
2117438,3,274,11,288
2117439,19,496,28,543
2117440,15,488,17,520
2117441,6,377,23,406
2117442,6,295,6,307
2117443,6,316,9,331
2117444,6,288,24,318
2117445,10,388,9,407
2117446,12,367,18,397
2117447,14,386,3,403
2117448,3,276,9,288
2117449,73,317,17,407
2117450,12,356,3,371
2117451,11,290,10,311
2117452,12,324,10,346
2117501,18,520,17,555
2117502,24,488,15,527
2117503,16,478,14,508
2117504,14,490,28,532
2117505,21,301,9,331
2117506,6,231,9,246
2117507,24,621,14,659
2117508,13,533,4,550
2117509,23,507,20,550
2117510,24,425,10,459
2117511,15,292,18,325
2117512,7,325,11,343
2117513,29,426,9,464
2117514,21,495,19,535
2117515,22,300,9,331
2117516,21,514,5,540
2117517,37,400,28,465
2117518,32,554,35,621
2117519,13,337,15,365
2117520,14,312,6,332
2117521,9,330,27,366
2117522,22,535,25,582
2117523,15,320,25,360
2117524,21,350,3,374
2117525,8,309,21,338
2117526,20,510,25,555
2117527,46,382,28,456
2117528,13,434,12,459
2117529,91,388,26,505
2117530,16,445,12,473
2117531,10,329,15,354
2117532,21,459,22,502
2117533,16,394,18,428
2117534,18,394,3,415
2117535,22,398,13,433
2117536,21,382,21,424
2117537,13,298,0,311
2117538,14,271,27,312
2117539,21,414,15,450
2117540,19,391,6,416
2117541,11,405,6,422
2117542,20,398,6,424
2117543,20,572,9,601
2117544,17,348,8,373
2117545,9,353,6,368
2117546,12,327,12,351
2117547,6,201,4,211
2117548,8,274,8,290
2117549,9,292,18,319
2117550,5,387,13,405
2117551,12,244,16,272
2117552,12,273,12,297
2117553,23,398,12,433
2117554,19,404,21,444
2117555,19,490,12,521
2117556,9,286,12,307
2117557,15,346,6,367
2117558,15,395,25,435
2117559,16,378,0,394
2117560,15,236,9,260
2117561,3,217,0,220
2117562,18,435,9,462
2117601,10,306,6,322
2117602,14,553,11,578
2117603,6,362,19,387
2117604,15,355,17,387
2117605,23,494,14,531
2117606,18,264,9,291
2117607,6,333,12,351
2117608,24,554,21,599
2117609,8,288,7,303
2117610,105,294,32,431
2117611,14,295,14,323
2117612,12,502,59,573
2117613,11,443,21,475
2117614,30,368,18,416
2117615,87,472,18,577
2117616,14,563,36,613
2117617,46,300,25,371
2117618,9,190,3,202
2117619,18,379,13,410
2117620,19,283,21,323
2117621,24,319,14,357
2117622,10,442,15,467
2117623,10,373,24,407
2117624,12,309,12,333
2117625,33,490,24,547
2117626,3,249,15,267
2117627,17,415,24,456
2117628,12,359,27,398
2117629,11,382,12,405
2117630,13,468,16,497
2117631,17,487,24,528
2117632,6,330,39,375
2117633,16,565,29,610
2117634,12,369,65,446
2117635,3,261,17,281
2117636,5,391,21,417
2117637,10,303,4,317
2117638,12,344,18,374
2117639,18,298,33,349
2117701,9,301,9,319
2117702,12,411,33,456
2117703,20,422,23,465
2117704,4,281,22,307
2117705,12,304,34,350
2117706,3,269,3,275
2117707,18,475,20,513
2117708,10,331,6,347
2117709,15,212,6,233
2117710,22,403,11,436
2117711,8,365,19,392
2117712,13,303,21,337
2117713,20,354,39,413
2117714,5,328,7,340
2117715,3,206,15,224
2117716,3,184,15,202
2117717,10,346,25,381
2117718,6,251,18,275
2117719,3,185,29,217
2117720,35,179,18,232
2117721,0,194,34,228
2117722,15,345,68,428
2117723,18,418,37,473
2117724,4,290,26,320
2117725,12,330,56,398
2117726,15,302,24,341
2117727,8,240,12,260
2117728,7,364,34,405
2117729,9,250,9,268
2117730,100,392,21,513
2117731,7,297,18,322
2117732,18,210,6,234
2117733,15,284,9,308
2117734,28,292,14,334
2117735,12,287,12,311
2117736,6,323,12,341
2117737,4,251,18,273
2117738,10,358,19,387
2117739,13,243,0,256
2117740,39,568,18,625
2117741,87,365,101,553
2117742,4,552,27,583
2117743,19,352,9,380
2117744,6,253,18,277
2117745,27,569,33,629
2117746,14,359,34,407
2117747,19,280,0,299
2117748,0,355,13,368
2117749,11,457,40,508
2117750,15,270,12,297
2117751,8,255,12,275
2117752,22,575,50,647
2117753,10,309,7,326
2117754,3,247,6,256
2117755,18,193,0,211
2117801,12,229,20,261
2117802,5,221,0,226
2117803,19,339,30,388
2117804,7,396,27,430
2117805,10,479,44,533
2117806,15,279,6,300
2117807,14,232,7,253
2117808,5,280,18,303
2117809,3,319,9,331
2117810,10,276,12,298
2117811,0,272,12,284
2117812,3,289,19,311
2117813,9,274,12,295
2117814,6,304,18,328
2117815,15,507,38,560
2117816,17,228,0,245
2117817,53,418,35,506
2117818,84,405,71,560
2117819,9,265,21,295
2117820,0,295,21,316
2117821,11,263,13,287
2117822,18,262,12,292
2117823,15,279,3,297
2117824,19,354,12,385
2117825,20,341,37,398
2117826,32,417,15,464
2117827,14,471,21,506
2117828,19,484,26,529
2117829,19,533,21,573
2117830,9,224,20,253
2117831,16,473,23,512
2117832,21,255,9,285
2117833,12,517,36,565
2117834,12,420,15,447
2117835,14,443,8,465
2117836,9,451,14,474
2117837,21,342,19,382
2117838,21,407,29,457
2117839,10,459,19,488
2117840,9,379,24,412
2117841,11,203,6,220
2117842,125,249,23,397
2117843,122,182,21,325
2117901,11,402,31,444
2117902,14,238,10,262
2117903,7,255,7,269
2117904,22,404,26,452
2117905,17,344,34,395
2117906,35,474,18,527
2117907,10,329,27,366
2117908,8,382,28,418
2117909,15,458,27,500
2117910,9,463,27,499
2117911,21,426,17,464
2117912,0,134,123,257
2117913,4,287,7,298
2117914,13,403,9,425
2117915,16,520,27,563
2117916,24,468,9,501
2117917,8,312,5,325
2117918,54,315,22,391
2117919,45,291,4,340
2117920,4,314,14,332
2117921,0,131,8,139
2117922,10,226,18,254
2117923,11,495,60,566
2117924,0,200,35,235
2117925,10,341,101,452
2117926,12,398,66,476
2117927,6,311,9,326
2117928,6,237,6,249
2118001,17,280,15,312
2118002,18,265,24,307
2118003,21,401,12,434
2118004,22,507,36,565
2118005,12,330,0,342
2118006,16,331,27,374
2118007,21,479,30,530
2118008,11,298,24,333
2118009,11,313,7,331
2118010,4,377,10,391
2118011,11,366,40,417
2118012,21,420,25,466
2118013,19,525,19,563
2118014,22,520,13,555
2118015,45,248,9,302
2118016,16,433,9,458
2118017,22,319,29,370
2118101,16,591,16,623
2118102,13,389,18,420
2118103,12,367,4,383
2118104,8,351,6,365
2118105,3,232,6,241
2118106,22,536,27,585
2118107,8,440,13,461
2118108,49,296,32,377
2118109,9,304,15,328
2118110,8,447,17,472
2118111,30,558,20,608
2118112,10,381,21,412
2118113,15,395,18,428
2118114,8,402,6,416
2118115,12,339,9,360
2118116,7,465,24,496
2118117,7,418,24,449
2118118,13,471,22,506
2118119,44,292,12,348
2118120,15,309,0,324
2118201,12,497,20,529
2118202,9,382,19,410
2118203,13,611,30,654
2118204,19,676,68,763
2118205,3,236,27,266
2118206,15,309,37,361
2118207,12,604,21,637
2118208,6,357,28,391
2118209,10,280,32,322
2118210,5,288,16,309
2118211,5,263,37,305
2118212,11,334,51,396
2118213,18,395,19,432
2118214,12,436,25,473
2118215,24,354,15,393
2118216,14,385,13,412
2118217,15,322,16,353
2118218,21,342,25,388
2118219,22,568,45,635
2118220,14,494,10,518
2118221,32,487,4,523
2118222,12,361,6,379
2118223,24,324,10,358
2118224,10,571,15,596
2118225,33,600,21,654
2118226,9,534,13,556
2118227,3,356,5,364
2118301,14,292,15,321
2118302,6,356,5,367
2118303,3,213,6,222
2118304,30,501,21,552
2118305,16,752,28,796
2118306,6,810,28,844
2118307,18,419,18,455
2118308,0,264,18,282
2118309,9,241,15,265
2118310,12,503,31,546
2118311,6,386,13,405
2118312,21,579,31,631
2118313,14,424,15,453
2118314,37,727,17,781
2118315,10,425,5,440
2118316,0,0,0,0
2118317,0,0,0,0
2118318,6,360,26,392
2118319,6,492,21,519
2118320,0,0,0,0
2118321,14,460,12,486
2118401,0,11,0,11
2118501,17,351,30,398
2118502,18,230,6,254
2118503,10,283,12,305
2118504,30,480,18,528
2118505,7,249,16,272
2118506,21,512,48,581
2118507,17,334,0,351
2118508,4,408,24,436
2118509,23,526,29,578
2118510,12,436,25,473
2118511,8,291,26,325
2118512,21,358,34,413
2118513,17,241,19,277
2118514,6,210,24,240
2118515,21,529,33,583
2118516,7,429,7,443
2118517,7,419,38,464
2118518,6,294,8,308
2118519,0,0,0,0
2118520,10,490,18,518
2118521,3,290,3,296
2118522,21,229,3,253
2118523,24,261,23,308
2118524,18,587,46,651
2118525,19,359,44,422
2118526,14,361,21,396
2118527,6,309,12,327
2118528,43,176,10,229
2118529,3,294,3,300
2118530,6,230,9,245
2118601,8,339,12,359
2118602,0,0,0,0
2118603,7,413,29,449
2118604,23,530,22,575
2118605,32,399,7,438
2118606,16,360,15,391
2118607,18,313,12,343
2118608,69,275,27,371
2118609,121,214,12,347
2118610,35,471,39,545
2118611,24,271,9,304
2118612,17,362,40,419
2118613,25,387,32,444
2118614,3,202,6,211
2118615,21,231,46,298
2118616,15,377,83,475
2118617,15,423,16,454
2118618,15,475,27,517
2118619,12,342,18,372
2118620,5,406,18,429
2118621,77,471,20,568
2118622,22,412,31,465
2118623,26,526,21,573
2118624,13,277,9,299
2118625,18,444,21,483
2118626,121,426,24,571
2118627,15,372,24,411
2118628,34,380,23,437
2118629,10,375,27,412
2118630,24,477,28,529
2118631,24,431,24,479
2118701,13,565,28,606
2118702,0,199,9,208
2118703,21,455,9,485
2118704,18,514,35,567
2118705,6,186,6,198
2118706,12,288,14,314
2118707,9,246,24,279
2118708,16,524,9,549
2118709,18,524,18,560
2118710,12,394,21,427
2118711,11,438,15,464
2118712,6,315,9,330
2118713,12,182,6,200
2118801,19,329,3,351
2118802,44,355,12,411
2118803,18,503,26,547
2118804,26,485,15,526
2118805,17,576,18,611
2118806,12,324,6,342
2118807,18,307,8,333
2118808,18,437,37,492
2118809,16,486,28,530
2118810,12,394,24,430
2118811,14,455,23,492
2118812,12,341,18,371
2118813,25,400,35,460
2118814,28,519,27,574
2118815,9,237,12,258
2118816,25,572,16,613
2118817,27,444,27,498
2118818,76,280,27,383
2118819,21,503,26,550
2118820,24,262,10,296
2118821,10,471,15,496
2118822,22,412,3,437
2118823,21,444,18,483
2118824,26,324,16,366
2118825,15,381,18,414
2118826,12,198,3,213
2118827,14,270,4,288
2118828,15,288,18,321
2118829,40,571,31,642
2118830,91,296,51,438
2118831,16,331,17,364
2118832,22,447,21,490
2118833,12,217,18,247
2118834,26,342,18,386
2118835,15,307,23,345
2118836,20,521,35,576
2118837,25,545,21,591
2118838,21,294,12,327
2118839,9,275,12,296
2118840,24,380,15,419
2118841,8,377,19,404
2118842,8,330,9,347
2118843,43,295,36,374
2118844,15,233,0,248
2118845,6,273,7,286
2118846,10,247,9,266
2118847,16,380,22,418
2118848,24,312,4,340
2118849,0,202,9,211
2118850,6,252,23,281
2118901,15,557,16,588
2118902,15,510,12,537
2118903,6,334,45,385
2118904,9,470,28,507
2118905,9,329,6,344
2118906,15,429,12,456
2118907,172,414,18,604
2118908,7,327,3,337
2118909,12,341,12,365
2118910,16,417,24,457
2118911,3,306,22,331
2118912,20,490,27,537
2118913,19,441,52,512
2118914,7,288,3,298
2118915,18,360,12,390
2118916,10,311,15,336
2118917,15,437,17,469
2118918,6,248,9,263
2118919,11,361,14,386
2118920,28,561,28,617
2118921,19,342,12,373
2118922,6,260,9,275
2118923,3,255,0,258
2118924,4,301,12,317
2118925,9,290,3,302
2118926,17,527,19,563
2118927,9,270,31,310
2118928,16,265,6,287
2118929,9,303,3,315
2118930,15,307,6,328
2119001,55,268,12,335
2119002,12,339,9,360
2119003,13,232,15,260
2119004,14,285,12,311
2119005,12,262,16,290
2119006,6,368,12,386
2119007,14,301,7,322
2119008,40,345,26,411
2119009,8,283,18,309
2119010,19,394,17,430
2119011,20,456,41,517
2119012,12,248,18,278
2119013,15,247,26,288
2119014,23,536,38,597
2119015,0,3,3,6
2119016,9,306,19,334
2119017,4,338,19,361
2119018,12,321,26,359
2119019,11,406,0,417
2119020,9,216,12,237
2119021,9,284,21,314
2119022,15,401,36,452
2119023,56,375,12,443
2119024,16,359,9,384
2119025,7,348,30,385
2119026,19,279,20,318
2119027,43,294,12,349
2119028,7,338,15,360
2119029,7,237,6,250
2119030,13,333,17,363
2119031,11,288,9,308
2119032,9,238,11,258
2119033,25,452,10,487
2119034,6,164,6,176
2119101,0,355,22,377
2119102,3,195,12,210
2119103,76,21,18,115
2119104,15,315,15,345
2119105,4,620,41,665
2119106,15,204,9,228
2119107,17,396,24,437
2119108,17,298,13,328
2119109,24,449,36,509
2119110,10,395,16,421
2119111,12,383,26,421
2119112,7,339,19,365
2119113,27,418,19,464
2119114,13,244,13,270
2119115,18,561,15,594
2119116,31,446,20,497
2119117,9,208,19,236
2119118,17,240,0,257
2119119,0,14,0,14
2119120,15,321,15,351
2119121,15,314,11,340
2119122,3,329,36,368
2119123,16,226,8,250
2119201,0,0,0,0
2119301,4,279,18,301
2119302,8,378,12,398
2119303,16,266,6,288
2119304,23,514,20,557
2119305,10,388,30,428
2119306,0,11,0,11
2119307,17,316,23,356
2119308,18,385,6,409
2119309,22,419,18,459
2119310,10,416,15,441
2119311,8,321,24,353
2119312,8,397,3,408
2119313,16,399,18,433
2119314,23,514,27,564
2119315,5,279,4,288
2119316,22,442,6,470
2119317,16,353,16,385
2119318,92,441,46,579
2119319,10,329,3,342
2119320,23,406,24,453
2119321,24,401,22,447
2119322,47,287,11,345
2119323,10,273,6,289
2119324,60,465,25,550
2119325,12,609,4,625
2119326,18,578,9,605
2119327,15,556,36,607
2119328,9,408,16,433
2119329,14,383,9,406
2119330,18,439,27,484
2119331,12,372,27,411
2119332,15,411,50,476
2119333,66,373,33,472
2119334,12,417,7,436
2119335,21,539,38,598
2119336,23,487,22,532
2119337,17,347,7,371
2119338,9,406,23,438
2119339,15,410,21,446
2119340,5,395,7,407
2119341,6,308,21,335
2119342,25,525,28,578
2119343,18,464,31,513
2119401,9,403,10,422
2119402,15,491,21,527
2119403,12,364,35,411
2119404,119,324,40,483
2119405,4,367,24,395
2119406,9,235,24,268
2119407,6,224,30,260
2119408,3,298,12,313
2119409,13,348,10,371
2119410,15,332,31,378
2119411,12,521,65,598
2119412,4,283,13,300
2119413,9,353,15,377
2119414,4,297,12,313
2119415,15,376,16,407
2119416,18,398,9,425
2119417,18,365,6,389
2119418,16,322,15,353
2119419,7,577,55,639
2119420,9,219,19,247
2119421,5,329,22,356
2119422,6,508,41,555
2119423,10,395,32,437
2119424,11,413,19,443
2119425,19,537,32,588
2119426,9,455,18,482
2119427,12,232,6,250
2119428,13,292,6,311
2119429,29,260,9,298
2119430,4,317,9,330
2119431,12,476,33,521
2119432,9,363,12,384
2119433,18,291,15,324
2119434,6,429,15,450
2119435,3,360,25,388
2119436,9,371,30,410
2119437,0,200,0,200
2119438,62,444,24,530
2119439,6,320,13,339
2119440,16,510,30,556
2119441,9,258,3,270
2119442,7,340,12,359
2119443,21,633,29,683
2119444,11,396,8,415
2119445,3,233,33,269
2119446,6,361,0,367
2119447,9,239,15,263
2119448,8,260,14,282
2119449,12,362,9,383
2119501,20,447,11,478
2119502,8,325,15,348
2119503,6,238,0,244
2119504,15,382,15,412
2119505,15,525,12,552
2119506,10,360,8,378
2119507,9,525,16,550
2119508,15,310,9,334
2119509,16,450,15,481
2119510,21,459,9,489
2119511,12,500,15,527
2119512,3,404,18,425
2119513,7,620,29,656
2119514,16,523,35,574
2119515,11,563,22,596
2119516,9,509,17,535
2119517,28,274,3,305
2119518,18,460,22,500
2119519,17,326,18,361
2119520,10,584,26,620
2119521,15,390,15,420
2119522,14,403,31,448
2119523,3,297,0,300
2119524,13,345,28,386
2119525,14,278,17,309
2119526,0,341,15,356
2119527,7,326,16,349
2119528,5,267,17,289
2119529,11,266,6,283
2119530,8,457,3,468
2119531,17,369,31,417
2119532,15,339,10,364
2119533,52,513,15,580
2119534,39,413,21,473
2119535,16,436,15,467
2119536,25,333,15,373
2119537,39,403,26,468
2119538,9,297,36,342
2119539,8,277,10,295
2119540,18,459,29,506
2119541,9,381,18,408
2119542,11,370,4,385
2119543,14,407,4,425
2119544,15,443,12,470
2119545,12,219,9,240
2119546,19,243,14,276
2119547,6,132,10,148
2119548,6,223,6,235
2119549,9,229,3,241
2119601,22,409,17,448
2119602,27,350,12,389
2119603,0,227,22,249
2119604,19,356,5,380
2119605,26,463,10,499
2119606,19,407,16,442
2119607,37,382,28,447
2119608,16,468,23,507
2119609,15,319,12,346
2119610,15,376,9,400
2119611,21,948,16,985
2119612,18,535,18,571
2119613,75,451,50,576
2119614,6,333,3,342
2119615,25,358,21,404
2119616,18,329,13,360
2119617,27,477,11,515
2119618,22,330,24,376
2119619,21,336,8,365
2119620,9,252,8,269
2119621,12,295,6,313
2119622,9,315,16,340
2119701,15,493,15,523
2119702,11,349,11,371
2119703,14,518,3,535
2119704,18,463,7,488
2119705,24,604,13,641
2119706,56,400,18,474
2119707,13,325,14,352
2119708,14,247,3,264
2119709,13,319,12,344
2119710,16,463,15,494
2119711,18,339,24,381
2119712,9,333,25,367
2119713,9,337,3,349
2119714,7,371,39,417
2119715,21,550,25,596
2119716,9,240,9,258
2119717,10,308,3,321
2119718,6,333,12,351
2119719,3,343,12,358
2119720,89,335,13,437
2119721,12,391,0,403
2119722,3,356,12,371
2119723,12,455,3,470
2119724,11,449,9,469
2119725,22,427,12,461
2119726,12,401,18,431
2119727,6,331,7,344
2119728,14,303,24,341
2119729,18,341,12,371
2119730,12,423,32,467
2119731,66,331,12,409
2119732,0,311,12,323
2119733,0,309,6,315
2119734,6,299,0,305
2119735,0,326,11,337
2119736,6,245,12,263
2119737,6,288,6,300
2119738,0,247,0,247
2119739,19,367,21,407
2119740,23,467,27,517
2119741,85,246,19,350
2119742,3,232,10,245
2119743,12,423,35,470
2119744,12,328,12,352
2119745,15,324,12,351
2119746,12,320,7,339
2119747,16,323,6,345
2119748,3,217,9,229
2119749,6,321,24,351
2119750,16,370,15,401
2119751,27,345,10,382
2119752,6,216,6,228
2119753,12,307,0,319
2119801,7,357,5,369
2119802,3,256,21,280
2119803,20,523,38,581
2119804,4,355,28,387
2119805,6,235,19,260
2119806,12,353,22,387
2119807,47,462,15,524
2119808,26,517,7,550
2119809,5,250,9,264
2119810,25,558,75,658
2119811,18,379,12,409
2119812,6,249,9,264
2119813,25,402,13,440
2119814,16,404,33,453
2119815,129,286,7,422
2119816,17,329,0,346
2119817,15,362,8,385
2119818,13,435,12,460
2119819,22,329,7,358
2119820,21,364,9,394
2119821,20,410,20,450
2119822,97,348,3,448
2119823,18,453,16,487
2119824,14,374,12,400
2119825,3,398,4,405
2119826,18,421,33,472
2119827,16,477,51,544
2119828,16,431,22,469
2119829,7,381,15,403
2119830,9,317,12,338
2119831,20,194,15,229
2119832,23,445,8,476
2119833,13,290,3,306
2119901,47,507,56,610
2119902,34,390,46,470
2119903,33,295,22,350
2119904,30,365,40,435
2119905,40,445,50,535
2119906,0,4,0,4
2119907,38,446,35,519
2119908,69,297,35,401
2119909,27,333,76,436
2119910,16,358,24,398
2119911,42,523,25,590
2119912,29,317,30,376
2119913,41,492,52,585
2119914,43,411,30,484
2119915,32,296,16,344
2119916,47,445,38,530
2119917,111,148,18,277
2119918,42,339,21,402
2119919,12,488,27,527
2119920,18,475,48,541
2119921,31,405,16,452
2119922,23,325,16,364
2119923,21,316,32,369
2119924,17,302,21,340
2119925,18,357,27,402
2119926,31,367,34,432
2119927,24,317,21,362
2119928,23,378,21,422
2119929,31,255,15,301
2119930,12,349,3,364
2119931,17,336,36,389
2119932,32,366,49,447
2120001,6,237,3,246
2120002,12,339,21,372
2120003,6,419,9,434
2120004,9,387,13,409
2120005,24,531,4,559
2120006,6,246,32,284
2120007,12,300,21,333
2120008,25,585,32,642
2120009,0,314,15,329
2120010,19,325,27,371
2120011,21,488,8,517
2120012,21,455,19,495
2120013,29,315,7,351
2120014,31,494,24,549
2120015,27,392,22,441
2120016,0,300,12,312
2120017,15,377,24,416
2120018,12,572,39,623
2120019,10,425,39,474
2120020,19,512,18,549
2120021,0,336,21,357
2120022,23,417,15,455
2120023,40,230,9,279
2120024,16,419,15,450
2120025,15,510,10,535
2120026,13,289,0,302
2120101,9,377,12,398
2120102,13,488,21,522
2120103,17,542,18,577
2120104,18,362,18,398
2120105,4,393,8,405
2120106,56,346,13,415
2120107,18,301,9,328
2120108,0,295,15,310
2120109,3,462,13,478
2120110,21,465,24,510
2120111,6,362,9,377
2120112,15,447,5,467
2120113,24,459,12,495
2120114,12,340,11,363
2120115,8,369,17,394
2120116,3,249,24,276
2120117,0,320,16,336
2120118,9,361,16,386
2120119,6,239,15,260
2120201,3,241,6,250
2120202,9,232,7,248
2120203,13,220,12,245
2120204,9,294,3,306
2120205,7,434,3,444
2120206,8,569,5,582
2120207,7,218,0,225
2120208,18,507,12,537
2120209,13,505,14,532
2120210,24,407,23,454
2120211,13,284,9,306
2120212,16,363,21,400
2120213,15,295,0,310
2120214,110,342,26,478
2120215,12,374,12,398
2120216,11,294,3,308
2120217,0,332,10,342
2120218,12,446,6,464
2120219,0,219,6,225
2120220,12,222,6,240
2120221,14,434,11,459
2120222,24,459,24,507
2120223,17,552,32,601
2120224,19,359,10,388
2120225,9,485,10,504
2120226,6,356,6,368
2120227,14,438,26,478
2120228,0,246,15,261
2120229,7,402,9,418
2120230,18,517,8,543
2120231,15,296,3,314
2120232,14,402,18,434
2120233,21,446,20,487
2120234,7,216,0,223
2120235,15,312,4,331
2120236,7,256,15,278
2120237,12,261,6,279
2120238,12,312,0,324
2120239,13,314,3,330
2120240,9,469,21,499
2120241,4,277,0,281
2120301,6,242,12,260
2120302,3,184,9,196
2120303,6,300,12,318
2120304,12,281,15,308
2120305,12,578,24,614
2120306,12,449,10,471
2120307,12,429,16,457
2120308,24,477,6,507
2120309,16,374,9,399
2120310,21,412,13,446
2120311,15,354,36,405
2120312,14,485,15,514
2120313,27,425,21,473
2120314,19,427,27,473
2120315,10,362,17,389
2120316,14,399,6,419
2120317,10,338,21,369
2120318,9,260,13,282
2120319,18,515,3,536
2120320,12,393,10,415
2120321,10,614,17,641
2120322,12,307,3,322
2120323,21,449,21,491
2120324,12,368,18,398
2120325,20,392,10,422
2120326,12,296,18,326
2120327,32,346,18,396
2120328,14,363,16,393
2120329,73,364,30,467
2120330,17,323,3,343
2120331,11,440,16,467
2120332,64,338,36,438
2120333,14,390,20,424
2120334,0,240,84,324
2120335,21,240,24,285
2120336,0,15,0,15
2120337,29,458,0,487
2120338,27,542,17,586
2120339,132,310,12,454
2120340,18,415,7,440
2120341,19,252,11,282
2120342,6,418,15,439
2120343,7,281,6,294
2120344,12,204,0,216
2120345,18,177,18,213
2120346,6,287,7,300
2120401,49,490,35,574
2120402,24,313,18,355
2120403,15,284,3,302
2120404,19,511,25,555
2120405,24,390,52,466
2120406,20,513,12,545
2120407,13,238,3,254
2120408,19,465,21,505
2120409,18,389,12,419
2120410,23,374,9,406
2120411,19,182,18,219
2120412,21,448,28,497
2120413,4,379,9,392
2120414,28,451,3,482
2120415,15,364,0,379
2120416,9,376,18,403
2120417,29,368,9,406
2120418,36,531,15,582
2120419,21,213,15,249
2120420,15,328,11,354
2120421,28,251,15,294
2120422,19,333,3,355
2120501,3,462,9,474
2120502,3,296,9,308
2120503,17,362,14,393
2120504,3,662,22,687
2120505,3,588,15,606
2120506,0,963,39,1002
2120507,17,505,18,540
2120508,59,330,173,562
2120509,24,470,16,510
2120510,23,297,15,335
2120511,27,512,16,555
2120512,12,453,24,489
2120513,9,862,41,912
2120514,26,376,17,419
2120515,18,529,69,616
2120516,15,365,18,398
2120517,0,4,0,4
2120518,19,497,36,552
2120519,0,0,0,0
2120520,26,549,10,585
2120521,15,380,8,403
2120601,9,424,25,458
2120602,15,350,9,374
2120603,19,444,30,493
2120604,27,322,39,388
2120605,33,428,87,548
2120606,24,372,56,452
2120607,22,344,121,487
2120608,24,239,25,288
2120609,18,409,26,453
2120610,43,495,31,569
2120611,32,463,48,543
2120612,16,425,6,447
2120613,47,488,44,579
2120614,21,319,42,382
2120615,19,425,25,469
2120616,33,335,29,397
2120617,23,423,32,478
2120618,28,359,31,418
2120619,30,319,47,396
2120620,54,497,24,575
2120621,29,362,32,423
2120622,26,410,28,464
2120623,34,488,47,569
2120624,39,263,43,345
2120625,15,486,26,527
2120626,21,392,27,440
2120627,24,353,30,407
2120628,32,491,29,552
2120629,17,332,46,395
2120630,29,417,80,526
2120631,27,327,58,412
2120632,35,546,38,619
2120633,24,250,22,296
2120634,50,489,20,559
2120635,0,3,0,3
2120636,19,566,23,608
2120637,19,539,29,587
2120638,7,329,25,361
2120639,9,393,24,426
2120640,27,302,36,365
2120641,23,527,17,567
2120642,37,523,20,580
2120643,25,250,16,291
2120644,16,381,21,418
2120645,17,562,22,601
2120646,48,491,77,616
2120647,22,419,48,489
2120648,17,309,19,345
2120649,9,584,24,617
2120650,95,202,21,318
2120651,28,271,30,329
2120652,15,409,27,451
2120653,29,445,37,511
2120654,12,299,29,340
2120655,23,320,12,355
2120656,18,508,19,545
2120657,36,609,29,674
2120658,34,507,37,578
2120659,48,488,36,572
2120660,16,368,18,402
2120661,18,357,200,575
2120662,35,412,46,493
2120663,34,461,48,543
2120664,15,264,13,292
2120665,12,285,43,340
2120701,12,305,9,326
2120702,19,302,43,364
2120703,17,338,15,370
2120704,24,348,43,415
2120705,21,392,21,434
2120706,36,418,35,489
2120707,23,398,23,444
2120708,15,370,26,411
2120709,13,351,15,379
2120710,16,371,30,417
2120711,25,265,17,307
2120712,125,279,30,434
2120713,38,477,22,537
2120714,28,497,34,559
2120715,44,371,29,444
2120716,49,458,27,534
2120717,15,513,45,573
2120718,25,394,14,433
2120719,16,371,15,402
2120720,27,369,19,415
2120721,40,331,36,407
2120722,16,346,4,366
2120723,27,400,30,457
2120724,24,395,21,440
2120725,37,436,43,516
2120726,34,357,48,439
2120727,55,369,51,475
2120728,26,418,12,456
2120729,38,401,9,448
2120730,24,304,32,360
2120731,29,401,43,473
2120732,20,299,24,343
2120733,38,351,31,420
2120734,33,374,33,440
2120735,39,534,45,618
2120736,35,343,46,424
2120737,31,510,24,565
2120738,24,436,24,484
2120739,13,292,33,338
2120740,22,353,33,408
2120741,46,421,40,507
2120742,31,434,13,478
2120743,157,373,39,569
2120744,83,229,15,327
2120745,24,216,40,280
2120746,9,307,6,322
2120747,39,339,7,385
2120748,27,237,28,292
2120749,37,276,29,342
2120750,15,328,33,376
2120751,21,253,30,304
2120752,33,300,27,360
2120753,32,412,25,469
2120754,25,331,20,376
2120755,31,335,15,381
2120756,11,268,4,283
2120757,37,399,68,504
2120758,30,484,53,567
2120801,30,344,34,408
2120802,92,485,86,663
2120803,15,420,33,468
2120804,0,0,0,0
2120805,38,356,18,412
2120806,26,310,10,346
2120807,42,376,24,442
2120808,50,493,27,570
2120809,30,295,35,360
2120810,28,238,10,276
2120811,165,339,24,528
2120812,15,240,19,274
2120813,31,403,27,461
2120814,39,447,37,523
2120815,33,297,20,350
2120816,60,383,24,467
2120817,27,529,55,611
2120818,23,459,44,526
2120819,22,325,24,371
2120820,21,222,9,252
2120821,20,408,90,518
2120822,12,346,89,447
2120823,0,22,0,22
2120824,34,367,9,410
2120825,11,395,49,455
2120826,23,460,17,500
2120827,20,361,29,410
2120828,22,565,44,631
2120829,14,351,17,382
2120830,37,349,11,397
2120831,25,453,39,517
2120832,30,487,30,547
2120833,48,420,18,486
2120834,25,281,21,327
2120835,41,317,15,373
2120836,32,449,27,508
2120837,15,114,3,132
2120838,43,432,8,483
2120839,26,414,19,459
2120840,30,534,24,588
2120841,14,275,12,301
2120842,26,559,23,608
2120843,7,145,11,163
2120844,25,320,15,360
2120845,0,6,0,6
2120846,47,353,18,418
2120847,43,314,30,387
2120848,0,0,0,0
2120849,22,388,29,439
2120850,23,236,12,271
2120851,37,444,35,516
2120852,25,484,42,551
2120853,16,212,20,248
2120854,32,241,12,285
2120855,10,312,6,328
2120856,28,346,4,378
2120857,27,424,24,475
2120858,23,281,10,314
2120901,16,491,0,507
2120902,9,218,9,236
2120903,26,443,9,478
2120904,3,296,12,311
2120905,6,316,6,328
2120906,9,413,15,437
2120907,3,391,3,397
2120908,6,401,9,416
2120909,9,304,0,313
2120910,3,482,15,500
2120911,0,286,7,293
2120912,6,317,18,341
2120913,6,450,10,466
2120914,12,247,3,262
2120915,15,487,28,530
2120916,9,390,21,420
2120917,12,460,7,479
2120918,9,404,21,434
2120919,9,540,12,561
2120920,3,267,12,282
2120921,6,340,12,358
2120922,15,413,7,435
2120923,12,327,6,345
2120924,15,544,18,577
2120925,3,332,3,338
2120926,3,190,9,202
2120927,0,240,0,240
2120928,3,213,6,222
2120929,12,472,11,495
2120930,9,339,3,351
2120931,0,412,12,424
2120932,0,215,12,227
2120933,6,366,21,393
2120934,18,499,16,533
2120935,3,368,6,377
2120936,12,498,19,529
2120937,15,301,9,325
2120938,8,377,15,400
2120939,6,405,35,446
2120940,4,244,0,248
2120941,9,327,6,342
2120942,5,426,28,459
2120943,0,311,15,326
2120944,6,379,6,391
2120945,28,359,128,515
2120946,22,247,18,287
2120947,6,311,11,328
2120948,3,206,3,212
2120949,7,369,9,385
2120950,9,505,35,549
2120951,9,360,9,378
2120952,4,331,3,338
2120953,12,323,6,341
2120954,9,404,10,423
2120955,5,382,7,394
2120956,0,316,3,319
2120957,0,247,15,262
2120958,9,492,8,509
2120959,12,192,18,222
2120960,20,345,12,377
2121001,6,281,3,290
2121002,12,455,27,494
2121003,0,232,6,238
2121004,15,397,6,418
2121005,6,218,19,243
2121006,15,427,7,449
2121007,0,220,0,220
2121008,6,333,9,348
2121009,9,333,6,348
2121010,6,449,12,467
2121101,3,160,7,170
2121102,10,408,24,442
2121103,21,354,31,406
2121104,4,217,31,252
2121105,12,216,24,252
2121106,18,535,32,585
2121107,3,213,6,222
2121108,0,105,3,108
2121109,10,270,7,287
2121110,15,321,9,345
2121111,9,181,24,214
2121112,9,266,9,284
2121201,18,379,9,406
2121202,9,257,13,279
2121203,12,204,9,225
2121204,7,360,24,391
2121205,0,236,6,242
2121206,9,269,12,290
2121207,0,191,6,197
2121208,0,138,6,144
2121209,0,0,0,0
2121210,0,0,0,0
2121211,9,349,9,367
2121212,3,327,14,344
2121213,3,325,15,343
2121214,7,309,24,340
2121215,9,334,9,352
2121216,0,260,10,270
2121217,7,232,9,248
2121218,6,191,6,203
2121219,9,134,3,146
2121220,9,216,3,228
2121301,9,575,21,605
2121302,6,326,14,346
2121303,3,233,3,239
2121304,9,537,27,573
2121305,11,561,36,608
2121306,9,253,6,268
2121307,12,311,16,339
2121308,0,413,12,425
2121309,10,327,19,356
2121310,12,205,9,226
2121311,16,720,31,767
2121312,6,193,3,202
2121313,17,401,3,421
2121314,12,311,0,323
2121315,12,400,4,416
2121316,17,346,4,367
2121317,88,225,18,331
2121318,6,389,15,410
2121319,6,226,3,235
2121320,9,215,7,231
2121321,9,176,6,191
2121322,3,190,0,193
2121323,7,323,11,341
2121324,3,253,15,271
2121325,9,262,9,280
2121401,14,386,21,421
2121402,15,363,6,384
2121403,3,266,11,280
2121404,9,417,20,446
2121405,9,342,12,363
2121406,6,451,9,466
2121407,6,396,12,414
2121408,6,525,15,546
2121409,7,258,9,274
2121410,6,437,24,467
2121411,9,494,18,521
2121412,6,330,21,357
2121413,0,257,12,269
2121414,12,358,13,383
2121415,9,347,21,377
2121416,7,335,21,363
2121417,6,276,14,296
2121501,6,239,0,245
2121502,12,386,24,422
2121503,9,289,14,312
2121504,3,279,7,289
2121505,13,423,6,442
2121506,0,0,0,0
2121507,6,465,15,486
2121508,6,283,6,295
2121509,19,535,15,569
2121510,4,177,5,186
2121511,0,430,21,451
2121512,21,680,3,704
2121513,16,467,24,507
2121514,6,374,10,390
2121515,10,354,18,382
2121516,0,269,26,295
2121517,14,564,29,607
2121518,30,428,5,463
2121519,6,430,9,445
2121520,11,410,17,438
2121521,15,435,9,459
2121522,6,538,18,562
2121523,12,457,12,481
2121524,15,303,21,339
2121525,20,562,0,582
2121526,3,309,8,320
2121527,6,343,12,361
2121528,0,197,6,203
2121529,15,422,6,443
2121530,0,427,15,442
2121531,4,372,10,386
2121532,66,403,13,482
2121533,0,236,9,245
2121534,3,219,4,226
2121601,21,370,12,403
2121602,54,935,131,1120
2121603,21,349,30,400
2121604,21,375,16,412
2121605,8,651,35,694
2121606,6,260,6,272
2121607,17,382,6,405
2121608,6,371,20,397
2121609,15,513,6,534
2121610,0,0,0,0
2121611,11,415,12,438
2121612,12,337,15,364
2121701,6,201,3,210
2121702,18,408,7,433
2121703,21,242,27,290
2121704,18,291,28,337
2121705,31,339,16,386
2121706,26,346,41,413
2121707,12,231,40,283
2121708,6,149,46,201
2121709,28,410,39,477
2121710,9,212,15,236
2121711,25,556,17,598
2121712,8,218,4,230
2121713,38,409,37,484
2121714,12,231,33,276
2121715,35,351,17,403
2121716,13,194,0,207
2121717,24,285,9,318
2121718,17,276,38,331
2121801,10,251,3,264
2121802,10,578,24,612
2121803,6,221,27,254
2121804,22,451,70,543
2121805,40,445,14,499
2121806,19,327,18,364
2121807,21,292,6,319
2121808,6,216,4,226
2121809,7,239,20,266
2121810,12,470,3,485
2121811,23,469,12,504
2121812,24,431,13,468
2121813,44,531,22,597
2121814,4,196,3,203
2121815,25,793,71,889
2121816,23,559,16,598
2121817,34,476,20,530
2121818,6,331,9,346
2121819,23,451,18,492
2121820,6,210,4,220
2121821,28,482,48,558
2121822,31,421,20,472
2121823,27,425,21,473
2121824,15,217,3,235
2121825,19,536,19,574
2121826,12,183,12,207
2121827,3,9,6,18
2121828,24,335,6,365
2121829,18,275,26,319
2121830,29,453,62,544
2121831,15,344,43,402
2121832,38,343,31,412
2121833,65,383,45,493
2121834,20,291,21,332
2121835,18,316,33,367
2121836,20,251,0,271
2121837,13,411,30,454
2121838,23,596,26,645
2121839,0,195,6,201
2121840,16,314,25,355
2121841,28,468,22,518
2121842,11,395,15,421
2121843,18,448,19,485
2121844,3,341,8,352
2121845,36,468,9,513
2121846,13,362,12,387
2121847,15,236,12,263
2121848,12,258,9,279
2121849,5,323,6,334
2121850,4,258,3,265
2121851,5,300,13,318
2121852,15,214,18,247
2121853,16,501,14,531
2121854,0,0,0,0
2121855,3,530,26,559
2121856,0,383,15,398
2121857,9,404,19,432
2121858,6,221,9,236
2121859,15,307,15,337
2121860,0,271,13,284
2121861,6,509,24,539
2121862,10,16,0,26
2121863,0,0,0,0
2121864,28,432,12,472
2121865,9,232,15,256
2121866,16,305,20,341
2121867,239,231,15,485
2121868,0,0,0,0
2121869,0,6,0,6
2121870,21,597,28,646
2121871,18,459,44,521
2121901,29,350,24,403
2121902,35,389,14,438
2121903,30,349,20,399
2121904,27,327,14,368
2121905,24,391,15,430
2121906,30,414,11,455
2121907,54,508,36,598
2121908,17,267,16,300
2121909,17,299,19,335
2121910,28,308,10,346
2121911,17,291,10,318
2121912,23,268,7,298
2121913,20,279,15,314
2121914,28,383,15,426
2121915,62,462,13,537
2121916,38,405,28,471
2121917,47,474,6,527
2121918,47,483,15,545
2121919,49,418,19,486
2121920,53,451,42,546
2121921,35,317,26,378
2121922,17,279,14,310
2121923,20,356,12,388
2121924,26,356,18,400
2121925,26,327,4,357
2121926,21,296,15,332
2121927,17,259,13,289
2121928,26,444,15,485
2121929,39,404,11,454
2121930,12,638,29,679
2121931,0,0,0,0
2121932,22,309,9,340
2121933,22,196,20,238
2121934,39,293,34,366
2121935,36,246,15,297
2121936,17,231,18,266
2121937,43,350,3,396
2121938,30,301,6,337
2121939,20,179,21,220
2121940,33,310,12,355
2121941,35,441,48,524
2121942,36,292,9,337
2121943,26,278,21,325
2121944,27,390,18,435
2121945,42,278,14,334
2121946,55,353,27,435
2121947,10,271,45,326
2121948,40,289,40,369
2121949,23,274,89,386
2121950,40,413,53,506
2121951,24,404,12,440
2122001,19,244,13,276
2122002,0,0,0,0
2122003,26,508,9,543
2122004,40,475,15,530
2122005,27,427,15,469
2122006,16,470,5,491
2122007,8,445,24,477
2122008,12,257,10,279
2122009,4,365,11,380
2122010,9,366,15,390
2122011,18,336,17,371
2122012,12,383,12,407
2122013,6,409,17,432
2122014,24,332,12,368
2122015,23,361,6,390
2122016,28,515,25,568
2122017,18,266,9,293
2122018,10,383,23,416
2122019,22,378,3,403
2122020,11,315,3,329
2122021,10,437,16,463
2122022,27,491,25,543
2122023,20,400,18,438
2122024,29,479,18,526
2122025,7,164,7,178
2122026,11,384,38,433
2122027,17,307,9,333
2122028,127,511,58,696
2122029,15,477,19,511
2122030,8,361,13,382
2122031,14,225,8,247
2122032,22,348,11,381
2122033,10,480,0,490
2122034,9,320,14,343
2122035,11,460,27,498
2122036,18,295,19,332
2122037,15,524,32,571
2122038,26,390,0,416
2122039,15,237,6,258
2122040,9,197,9,215
2122041,16,324,12,352
2122042,15,374,12,401
2122043,22,331,3,356
2122044,18,351,12,381
2122045,13,354,0,367
2122046,9,287,7,303
2122101,19,379,3,401
2122102,14,375,28,417
2122103,15,363,38,416
2122104,15,521,34,570
2122105,25,425,43,493
2122106,35,453,34,522
2122107,21,543,37,601
2122108,11,429,37,477
2122109,16,312,15,343
2122110,22,550,21,593
2122111,22,401,15,438
2122112,14,404,9,427
2122113,18,525,18,561
2122114,30,442,32,504
2122115,9,276,25,310
2122116,3,282,22,307
2122117,34,408,12,454
2122118,26,459,16,501
2122119,18,276,18,312
2122120,27,391,7,425
2122121,10,456,0,466
2122122,12,251,9,272
2122123,15,254,18,287
2122124,20,451,12,483
2122125,34,552,48,634
2122126,0,222,5,227
2122127,20,277,3,300
2122128,18,197,3,218
2122129,14,290,15,319
2122201,9,292,9,310
2122202,15,997,42,1054
2122203,9,705,23,737
2122204,0,0,0,0
2122205,13,478,14,505
2122206,21,643,29,693
2122207,30,1247,92,1369
2122208,12,677,18,707
2122209,16,614,21,651
2122210,16,734,24,774
2122211,9,108,13,130
2122212,18,589,7,614
2122213,34,1496,44,1574
2122214,18,583,9,610
2122215,6,250,6,262
2122216,5,414,15,434
2122217,3,348,9,360
2122218,0,0,0,0
2122219,14,239,95,348
2122220,18,370,10,398
2122221,21,238,65,324
2122222,179,1777,79,2035
2122223,12,360,12,384
2122224,13,491,24,528
2122225,18,411,3,432
2122226,12,280,8,300
2122227,7,278,11,296
2122228,9,379,23,411
2122229,15,296,12,323
2122230,10,317,0,327
2122231,4,535,28,567
2122232,29,770,45,844
2122233,15,521,24,560
2122234,12,437,18,467
2122235,11,597,28,636
2122236,4,475,0,479
2122237,8,380,8,396
2122238,10,453,6,469
2122239,15,501,21,537
2122240,15,384,10,409
2122241,14,404,9,427
2122242,0,49,3,52
2122243,102,119,14,235
2122244,31,1159,27,1217
2122245,15,867,10,892
2122246,45,1918,66,2029
2122247,49,2534,97,2680
2122248,64,2854,123,3041
2122249,12,410,7,429
2122250,43,1965,72,2080
2122251,16,503,9,528
2122252,15,604,28,647
2122253,14,740,25,779
2122254,9,443,28,480
2122255,19,525,17,561
2122301,28,299,15,342
2122302,42,481,43,566
2122303,30,294,19,343
2122304,48,510,96,654
2122305,59,516,31,606
2122306,45,278,40,363
2122307,35,265,45,345
2122308,43,342,28,413
2122309,42,429,25,496
2122310,30,260,27,317
2122311,9,320,15,344
2122312,40,514,31,585
2122313,44,342,18,404
2122314,38,460,24,522
2122315,16,228,47,291
2122316,26,198,8,232
2122317,28,264,14,306
2122318,38,381,19,438
2122319,35,341,38,414
2122320,12,392,9,413
2122321,15,402,29,446
2122322,38,289,13,340
2122323,14,369,15,398
2122324,3,3,0,6
2122325,0,7,0,7
2122326,33,425,27,485
2122327,24,238,21,283
2122328,25,351,21,397
2122329,31,358,27,416
2122330,34,310,18,362
2122331,42,297,38,377
2122332,35,260,10,305
2122333,97,461,24,582
2122334,33,350,23,406
2122335,0,0,0,0
2122336,40,480,21,541
2122337,36,332,32,400
2122338,29,358,15,402
2122339,22,277,18,317
2122340,22,358,10,390
2122341,18,383,15,416
2122342,40,446,33,519
2122343,24,395,42,461
2122344,0,6,0,6
2122345,59,386,15,460
2122346,46,459,26,531
2122347,42,404,30,476
2122348,33,392,12,437
2122349,30,346,20,396
2122350,0,0,0,0
2122351,29,256,36,321
2122352,14,165,20,199
2122353,21,366,25,412
2122354,40,382,17,439
2122401,14,427,37,478
2122402,22,428,13,463
2122403,7,341,22,370
2122404,11,580,93,684
2122405,19,337,38,394
2122406,29,599,82,710
2122407,6,343,24,373
2122408,15,293,15,323
2122409,4,362,14,380
2122410,12,645,37,694
2122411,8,287,3,298
2122412,20,717,49,786
2122413,19,377,9,405
2122414,9,473,9,491
2122415,21,399,15,435
2122416,15,261,0,276
2122417,14,480,52,546
2122418,23,379,19,421
2122419,18,250,4,272
2122420,6,263,19,288
2122421,18,449,31,498
2122422,12,450,23,485
2122423,12,123,3,138
2122424,12,184,8,204
2122425,25,397,46,468
2122426,9,403,30,442
2122427,25,649,24,698
2122501,12,338,19,369
2122502,21,614,12,647
2122503,11,281,5,297
2122504,18,397,24,439
2122505,9,254,24,287
2122506,10,214,7,231
2122507,110,389,12,511
2122508,0,190,6,196
2122509,22,552,20,594
2122510,13,460,0,473
2122511,15,301,21,337
2122512,20,366,10,396
2122513,0,3,0,3
2122514,9,325,17,351
2122515,0,0,0,0
2122516,5,449,33,487
2122517,12,244,6,262
2122518,60,247,6,313
2122519,13,477,12,502
2122520,12,239,6,257
2122521,12,432,18,462
2122601,22,321,9,352
2122602,36,508,15,559
2122603,34,474,34,542
2122604,46,488,30,564
2122605,32,538,40,610
2122606,49,472,44,565
2122607,18,329,6,353
2122608,33,511,11,555
2122609,15,422,22,459
2122610,22,233,16,271
2122611,8,249,0,257
2122612,15,432,18,465
2122613,22,432,39,493
2122614,9,315,24,348
2122615,18,293,6,317
2122616,0,3,0,3
2122617,9,222,11,242
2122701,0,0,0,0
2122801,30,519,9,558
2122802,13,329,10,352
2122803,35,224,11,270
2122804,0,7,0,7
2122805,0,4,0,4
2122806,23,399,7,429
2122807,25,336,10,371
2122808,13,331,8,352
2122809,16,327,12,355
2122810,33,426,20,479
2122811,26,506,16,548
2122812,15,452,32,499
2122813,15,304,9,328
2122814,6,300,7,313
2122815,10,250,18,278
2122816,12,180,6,198
2122817,12,440,33,485
2122818,0,7,0,7
2122819,11,453,37,501
2122820,15,428,12,455
2122821,6,314,32,352
2122822,5,417,11,433
2122823,5,428,26,459
2122824,6,67,3,76
2122825,0,9,0,9
2122826,6,191,0,197
2122901,14,366,24,404
2122902,40,444,22,506
2122903,24,348,3,375
2122904,28,335,9,372
2122905,22,261,4,287
2122906,30,459,8,497
2122907,122,294,15,431
2122908,26,537,28,591
2122909,53,403,0,456
2122910,20,379,4,403
2122911,11,504,30,545
2122912,103,254,30,387
2122913,12,325,16,353
2122914,35,461,6,502
2122915,14,202,3,219
2122916,15,287,12,314
2122917,27,321,12,360
2122918,19,374,33,426
2122919,13,203,4,220
2122920,5,302,15,322
2122921,20,488,35,543
2122922,10,372,21,403
2122923,20,389,33,442
2122924,7,432,6,445
2122925,5,172,22,199
2122926,33,436,6,475
2122927,20,413,19,452
2122928,21,283,12,316
2122929,25,439,30,494
2122930,24,364,22,410
2122931,32,210,12,254
2122932,25,178,15,218
2122933,16,337,15,368
2122934,18,310,9,337
2122935,31,432,12,475
2122936,73,166,27,266
2122937,29,310,9,348
2122938,31,475,25,531
2122939,80,386,30,496
2122940,30,471,22,523
2122941,38,259,11,308
2122942,22,219,8,249
2122943,17,479,24,520
2122944,21,300,15,336
2122945,18,313,30,361
2122946,23,329,18,370
2122947,6,359,21,386
2122948,11,245,21,277
2122949,21,354,10,385
2122950,57,323,18,398
2122951,18,400,30,448
2122952,99,453,27,579
2122953,19,350,9,378
2122954,25,476,19,520
2122955,13,259,27,299
2122956,31,501,21,553
2122957,24,187,0,211
2122958,9,212,19,240
2122959,12,316,3,331
2122960,11,279,32,322
2122961,27,288,12,327
2122962,21,444,27,492
2123001,12,361,7,380
2123002,9,336,3,348
2123003,22,267,0,289
2123004,19,241,15,275
2123005,6,350,11,367
2123006,18,428,21,467
2123007,25,357,9,391
2123008,33,350,26,409
2123009,9,434,17,460
2123010,34,420,12,466
2123011,9,385,13,407
2123012,6,499,19,524
2123013,9,300,9,318
2123014,16,320,3,339
2123015,21,338,12,371
2123016,13,290,11,314
2123017,13,124,6,143
2123101,12,420,12,444
2123102,12,482,9,503
2123103,10,237,0,247
2123104,14,541,29,584
2123105,20,321,39,380
2123106,17,402,21,440
2123107,20,410,24,454
2123108,14,418,12,444
2123109,20,495,13,528
2123110,10,222,4,236
2123111,9,387,30,426
2123112,7,263,15,285
2123113,14,458,18,490
2123114,14,238,4,256
2123115,0,370,17,387
2123116,8,342,7,357
2123117,22,447,17,486
2123118,17,322,0,339
2123119,12,344,9,365
2123120,24,419,40,483
2123121,12,331,24,367
2123122,12,497,33,542
2123201,9,334,8,351
2123202,16,544,32,592
2123203,8,383,16,407
2123204,12,265,0,277
2123205,5,374,29,408
2123206,3,181,12,196
2123207,16,619,18,653
2123208,0,120,0,120
2123209,12,441,4,457
2123210,12,549,18,579
2123211,53,466,17,536
2123212,7,203,8,218
2123213,4,405,9,418
2123214,9,286,24,319
2123215,13,597,9,619
2123216,6,357,30,393
2123217,3,320,13,336
2123218,6,464,12,482
2123219,10,476,8,494
2123220,14,455,4,473
2123221,11,408,10,429
2123222,9,371,4,384
2123223,0,462,21,483
2123224,10,314,87,411
2123225,0,0,0,0
2123226,0,13,0,13
2123227,18,311,6,335
2123228,13,320,3,336
2123229,0,134,6,140
2123230,71,134,14,219
2123301,6,259,15,280
2123302,12,420,18,450
2123303,3,252,21,276
2123304,3,150,12,165
2123305,9,249,6,264
2123306,0,123,0,123
2123307,4,394,26,424
2123308,10,299,0,309
2123309,18,459,16,493
2123310,12,370,15,397
2123401,9,361,8,378
2123402,12,578,18,608
2123403,18,418,12,448
2123404,9,307,6,322
2123405,10,414,3,427
2123406,8,356,6,370
2123407,15,389,4,408
2123408,9,399,6,414
2123409,21,361,4,386
2123501,12,292,46,350
2123502,3,292,25,320
2123503,18,380,33,431
2123504,15,350,37,402
2123505,22,464,40,526
2123506,21,311,3,335
2123507,21,535,17,573
2123508,6,244,15,265
2123509,20,602,12,634
2123510,21,406,13,440
2123511,15,463,24,502
2123512,6,316,21,343
2123513,19,530,13,562
2123514,24,304,15,343
2123515,8,270,4,282
2123516,10,437,30,477
2123517,13,393,17,423
2123518,8,255,24,287
2123519,9,424,19,452
2123520,5,288,29,322
2123521,11,355,6,372
2123601,100,539,19,658
2123602,26,526,33,585
2123603,19,413,21,453
2123604,35,476,29,540
2123605,0,4,0,4
2123606,24,247,18,289
2123607,29,327,58,414
2123608,20,177,24,221
2123609,17,235,19,271
2123610,40,508,50,598
2123611,22,227,26,275
2123612,69,203,21,293
2123613,26,288,24,338
2123614,12,325,40,377
2123615,35,509,38,582
2123616,8,192,3,203
2123617,23,210,28,261
2123618,27,148,37,212
2123701,0,0,0,0
2123702,56,462,16,534
2123703,30,478,25,533
2123704,45,361,24,430
2123705,30,421,25,476
2123706,152,561,54,767
2123707,32,453,28,513
2123708,27,400,44,471
2123709,29,280,29,338
2123710,18,390,38,446
2123711,0,0,0,0
2123712,46,465,23,534
2123713,0,0,0,0
2123714,38,303,15,356
2123715,78,475,24,577
2123716,53,417,24,494
2123717,45,316,33,394
2123718,51,435,39,525
2123719,24,273,7,304
2123720,36,292,17,345
2123721,36,377,38,451
2123722,54,512,33,599
2123723,68,249,81,398
2123724,31,253,35,319
2123725,23,323,12,358
2123726,31,383,40,454
2123727,30,442,0,472
2123728,44,398,15,457
2123729,26,344,24,394
2123730,28,340,15,383
2123731,24,242,22,288
2123801,38,330,55,423
2123802,53,435,34,522
2123803,45,441,35,521
2123804,35,299,38,372
2123805,27,276,24,327
2123806,40,431,33,504
2123807,22,252,27,301
2123808,26,318,48,392
2123809,26,234,60,320
2123810,21,251,13,285
2123811,23,230,14,267
2123812,29,449,51,529
2123813,21,232,8,261
2123814,15,319,29,363
2123815,22,271,19,312
2123816,23,333,32,388
2123817,10,327,37,374
2123818,28,296,23,347
2123819,24,352,15,391
2123820,23,237,11,271
2123821,20,292,23,335
2123822,39,370,26,435
2123823,31,447,85,563
2123824,17,215,18,250
2123825,15,228,18,261
2123826,39,265,74,378
2123827,13,253,17,283
2123828,24,364,25,413
2123829,14,192,6,212
2123830,25,375,19,419
2123831,19,361,22,402
2123832,18,276,27,321
2123833,32,322,18,372
2123834,22,300,11,333
2123835,20,309,25,354
2123836,10,243,124,377
2123837,8,255,5,268
2123838,30,343,27,400
2123839,23,358,21,402
2123840,24,299,0,323
2123841,35,236,39,310
2123842,118,169,11,298
2123843,24,253,0,277
2123844,25,368,15,408
2123845,36,410,31,477
2123846,18,194,18,230
2123847,53,239,22,314
2123848,24,421,12,457
2123849,24,482,19,525
2123850,31,511,55,597
2123851,23,330,12,365
2123852,50,436,24,510
2123853,151,324,42,517
2123854,22,347,30,399
2123855,65,430,114,609
2123856,57,332,43,432
2123857,28,325,21,374
2123858,28,198,29,255
2123859,28,324,9,361
2123860,33,335,27,395
2123861,0,0,0,0
2123862,0,0,0,0
2123863,0,0,0,0
2123864,3,443,26,472
2123865,31,651,39,721
2123866,24,438,42,504
2123867,13,333,15,361
2123868,39,433,27,499
2123869,9,656,24,689
2123870,12,469,21,502
2123871,15,336,23,374
2123872,23,326,18,367
2123873,24,277,7,308
2123874,54,252,10,316
2123901,20,514,28,562
2123902,17,503,26,546
2123903,21,405,15,441
2123904,12,262,12,286
2123905,21,304,9,334
2123906,31,436,71,538
2123907,25,482,15,522
2123908,25,327,16,368
2123909,203,430,24,657
2123910,20,387,12,419
2123911,24,369,10,403
2123912,25,313,30,368
2123913,13,311,9,333
2123914,13,329,21,363
2123915,24,607,53,684
2123916,68,435,26,529
2123917,43,645,30,718
2123918,31,454,45,530
2123919,24,343,9,376
2123920,18,272,12,302
2123921,13,290,0,303
2123922,9,362,24,395
2123923,26,489,22,537
2123924,13,421,25,459
2123925,20,493,25,538
2123926,47,587,26,660
2123927,20,518,26,564
2123928,12,241,11,264
2123929,23,461,21,505
2123930,24,332,22,378
2123931,11,511,57,579
2123932,33,368,25,426
2123933,23,407,35,465
2123934,8,420,18,446
2123935,21,277,0,298
2123936,27,258,13,298
2123937,8,320,26,354
2123938,27,547,23,597
2123939,19,304,15,338
2123940,28,358,6,392
2123941,22,390,18,430
2123942,26,194,12,232
2123943,23,294,46,363
2123944,18,283,9,310
2123945,28,436,18,482
2123946,30,416,27,473
2123947,9,252,23,284
2124001,7,251,15,273
2124002,19,546,6,571
2124003,42,585,70,697
2124004,18,487,44,549
2124005,11,400,25,436
2124006,13,299,24,336
2124007,0,0,0,0
2124008,24,320,17,361
2124009,10,261,0,271
2124010,12,219,13,244
2124011,25,313,0,338
2124012,3,277,3,283
2124013,12,436,6,454
2124014,21,480,21,522
2124015,18,660,17,695
2124016,14,590,17,621
2124017,3,290,0,293
2124018,16,524,17,557
2124019,18,395,5,418
2124020,15,378,11,404
2124021,14,414,12,440
2124022,76,439,15,530
2124023,9,246,17,272
2124024,6,184,6,196
2124025,10,269,0,279
2124026,15,520,56,591
2124027,9,336,43,388
2124028,9,259,13,281
2124029,9,341,9,359
2124030,10,343,16,369
2124031,16,372,0,388
2124032,6,213,0,219
2124101,12,402,15,429
2124102,19,442,14,475
2124103,0,473,21,494
2124104,17,422,16,455
2124105,9,734,40,783
2124106,9,222,12,243
2124107,12,275,14,301
2124108,24,416,18,458
2124109,26,446,19,491
2124110,16,315,15,346
2124111,21,370,10,401
2124112,34,506,12,552
2124113,33,276,15,324
2124114,15,312,18,345
2124115,31,409,12,452
2124116,13,319,13,345
2124117,16,253,15,284
2124118,17,362,14,393
2124119,21,457,24,502
2124120,6,322,12,340
2124121,18,563,19,600
2124122,15,526,38,579
2124123,9,248,0,257
2124124,12,479,18,509
2124125,15,422,12,449
2124126,12,443,24,479
2124127,10,517,0,527
2124128,24,484,28,536
2124129,18,330,0,348
2124130,19,429,12,460
2124131,18,612,13,643
2124132,7,579,37,623
2124133,28,1021,51,1100
2124134,28,260,20,308
2124135,128,251,29,408
2124136,34,513,9,556
2124137,23,383,11,417
2124138,8,275,7,290
2124139,15,366,12,393
2124140,23,416,15,454
2124141,22,307,12,341
2124142,21,281,35,337
2124143,15,314,3,332
2124144,18,414,6,438
2124145,18,653,15,686
2124146,18,529,9,556
2124147,3,186,9,198
2124148,12,374,39,425
2124149,9,179,3,191
2124150,12,282,22,316
2124151,18,175,21,214
2124152,25,319,18,362
2124153,18,411,21,450
2124154,69,489,40,598
2124155,12,376,35,423
2124201,42,470,67,579
2124202,26,370,28,424
2124203,39,472,41,552
2124204,76,499,70,645
2124205,60,534,106,700
2124206,61,371,53,485
2124207,35,332,28,395
2124208,41,418,96,555
2124209,46,372,68,486
2124210,51,316,41,408
2124211,23,307,57,387
2124212,64,586,56,706
2124213,41,389,38,468
2124214,30,249,27,306
2124215,40,538,60,638
2124216,10,92,42,144
2124217,22,177,55,254
2124218,34,445,129,608
2124219,20,257,111,388
2124220,43,370,38,451
2124221,18,289,24,331
2124222,35,451,22,508
2124223,9,32,7,48
2124224,35,365,72,472
2124225,45,395,81,521
2124226,0,0,0,0
2124227,23,180,28,231
2124301,35,314,26,375
2124302,20,217,25,262
2124303,0,3,0,3
2124304,0,3,0,3
2124305,6,180,22,208
2124306,47,412,24,483
2124307,22,184,6,212
2124308,28,219,30,277
2124309,44,330,25,399
2124310,29,365,11,405
2124311,30,270,25,325
2124312,35,413,98,546
2124313,26,180,30,236
2124314,29,429,87,545
2124315,33,229,42,304
2124316,20,188,26,234
2124317,32,393,60,485
2124318,61,451,75,587
2124319,41,389,36,466
2124320,56,502,87,645
2124321,44,368,40,452
2124322,0,0,0,0
2124323,40,391,43,474
2124324,13,257,39,309
2124325,28,236,21,285
2124326,24,304,47,375
2124327,97,497,31,625
2124328,34,381,59,474
2124329,32,415,36,483
2124330,34,311,45,390
2124331,25,230,30,285
2124332,21,197,10,228
2124333,29,395,38,462
2124334,31,309,25,365
2124335,39,394,17,450
2124336,49,372,53,474
2124337,18,329,32,379
2124338,11,202,34,247
2124339,38,317,24,379
2124340,17,430,68,515
2124341,38,292,45,375
2124342,18,227,6,251
2124343,46,364,45,455
2124344,35,249,15,299
2124401,17,408,15,440
2124402,21,304,6,331
2124403,23,415,28,466
2124404,21,487,13,521
2124405,8,306,25,339
2124406,4,197,16,217
2124407,7,720,56,783
2124408,21,522,18,561
2124409,7,379,3,389
2124410,16,610,18,644
2124411,49,1389,58,1496
2124412,12,385,18,415
2124413,9,156,12,177
2124414,15,533,34,582
2124415,33,542,15,590
2124416,27,490,14,531
2124417,6,237,12,255
2124418,15,358,38,411
2124419,15,235,40,290
2124420,12,478,34,524
2124421,21,313,18,352
2124422,25,287,6,318
2124423,14,454,7,475
2124424,30,430,18,478
2124425,17,258,25,300
2124426,7,326,8,341
2124427,24,271,14,309
2124428,22,369,27,418
2124429,30,490,42,562
2124430,16,300,10,326
2124431,21,417,26,464
2124432,16,624,9,649
2124433,15,466,15,496
2124434,28,489,15,532
2124435,15,347,9,371
2124436,24,449,34,507
2124437,16,506,16,538
2124438,18,683,50,751
2124439,9,390,10,409
2124440,23,668,39,730
2124441,12,497,22,531
2124442,16,513,35,564
2124443,37,805,58,900
2124444,18,489,11,518
2124445,17,486,23,526
2124446,21,284,14,319
2124447,15,268,5,288
2124448,12,270,18,300
2124449,178,5966,288,6432
2124450,19,625,38,682
2124451,18,596,3,617
2124452,14,232,24,270
2124453,13,348,21,382
2124454,6,242,6,254
2124455,19,335,6,360
2124456,3,264,5,272
2124457,4,331,0,335
2124458,4,385,22,411
2124459,15,199,22,236
2124460,11,295,6,312
2124461,9,242,17,268
2124462,9,232,18,259
2124501,27,426,47,500
2124502,25,392,12,429
2124503,24,286,9,319
2124504,19,258,15,292
2124505,29,359,30,418
2124506,26,347,4,377
2124507,26,289,35,350
2124508,28,414,33,475
2124509,0,228,14,242
2124510,8,302,6,316
2124511,11,243,24,278
2124512,42,213,40,295
2124513,22,337,26,385
2124514,20,450,21,491
2124515,21,327,20,368
2124516,15,243,12,270
2124517,15,270,15,300
2124518,13,395,19,427
2124519,24,345,3,372
2124520,14,176,5,195
2124521,18,220,4,242
2124522,22,170,13,205
2124523,38,499,12,549
2124524,25,306,21,352
2124525,93,192,8,293
2124526,7,513,27,547
2124527,20,209,9,238
2124528,31,561,20,612
2124529,21,334,20,375
2124530,18,626,14,658
2124531,31,493,29,553
2124532,38,445,22,505
2124533,21,280,27,328
2124534,0,0,0,0
2124535,0,0,0,0
2124536,0,0,0,0
2124537,0,7,0,7
2124538,33,302,30,365
2124539,15,456,15,486
2124540,13,436,27,476
2124541,12,456,25,493
2124542,9,525,3,537
2124543,13,501,21,535
2124544,8,176,6,190
2124545,9,227,18,254
2124546,31,503,3,537
2124547,18,220,9,247
2124548,24,388,15,427
2124601,31,500,16,547
2124602,24,530,9,563
2124603,16,395,12,423
2124604,12,343,7,362
2124605,14,351,6,371
2124606,16,420,19,455
2124607,18,366,9,393
2124608,4,299,13,316
2124609,24,397,6,427
2124610,20,459,7,486
2124611,14,428,4,446
2124612,10,413,9,432
2124613,0,241,12,253
2124614,5,459,27,491
2124615,16,508,12,536
2124616,12,291,19,322
2124617,15,527,4,546
2124618,9,276,4,289
2124619,10,361,0,371
2124620,10,320,16,346
2124621,17,256,29,302
2124622,48,218,9,275
2124623,10,275,9,294
2124624,12,323,6,341
2124625,15,602,15,632
2124626,29,816,18,863
2124627,12,338,9,359
2124628,12,341,3,356
2124629,3,277,6,286
2124701,31,477,34,542
2124702,28,348,10,386
2124703,34,479,28,541
2124704,45,510,44,599
2124705,41,359,76,476
2124706,51,501,41,593
2124707,25,261,6,292
2124708,30,516,19,565
2124709,31,438,33,502
2124710,39,395,22,456
2124711,38,505,25,568
2124712,30,434,9,473
2124713,35,546,28,609
2124714,31,477,42,550
2124715,44,531,35,610
2124716,33,421,43,497
2124717,34,374,48,456
2124718,30,404,22,456
2124719,32,325,13,370
2124720,33,399,53,485
2124721,50,453,26,529
2124722,50,488,22,560
2124723,39,518,18,575
2124724,42,589,37,668
2124725,45,562,45,652
2124726,34,415,21,470
2124727,33,430,27,490
2124728,56,339,35,430
2124729,21,178,15,214
2124730,28,185,8,221
2124801,0,87,54,141
2124901,20,447,9,476
2124902,22,423,32,477
2124903,32,582,24,638
2124904,29,408,21,458
2124905,19,385,41,445
2124906,27,378,43,448
2124907,34,522,45,601
2124908,43,719,47,809
2124909,0,29,0,29
2124910,22,374,13,409
2124911,18,411,10,439
2124912,30,751,30,811
2124913,36,412,10,458
2124914,22,312,16,350
2124915,11,351,21,383
2124916,22,386,33,441
2124917,12,239,6,257
2124918,14,490,85,589
2124919,17,265,39,321
2124920,19,455,70,544
2124921,28,496,13,537
2124922,21,330,53,404
2124923,31,402,25,458
2124924,27,370,15,412
2124925,56,321,26,403
2124926,34,502,15,551
2124927,28,365,23,416
2124928,31,533,31,595
2124929,22,341,8,371
2124930,6,302,3,311
2124931,8,243,11,262
2124932,15,455,20,490
2124933,16,511,26,553
2124934,24,412,14,450
2124935,0,3,0,3
2124936,10,280,9,299
2124937,3,271,18,292
2124938,22,321,21,364
2124939,29,386,27,442
2124940,19,330,46,395
2124941,8,347,4,359
2124942,9,286,16,311
2124943,22,437,16,475
2124944,28,406,26,460
2124945,38,359,24,421
2124946,12,228,0,240
2124947,18,330,11,359
2125001,13,401,10,424
2125002,30,322,18,370
2125003,37,406,30,473
2125004,28,439,16,483
2125005,23,365,22,410
2125006,28,343,18,389
2125007,23,477,35,535
2125008,0,12,0,12
2125009,31,455,12,498
2125010,21,394,25,440
2125011,45,364,24,433
2125012,15,254,22,291
2125013,19,290,19,328
2125014,21,367,18,406
2125015,9,180,15,204
2125016,14,247,4,265
2125017,0,3,6,9
2125018,6,259,32,297
2125019,0,0,0,0
2125101,11,194,3,208
2125102,22,369,9,400
2125103,10,347,7,364
2125104,14,369,11,394
2125105,17,580,10,607
2125106,20,499,38,557
2125107,34,545,33,612
2125108,8,210,0,218
2125109,21,541,14,576
2125110,31,294,36,361
2125111,19,307,30,356
2125112,32,653,15,700
2125113,22,381,6,409
2125114,32,543,31,606
2125115,6,378,18,402
2125116,15,364,27,406
2125117,12,286,3,301
2125118,32,539,32,603
2125119,3,289,7,299
2125120,26,599,32,657
2125121,9,273,6,288
2125122,0,7,0,7
2125123,15,264,9,288
2125124,38,334,27,399
2125125,105,224,15,344
2125126,12,242,3,257
2125127,11,263,19,293
2125128,23,293,0,316
2125201,0,7,0,7
2125202,16,508,12,536
2125203,9,291,0,300
2125204,18,478,30,526
2125205,13,274,0,287
2125206,18,313,18,349
2125207,20,318,12,350
2125208,27,548,38,613
2125209,18,292,3,313
2125210,23,471,18,512
2125211,5,391,11,407
2125212,19,472,12,503
2125213,4,498,23,525
2125214,7,518,24,549
2125215,6,432,26,464
2125216,18,599,46,663
2125217,24,565,12,601
2125218,7,391,19,417
2125219,17,415,29,461
2125220,113,444,29,586
2125221,85,296,10,391
2125222,11,454,9,474
2125223,19,324,13,356
2125224,24,418,15,457
2125225,18,417,9,444
2125226,21,406,18,445
2125227,12,393,10,415
2125228,39,427,15,481
2125229,25,526,19,570
2125230,12,274,13,299
2125231,71,577,37,685
2125232,21,327,15,363
2125233,15,358,18,391
2125234,3,269,12,284
2125235,6,409,30,445
2125236,3,328,7,338
2125237,62,384,25,471
2125238,30,494,13,537
2125239,101,372,18,491
2125240,18,457,22,497
2125241,12,221,7,240
2125242,18,404,10,432
2125243,14,537,39,590
2125244,18,379,3,400
2125245,28,695,16,739
2125246,18,328,0,346
2125247,16,264,16,296
2125248,13,437,4,454
2125249,12,244,10,266
2125250,6,465,25,496
2125251,0,0,0,0
2125252,12,189,9,210
2125253,12,293,15,320
2125254,4,277,4,285
2125255,25,383,17,425
2125256,16,280,18,314
2125257,13,336,0,349
2125258,6,218,18,242
2125259,9,326,22,357
2125260,9,262,3,274
2125261,9,194,3,206
2125301,14,347,9,370
2125302,9,407,0,416
2125303,21,355,4,380
2125304,9,601,15,625
2125305,0,295,6,301
2125306,25,415,12,452
2125307,18,527,12,557
2125308,56,414,23,493
2125309,48,488,23,559
2125310,45,282,28,355
2125311,21,475,23,519
2125312,12,362,6,380
2125313,24,363,3,390
2125314,21,381,15,417
2125315,23,544,21,588
2125316,20,489,3,512
2125317,21,397,19,437
2125318,15,233,6,254
2125319,12,510,24,546
2125320,28,466,11,505
2125321,7,346,18,371
2125322,27,536,19,582
2125323,22,609,21,652
2125324,9,275,19,303
2125325,22,571,27,620
2125326,28,314,3,345
2125327,16,554,11,581
2125328,16,273,12,301
2125329,24,321,3,348
2125330,7,399,15,421
2125331,15,408,16,439
2125332,96,391,15,502
2125333,13,481,23,517
2125334,15,393,12,420
2125335,9,411,11,431
2125336,22,437,9,468
2125337,19,336,9,364
2125338,15,400,3,418
2125339,9,265,9,283
2125340,30,265,12,307
2125341,19,536,15,570
2125342,18,491,13,522
2125343,53,433,13,499
2125344,21,351,12,384
2125345,13,447,20,480
2125346,16,506,34,556
2125347,9,233,6,248
2125348,24,297,12,333
2125349,13,236,18,267
2125350,15,355,12,382
2125351,28,471,32,531
2125352,12,346,9,367
2125353,13,395,18,426
2125354,18,472,6,496
2125355,34,454,28,516
2125356,10,221,10,241
2125357,0,233,21,254
2125358,37,575,21,633
2125359,18,267,11,296
2125360,95,492,19,606
2125361,6,414,9,429
2125362,18,455,6,479
2125363,18,506,15,539
2125364,8,273,9,290
2125365,0,0,0,0
2125401,30,370,7,407
2125402,15,429,7,451
2125403,22,551,12,585
2125404,10,293,6,309
2125405,15,375,15,405
2125406,10,469,13,492
2125407,0,3,0,3
2125408,18,422,16,456
2125409,15,453,6,474
2125410,12,391,6,409
2125411,24,435,7,466
2125412,6,217,0,223
2125413,62,533,6,601
2125414,17,452,15,484
2125415,16,378,26,420
2125416,19,658,10,687
2125417,11,323,7,341
2125418,3,9,0,12
2125419,5,510,9,524
2125420,7,434,16,457
2125421,9,429,18,456
2125422,18,516,27,561
2125423,12,291,0,303
2125424,13,399,3,415
2125425,15,406,13,434
2125426,0,0,0,0
2125427,0,0,0,0
2125428,15,291,0,306
2125429,10,469,6,485
2125430,12,440,19,471
2125431,14,535,10,559
2125432,15,213,3,231
2125433,3,246,9,258
2125434,18,313,15,346
2125501,0,405,16,421
2125502,6,347,15,368
2125503,10,456,10,476
2125504,21,865,4,890
2125505,18,418,21,457
2125506,36,488,18,542
2125507,9,484,8,501
2125508,0,306,9,315
2125509,0,222,5,227
2125510,6,414,3,423
2125511,0,170,9,179
2125512,21,581,33,635
2125513,9,392,9,410
2125514,15,364,3,382
2125515,6,326,3,335
2125601,15,231,9,255
2125602,9,328,24,361
2125603,6,354,24,384
2125604,6,298,4,308
2125605,11,528,24,563
2125606,7,365,6,378
2125607,0,0,0,0
2125608,12,548,9,569
2125609,19,392,16,427
2125610,12,323,0,335
2125611,14,334,0,348
2125612,14,423,11,448
2125613,3,383,21,407
2125614,3,303,6,312
2125615,6,199,9,214
2125616,22,521,8,551
2125617,3,204,3,210
2125618,21,360,5,386
2125619,15,535,13,563
2125620,12,438,6,456
2125621,24,516,3,543
2125622,16,506,10,532
2125623,33,226,10,269
2125624,16,492,19,527
2125625,12,409,3,424
2125626,11,496,10,517
2125627,10,533,10,553
2125628,4,216,0,220
2125629,26,507,29,562
2125630,8,482,12,502
2125631,7,275,0,282
2125632,15,469,22,506
2125633,12,433,27,472
2125634,11,253,6,270
2125635,15,438,21,474
2125636,12,254,0,266
2125637,8,294,18,320
2125638,6,300,11,317
2125639,6,214,0,220
2125701,0,0,0,0
2125702,11,470,7,488
2125703,18,649,27,694
2125704,12,569,12,593
2125705,0,392,14,406
2125706,18,432,7,457
2125707,7,413,4,424
2125708,7,494,7,508
2125709,6,391,0,397
2125710,19,474,6,499
2125711,13,431,9,453
2125712,13,460,15,488
2125713,0,226,0,226
2125714,12,536,26,574
2125715,6,361,3,370
2125716,7,383,4,394
2125717,32,240,18,290
2125718,9,427,16,452
2125719,21,327,18,366
2125801,0,0,0,0
2125802,0,11,0,11
2125803,9,453,18,480
2125804,6,329,0,335
2125805,15,500,24,539
2125806,6,422,17,445
2125807,5,565,19,589
2125808,0,0,0,0
2125809,18,339,18,375
2125810,9,419,6,434
2125811,15,279,15,309
2125812,12,422,14,448
2125813,10,499,27,536
2125814,12,473,10,495
2125815,4,445,14,463
2125816,15,472,21,508
2125817,14,407,27,448
2125818,0,246,0,246
2125819,12,456,12,480
2125820,9,261,3,273
2125821,6,355,12,373
2125822,6,453,16,475
2125823,16,413,12,441
2125824,14,563,9,586
2125825,9,284,21,314
2125826,10,454,3,467
2125827,7,327,15,349
2125828,12,386,18,416
2125901,0,430,21,451
2125902,12,208,13,233
2125903,15,323,12,350
2125904,7,307,3,317
2125905,9,319,6,334
2125906,13,445,9,467
2125907,15,441,8,464
2125908,6,396,13,415
2125909,31,510,10,551
2125910,15,298,9,322
2125911,15,399,3,417
2125912,15,496,0,511
2125913,9,492,7,508
2125914,16,315,7,338
2125915,28,373,15,416
2125916,0,0,0,0
2125917,6,179,3,188
2125918,25,301,6,332
2125919,8,306,6,320
2125920,42,238,13,293
2125921,6,270,10,286
2125922,18,442,3,463
2125923,15,443,9,467
2125924,139,178,13,330
2125925,16,301,7,324
2125926,18,289,10,317
2125927,21,430,24,475
2125928,26,173,9,208
2125929,5,549,18,572
2125930,12,435,12,459
2125931,10,382,4,396
2125932,6,276,7,289
2125933,38,294,12,344
2125934,12,212,6,230
2125935,18,334,5,357
2125936,15,476,6,497
2125937,6,286,12,304
2125938,3,192,21,216
2126001,0,0,0,0
2126002,9,298,6,313
2126003,3,9,0,12
2126004,16,344,7,367
2126005,16,392,35,443
2126006,0,29,0,29
2126007,13,546,10,569
2126008,7,350,3,360
2126009,13,316,6,335
2126010,19,374,6,399
2126011,9,385,3,397
2126012,7,212,0,219
2126013,8,540,15,563
2126014,28,432,20,480
2126015,9,390,24,423
2126016,29,404,21,454
2126017,5,278,10,293
2126018,21,378,9,408
2126019,24,400,10,434
2126020,0,274,12,286
2126021,54,436,12,502
2126022,12,471,12,495
2126023,31,453,25,509
2126024,34,180,6,220
2126025,3,285,4,292
2126026,53,430,18,501
2126027,18,375,6,399
2126028,16,338,3,357
2126029,12,422,6,440
2126030,8,323,3,334
2126031,9,353,12,374
2126032,9,328,9,346
2126033,38,354,6,398
2126034,4,413,4,421
2126035,9,435,21,465
2126036,3,335,14,352
2126037,6,242,15,263
2126038,23,439,25,487
2126039,168,362,9,539
2126040,15,314,6,335
2126041,24,362,30,416
2126042,10,418,12,440
2126043,15,309,3,327
2126044,8,410,8,426
2126045,8,322,9,339
2126046,4,350,27,381
2126047,3,328,6,337
2126101,21,433,9,463
2126102,16,498,14,528
2126103,13,641,32,686
2126104,7,513,11,531
2126105,6,368,18,392
2126106,16,395,18,429
2126107,7,256,10,273
2126108,37,582,26,645
2126109,143,353,20,516
2126110,9,278,7,294
2126111,21,383,9,413
2126112,12,419,12,443
2126113,5,278,0,283
2126114,12,308,17,337
2126115,6,221,20,247
2126116,6,503,6,515
2126117,8,329,9,346
2126118,24,349,18,391
2126119,6,354,15,375
2126120,7,244,0,251
2126121,15,477,6,498
2126122,7,196,4,207
2126123,3,190,0,193
2126124,14,275,3,292
2126125,9,483,13,505
2126126,9,364,11,384
2126127,16,514,15,545
2126128,6,346,12,364
2126129,14,399,39,452
2126130,6,458,9,473
2126131,9,408,7,424
2126132,6,341,6,353
2126133,16,555,42,613
2126134,8,321,15,344
2126135,12,297,6,315
2126136,3,177,15,195
2126137,9,244,9,262
2126138,38,292,9,339
2126139,6,345,12,363
2126201,3,264,10,277
2126202,6,209,6,221
2126203,6,332,3,341
2126204,9,429,12,450
2126205,8,374,19,401
2126206,9,223,6,238
2126207,3,259,3,265
2126208,7,364,9,380
2126209,12,249,9,270
2126210,14,514,5,533
2126211,91,255,5,351
2126212,0,169,6,175
2126213,3,349,12,364
2126214,12,307,15,334
2126215,9,304,3,316
2126216,12,300,3,315
2126217,3,283,0,286
2126218,4,188,11,203
2126219,3,202,3,208
2126220,7,337,6,350
2126221,6,356,3,365
2126222,6,230,6,242
2126223,6,225,5,236
2126224,5,391,21,417
2126225,15,302,6,323
2126226,3,223,4,230
2126227,4,396,15,415
2126228,15,340,9,364
2126229,12,261,12,285
2126230,4,243,3,250
2126231,0,275,9,284
2126232,5,303,13,321
2126301,27,475,23,525
2126302,21,456,9,486
2126303,19,350,3,372
2126304,0,212,8,220
2126305,6,270,15,291
2126306,12,347,19,378
2126307,18,369,12,399
2126308,9,297,15,321
2126309,76,262,6,344
2126310,4,246,0,250
2126311,9,514,16,539
2126312,15,345,9,369
2126313,0,267,3,270
2126314,9,324,0,333
2126315,4,339,6,349
2126316,3,274,18,295
2126317,18,566,0,584
2126318,16,487,28,531
2126319,26,609,32,667
2126320,22,377,20,419
2126321,28,207,12,247
2126322,9,306,4,319
2126323,18,544,10,572
2126324,6,386,3,395
2126325,31,411,21,463
2126326,41,424,97,562
2126327,0,3,0,3
2126328,0,0,0,0
2126329,12,408,15,435
2126330,7,501,28,536
2126401,18,231,15,264
2126402,0,0,0,0
2126403,15,399,28,442
2126404,20,357,13,390
2126405,18,420,9,447
2126406,16,346,13,375
2126407,19,455,10,484
2126408,7,282,0,289
2126409,20,482,12,514
2126410,16,411,15,442
2126411,19,269,11,299
2126412,9,277,9,295
2126413,13,444,12,469
2126414,22,361,3,386
2126415,8,439,25,472
2126416,0,183,9,192
2126417,18,561,17,596
2126418,14,262,5,281
2126419,23,481,19,523
2126420,17,531,12,560
2126421,0,218,10,228
2126422,7,279,10,296
2126423,12,447,34,493
2126424,16,451,13,480
2126425,18,405,16,439
2126426,16,284,9,309
2126427,7,542,13,562
2126428,5,288,13,306
2126429,15,341,12,368
2126430,0,0,0,0
2126431,19,477,27,523
2126432,13,435,28,476
2126433,24,358,27,409
2126434,30,558,19,607
2126435,33,648,47,728
2126436,19,321,25,365
2126437,34,393,19,446
2126438,87,282,27,396
2126439,12,248,7,267
2126440,13,286,12,311
2126441,22,376,24,422
2126442,11,204,3,218
2126443,9,204,0,213
2126444,6,283,22,311
2126445,25,205,15,245
2126446,23,410,15,448
2126447,113,414,15,542
2126448,9,372,6,387
2126449,38,485,12,535
2126450,7,298,0,305
2126451,3,241,3,247
2126452,15,365,3,383
2126453,14,304,5,323
2126454,15,294,21,330
2126455,16,338,15,369
2126456,14,263,13,290
2126457,57,369,14,440
2126458,12,365,15,392
2126459,24,519,22,565
2126460,15,339,28,382
2126461,15,434,17,466
2126462,12,418,9,439
2126463,58,291,20,369
2126464,13,309,0,322
2126465,11,217,6,234
2126466,47,230,48,325
2126467,11,255,13,279
2126468,8,303,6,317
2126469,18,396,19,433
2126470,3,292,3,298
2126471,22,535,34,591
2126472,13,240,15,268
2126473,25,461,10,496
2126474,31,372,14,417
2126475,22,376,6,404
2126476,32,398,8,438
2126477,18,394,0,412
2126501,15,423,22,460
2126502,116,280,12,408
2126503,9,325,3,337
2126504,13,351,6,370
2126505,45,333,6,384
2126506,6,445,3,454
2126507,3,368,16,387
2126508,0,457,22,479
2126509,15,470,12,497
2126510,12,398,3,413
2126511,6,470,12,488
2126512,10,516,22,548
2126513,18,575,12,605
2126514,3,525,3,531
2126515,9,546,21,576
2126516,9,258,3,270
2126517,11,399,18,428
2126518,12,355,3,370
2126519,12,478,24,514
2126520,15,524,12,551
2126521,6,237,9,252
2126522,6,185,9,200
2126523,13,513,8,534
2126524,13,463,19,495
2126525,4,451,12,467
2126526,0,304,12,316
2126527,9,326,6,341
2126528,3,338,12,353
2126529,13,499,16,528
2126530,6,307,0,313
2126531,9,510,12,531
2126532,4,431,12,447
2126533,4,385,24,413
2126534,4,325,13,342
2126535,14,415,7,436
2126536,0,252,9,261
2126537,15,319,12,346
2126538,6,216,15,237
2126539,12,400,13,425
2126540,15,191,0,206
2126541,92,295,32,419
2126542,6,260,0,266
2126543,15,285,18,318
2126544,9,482,12,503
2126601,0,237,6,243
2126602,5,263,0,268
2126603,0,6,0,6
2126604,0,8,0,8
2126605,0,0,0,0
2126606,97,399,12,508
2126607,19,448,24,491
2126608,21,410,23,454
2126609,9,269,4,282
2126610,0,0,0,0
2126611,9,293,20,322
2126612,153,150,15,318
2126613,0,229,12,241
2126614,22,419,21,462
2126615,15,315,9,339
2126616,9,51,0,60
2126617,0,426,17,443
2126618,37,430,16,483
2126619,20,335,10,365
2126620,15,244,18,277
2126621,16,311,9,336
2126622,22,385,12,419
2126623,18,396,3,417
2126624,8,249,4,261
2126625,12,401,6,419
2126626,0,278,4,282
2126627,6,334,9,349
2126628,0,103,0,103
2126629,0,0,0,0
2126630,15,331,12,358
2126631,18,329,6,353
2126632,68,477,16,561
2126633,15,266,12,293
2126634,25,243,16,284
2126635,11,462,13,486
2126636,9,299,20,328
2126637,9,300,19,328
2126638,19,518,24,561
2126639,5,302,3,310
2126640,14,385,18,417
2126641,25,476,6,507
2126642,9,338,22,369
2126643,9,525,25,559
2126644,24,488,24,536
2126645,7,358,6,371
2126646,6,526,12,544
2126647,6,253,11,270
2126648,20,367,6,393
2126701,9,383,9,401
2126702,21,486,23,530
2126703,7,450,31,488
2126704,12,401,12,425
2126705,15,354,3,372
2126706,16,469,12,497
2126707,11,542,19,572
2126708,12,298,20,330
2126709,21,512,17,550
2126710,16,295,11,322
2126711,15,479,24,518
2126712,13,444,4,461
2126713,12,386,0,398
2126714,12,445,0,457
2126715,15,287,6,308
2126716,9,308,18,335
2126717,46,182,6,234
2126718,12,524,11,547
2126719,20,426,16,462
2126720,24,347,15,386
2126721,52,398,21,471
2126722,9,336,6,351
2126723,3,186,0,189
2126724,20,411,57,488
2126725,18,364,25,407
2126726,12,358,29,399
2126727,25,509,25,559
2126728,20,234,3,257
2126729,3,327,15,345
2126730,0,316,5,321
2126731,18,313,6,337
2126732,41,482,9,532
2126733,7,473,23,503
2126734,31,315,12,358
2126735,20,434,24,478
2126736,7,433,9,449
2126737,12,510,10,532
2126738,12,216,9,237
2126739,67,392,8,467
2126740,9,367,19,395
2126741,13,231,13,257
2126742,65,209,28,302
2126743,24,524,15,563
2126744,24,322,18,364
2126745,13,295,9,317
2126746,6,220,6,232
2126747,6,290,6,302
2126801,47,220,3,270
2126802,0,337,11,348
2126803,11,281,19,311
2126804,10,396,9,415
2126805,12,503,6,521
2126806,17,406,21,444
2126807,4,445,0,449
2126808,15,649,27,691
2126809,25,406,18,449
2126810,17,349,6,372
2126811,14,401,13,428
2126812,9,353,23,385
2126813,4,308,6,318
2126814,6,275,0,281
2126815,40,435,12,487
2126816,27,512,20,559
2126817,21,511,9,541
2126818,10,458,7,475
2126819,4,337,0,341
2126820,15,362,9,386
2126821,6,421,3,430
2126822,6,198,6,210
2126823,3,214,3,220
2126901,35,456,14,505
2126902,9,451,7,467
2126903,14,371,15,400
2126904,16,336,16,368
2126905,21,413,3,437
2126906,34,497,21,552
2126907,24,513,6,543
2126908,29,427,10,466
2126909,14,301,4,319
2126910,21,333,9,363
2126911,33,600,6,639
2126912,15,390,15,420
2126913,9,219,6,234
2126914,20,373,9,402
2126915,33,207,162,402
2126916,17,424,20,461
2126917,15,545,21,581
2126918,12,343,9,364
2126919,31,354,27,412
2126920,17,506,9,532
2126921,24,612,18,654
2126922,34,502,18,554
2127001,12,512,18,542
2127002,15,521,21,557
2127003,10,287,12,309
2127004,15,569,6,590
2127005,9,420,12,441
2127006,27,376,4,407
2127007,13,405,18,436
2127008,10,325,17,352
2127009,12,416,19,447
2127010,17,554,25,596
2127011,37,512,5,554
2127012,37,566,3,606
2127013,22,383,3,408
2127014,16,451,25,492
2127015,10,303,13,326
2127016,12,406,6,424
2127017,9,321,21,351
2127018,22,310,15,347
2127019,13,377,31,421
2127020,9,323,21,353
2127021,6,198,0,204
2127022,9,269,10,288
2127023,15,393,17,425
2127024,16,528,21,565
2127025,15,535,15,565
2127026,19,379,19,417
2127027,10,327,14,351
2127028,10,281,9,300
2127029,15,342,12,369
2127030,3,206,6,215
2127031,4,223,14,241
2127032,23,373,9,405
2127033,6,239,13,258
2127034,21,401,12,434
2127035,17,243,19,279
2127036,0,0,0,0
2127037,15,275,15,305
2127038,9,227,6,242
2127039,0,0,0,0
2127040,0,0,0,0
2127101,0,0,0,0
2127102,40,374,5,419
2127103,19,532,21,572
2127104,16,243,15,274
2127105,24,496,18,538
2127106,19,423,11,453
2127107,14,319,6,339
2127108,15,364,15,394
2127109,12,505,11,528
2127110,15,314,24,353
2127111,15,396,18,429
2127112,12,331,8,351
2127113,39,456,21,516
2127114,6,204,9,219
2127115,15,271,15,301
2127116,28,595,21,644
2127117,21,426,17,464
2127118,15,320,21,356
2127119,18,361,36,415
2127120,10,237,4,251
2127121,19,470,0,489
2127122,12,364,12,388
2127123,43,539,57,639
2127124,18,326,54,398
2127125,5,177,16,198
2127126,118,400,7,525
2127127,18,274,3,295
2127128,19,180,28,227
2127129,0,0,0,0
2127201,16,283,3,302
2127202,5,303,15,323
2127203,15,305,3,323
2127204,18,490,27,535
2127205,24,552,21,597
2127206,18,386,15,419
2127207,15,340,6,361
2127208,11,323,3,337
2127209,4,395,14,413
2127210,10,308,12,330
2127211,12,425,15,452
2127212,6,352,3,361
2127213,15,489,13,517
2127214,77,374,15,466
2127215,24,546,7,577
2127216,24,442,6,472
2127217,9,417,3,429
2127218,14,401,8,423
2127219,16,468,5,489
2127220,12,281,9,302
2127221,20,377,3,400
2127222,15,293,6,314
2127223,9,336,7,352
2127224,9,283,9,301
2127225,3,112,3,118
2127301,12,299,6,317
2127302,7,322,8,337
2127303,9,304,21,334
2127304,6,359,9,374
2127305,33,388,17,438
2127306,13,391,16,420
2127307,15,457,18,490
2127308,12,218,30,260
2127309,19,307,13,339
2127310,9,351,9,369
2127311,9,266,12,287
2127312,32,333,11,376
2127313,20,423,12,455
2127314,8,414,21,443
2127315,14,316,28,358
2127316,17,377,6,400
2127317,12,324,6,342
2127318,6,244,11,261
2127319,6,358,9,373
2127320,21,331,12,364
2127321,21,460,9,490
2127322,0,408,9,417
2127323,101,386,12,499
2127324,24,439,10,473
2127325,10,374,12,396
2127326,4,332,9,345
2127327,6,230,9,245
2127328,3,388,24,415
2127329,22,432,10,464
2127330,18,346,0,364
2127401,12,235,12,259
2127402,15,375,18,408
2127403,3,275,6,284
2127404,20,353,16,389
2127405,6,443,35,484
2127406,12,484,14,510
2127407,12,262,15,289
2127408,8,321,9,338
2127409,6,253,12,271
2127410,9,221,10,240
2127411,6,260,13,279
2127412,10,516,29,555
2127413,3,213,21,237
2127414,4,361,12,377
2127415,3,177,26,206
2127416,16,464,7,487
2127417,0,186,9,195
2127418,14,349,24,387
2127419,0,205,8,213
2127420,12,306,15,333
2127421,7,286,34,327
2127422,11,375,18,404
2127423,6,254,18,278
2127424,3,214,9,226
2127425,11,280,13,304
2127426,6,147,12,165
2127427,3,225,3,231
2127428,7,277,9,293
2127429,9,307,18,334
2127430,24,503,13,540
2127431,9,215,9,233
2127501,24,394,12,430
2127502,12,463,12,487
2127503,13,403,0,416
2127504,18,378,15,411
2127505,19,528,14,561
2127506,15,478,15,508
2127507,0,398,4,402
2127508,3,206,4,213
2127509,0,0,0,0
2127510,19,457,16,492
2127511,26,391,10,427
2127512,9,345,0,354
2127513,36,389,39,464
2127514,21,329,13,363
2127515,24,482,23,529
2127516,0,0,0,0
2127517,15,422,9,446
2127518,18,431,20,469
2127519,13,318,34,365
2127520,6,331,3,340
2127521,6,294,13,313
2127522,6,295,3,304
2127523,7,265,0,272
2127524,12,214,24,250
2127525,22,283,0,305
2127601,6,184,9,199
2127602,18,300,9,327
2127603,21,493,15,529
2127604,28,348,12,388
2127605,12,307,15,334
2127606,14,374,4,392
2127607,24,390,33,447
2127608,26,291,16,333
2127609,58,385,17,460
2127610,33,560,10,603
2127611,13,263,34,310
2127612,9,268,42,319
2127613,17,518,35,570
2127614,39,487,23,549
2127615,0,0,0,0
2127616,12,442,3,457
2127617,7,290,8,305
2127618,38,305,23,366
2127619,24,283,17,324
2127620,19,523,18,560
2127621,6,222,16,244
2127622,12,269,12,293
2127623,9,220,10,239
2127624,6,282,10,298
2127625,17,418,15,450
2127626,15,381,27,423
2127627,21,499,0,520
2127628,12,312,18,342
2127629,7,179,12,198
2127630,7,164,12,183
2127631,15,315,9,339
2127632,14,426,37,477
2127633,10,310,9,329
2127634,0,331,6,337
2127635,24,353,24,401
2127701,9,319,4,332
2127702,25,500,13,538
2127703,24,443,27,494
2127704,22,470,39,531
2127705,10,516,12,538
2127706,12,384,3,399
2127707,9,302,6,317
2127708,113,495,20,628
2127709,5,311,18,334
2127710,13,304,17,334
2127711,4,221,3,228
2127712,20,395,27,442
2127713,23,503,31,557
2127714,12,454,13,479
2127715,0,0,0,0
2127716,60,522,18,600
2127717,26,312,23,361
2127718,12,411,25,448
2127719,134,439,34,607
2127720,12,333,12,357
2127801,12,212,12,236
2127802,0,64,3,67
2127803,11,315,3,329
2127804,13,314,9,336
2127805,7,235,21,263
2127806,9,436,15,460
2127807,13,420,18,451
2127808,6,248,9,263
2127809,25,517,27,569
2127810,3,311,12,326
2127811,3,185,6,194
2127812,12,229,0,241
2127813,7,314,24,345
2127814,3,320,7,330
2127815,29,411,15,455
2127816,6,393,6,405
2127817,6,283,0,289
2127818,24,517,9,550
2127819,7,408,13,428
2127820,21,541,0,562
2127821,0,19,3,22
2127822,15,562,38,615
2127823,44,378,23,445
2127824,17,315,18,350
2127825,59,428,23,510
2127826,21,434,4,459
2127827,10,385,10,405
2127828,30,300,13,343
2127829,8,440,16,464
2127830,30,516,31,577
2127831,43,439,21,503
2127832,18,395,9,422
2127833,14,443,3,460
2127834,15,576,32,623
2127835,9,413,12,434
2127836,3,318,12,333
2127837,36,290,20,346
2127838,0,3,0,3
2127839,12,382,7,401
2127840,6,300,18,324
2127841,9,385,11,405
2127842,15,309,3,327
2127843,10,278,7,295
2127844,3,224,13,240
2127845,13,286,10,309
2127846,12,699,27,738
2127847,18,540,3,561
2127901,25,504,16,545
2127902,9,195,9,213
2127903,10,354,12,376
2127904,12,532,23,567
2127905,20,543,45,608
2127906,6,343,24,373
2127907,15,380,9,404
2127908,7,265,3,275
2127909,19,433,15,467
2127910,8,351,10,369
2127911,3,342,4,349
2127912,9,239,0,248
2127913,20,432,26,478
2127914,9,252,6,267
2128001,6,419,3,428
2128002,15,397,32,444
2128003,7,303,16,326
2128004,6,352,12,370
2128005,11,295,12,318
2128006,13,327,13,353
2128007,97,380,0,477
2128008,127,304,23,454
2128009,12,385,9,406
2128010,0,321,13,334
2128011,14,233,3,250
2128012,9,621,21,651
2128013,3,432,24,459
2128014,9,344,12,365
2128015,12,254,0,266
2128016,19,342,9,370
2128017,3,236,9,248
2128018,0,203,6,209
2128101,27,540,14,581
2128102,12,304,15,331
2128103,4,170,10,184
2128104,22,350,7,379
2128105,16,338,21,375
2128106,17,464,32,513
2128107,14,274,26,314
2128108,12,380,7,399
2128109,15,423,10,448
2128110,30,544,12,586
2128111,15,430,3,448
2128112,18,384,13,415
2128113,4,644,33,681
2128114,18,336,15,369
2128115,25,511,9,545
2128116,12,470,13,495
2128117,4,554,9,567
2128118,15,464,37,516
2128119,8,439,10,457
2128120,13,537,15,565
2128121,11,461,14,486
2128122,4,266,12,282
2128123,62,472,10,544
2128124,25,498,24,547
2128125,11,378,18,407
2128126,19,436,6,461
2128127,18,500,9,527
2128128,15,499,15,529
2128129,17,436,13,466
2128130,16,470,8,494
2128131,27,465,24,516
2128132,21,471,6,498
2128133,23,389,6,418
2128134,17,362,17,396
2128135,12,192,6,210
2128136,24,341,8,373
2128137,13,238,3,254
2128138,14,425,3,442
2128139,8,267,3,278
2128140,0,343,8,351
2128141,14,471,15,500
2128142,12,500,3,515
2128143,11,242,3,256
2128144,10,437,13,460
2128145,61,523,19,603
2128146,11,398,9,418
2128147,3,267,18,288
2128201,4,431,22,457
2128202,12,258,15,285
2128203,3,372,0,375
2128204,6,251,9,266
2128205,11,373,3,387
2128206,0,213,0,213
2128207,7,198,3,208
2128208,6,278,9,293
2128209,6,380,9,395
2128210,9,254,6,269
2128211,12,316,7,335
2128212,15,363,19,397
2128213,13,295,15,323
2128214,4,371,19,394
2128215,13,447,30,490
2128216,21,319,10,350
2128217,0,18,0,18
2128218,16,388,27,431
2128219,9,372,18,399
2128220,4,536,32,572
2128221,6,164,8,178
2128222,16,464,4,484
2128223,11,455,31,497
2128224,11,324,11,346
2128225,0,222,6,228
2128226,6,205,21,232
2128227,0,0,0,0
2128228,3,297,21,321
2128229,0,0,0,0
2128230,0,10,0,10
2128231,0,3,0,3
2128232,9,465,21,495
2128301,14,316,9,339
2128302,14,436,6,456
2128303,9,233,8,250
2128304,13,297,3,313
2128305,6,355,6,367
2128306,27,552,29,608
2128307,7,273,10,290
2128308,9,300,6,315
2128309,23,463,14,500
2128310,15,290,4,309
2128311,12,508,6,526
2128312,15,332,3,350
2128313,9,389,12,410
2128314,6,333,8,347
2128315,13,325,6,344
2128316,18,323,16,357
2128317,4,440,18,462
2128318,0,271,9,280
2128319,15,368,9,392
2128320,17,348,6,371
2128321,10,312,10,332
2128322,7,253,10,270
2128323,12,240,18,270
2128324,3,342,15,360
2128325,9,327,6,342
2128326,4,190,4,198
2128401,7,257,15,279
2128402,7,379,9,395
2128403,9,384,30,423
2128404,9,380,21,410
2128405,10,369,12,391
2128406,9,237,6,252
2128407,0,202,6,208
2128408,15,339,38,392
2128409,6,230,6,242
2128410,15,373,30,418
2128411,6,405,12,423
2128412,9,329,3,341
2128413,9,466,3,478
2128414,10,226,3,239
2128415,3,334,19,356
2128416,9,391,0,400
2128417,15,395,18,428
2128418,12,198,9,219
2128419,0,397,31,428
2128420,14,643,69,726
2128421,15,330,12,357
2128422,3,340,17,360
2128423,14,478,34,526
2128424,8,318,12,338
2128425,0,206,3,209
2128426,3,311,22,336
2128427,6,195,17,218
2128501,9,177,9,195
2128502,4,168,7,179
2128503,6,265,0,271
2128504,6,322,12,340
2128505,7,281,6,294
2128506,11,245,4,260
2128507,6,319,10,335
2128508,12,233,9,254
2128509,12,383,3,398
2128510,0,186,7,193
2128511,9,378,11,398
2128512,3,150,3,156
2128513,3,147,6,156
2128514,9,183,6,198
2128515,4,249,21,274
2128516,9,371,23,403
2128517,13,215,21,249
2128518,9,202,6,217
2128519,6,244,24,274
2128520,15,247,24,286
2128521,7,266,21,294
2128522,16,334,12,362
2128523,9,216,4,229
2128524,6,469,12,487
2128525,11,387,11,409
2128526,10,289,4,303
2128601,12,127,7,146
2128602,13,297,8,318
2128603,9,355,15,379
2128604,11,405,22,438
2128605,9,318,38,365
2128606,7,294,41,342
2128607,10,230,18,258
2128608,3,258,12,273
2128609,0,0,0,0
2128610,19,320,24,363
2128611,22,406,27,455
2128612,9,294,15,318
2128613,16,277,17,310
2128614,15,395,18,428
2128615,16,415,24,455
2128616,18,346,9,373
2128617,37,333,29,399
2128618,17,449,24,490
2128619,4,179,0,183
2128620,18,279,23,320
2128621,26,276,18,320
2128622,18,231,24,273
2128623,11,217,16,244
2128624,25,575,31,631
2128625,27,177,14,218
2128626,9,207,12,228
2128627,30,356,33,419
2128628,24,309,27,360
2128629,109,367,44,520
2128630,22,351,7,380
2128631,0,389,24,413
2128632,18,229,18,265
2128633,5,196,6,207
2128634,18,336,30,384
2128635,8,158,43,209
2128636,6,173,3,182
2128637,15,178,6,199
2128638,13,257,27,297
2128639,9,260,15,284
2128640,18,213,3,234
2128641,0,122,10,132
2128642,14,430,27,471
2128643,3,333,18,354
2128644,9,275,21,305
2128645,0,0,0,0
2128646,12,217,9,238
2128647,0,242,11,253
2128648,8,200,12,220
2128649,17,287,30,334
2128650,9,236,3,248
2128651,10,209,37,256
2128652,7,270,20,297
2128653,0,0,0,0
2128701,17,470,8,495
2128702,16,448,7,471
2128703,19,367,15,401
2128704,39,1080,31,1150
2128705,12,489,4,505
2128706,12,326,21,359
2128707,6,589,9,604
2128708,12,368,30,410
2128709,3,668,30,701
2128710,12,198,11,221
2128711,16,450,12,478
2128712,15,463,13,491
2128713,6,355,15,376
2128714,7,458,64,529
2128715,3,246,3,252
2128716,3,185,18,206
2128717,11,413,24,448
2128801,9,331,22,362
2128802,8,215,12,235
2128803,9,211,0,220
2128804,3,300,12,315
2128805,11,293,9,313
2128806,12,217,4,233
2128807,12,309,18,339
2128808,9,525,12,546
2128809,12,451,12,475
2128810,7,336,3,346
2128811,9,417,15,441
2128812,19,376,23,418
2128813,21,626,23,670
2128814,18,437,12,467
2128815,10,283,11,304
2128816,9,509,13,531
2128817,10,268,29,307
2128818,6,325,9,340
2128819,44,233,12,289
2128820,6,295,27,328
2128821,12,205,6,223
2128822,7,257,3,267
2128823,3,204,15,222
2128901,0,23,4,27
2128902,18,382,6,406
2128903,0,220,3,223
2128904,71,416,6,493
2128905,21,463,11,495
2128906,6,306,0,312
2128907,5,242,37,284
2128908,5,345,13,363
2128909,18,495,21,534
2128910,19,490,22,531
2128911,12,304,6,322
2128912,15,371,7,393
2128913,0,169,19,188
2128914,15,474,32,521
2128915,3,75,3,81
2128916,21,354,22,397
2128917,12,289,3,304
2128918,8,489,18,515
2128919,6,127,3,136
2128920,24,305,15,344
2128921,6,403,5,414
2128922,8,288,33,329
2128923,7,224,4,235
2128924,6,183,3,192
2128925,20,455,18,493
2128926,15,373,45,433
2128927,18,382,11,411
2128928,11,378,20,409
2128929,0,461,18,479
2128930,52,201,7,260
2128931,6,270,6,282
2128932,0,435,7,442
2128933,6,168,12,186
2128934,12,422,17,451
2128935,15,351,15,381
2128936,18,424,44,486
2128937,6,401,29,436
2128938,19,352,22,393
2128939,0,9,0,9
2128940,9,189,8,206
2128941,0,189,3,192
2128942,6,311,33,350
2128943,13,320,15,348
2128944,0,261,12,273
2128945,13,402,24,439
2128946,0,0,0,0
2128947,18,244,33,295
2128948,10,308,9,327
2128949,7,158,3,168
2128950,12,215,3,230
2128951,15,313,15,343
2128952,3,232,22,257
2128953,8,452,40,500
2129001,73,678,27,778
2129002,24,507,15,546
2129003,9,195,9,213
2129004,10,295,10,315
2129005,18,513,27,558
2129006,4,223,6,233
2129007,21,439,6,466
2129008,12,218,8,238
2129009,33,310,25,368
2129010,18,308,9,335
2129011,16,436,11,463
2129012,12,317,12,341
2129013,3,250,10,263
2129014,12,210,18,240
2129015,23,469,26,518
2129016,9,189,7,205
2129017,14,423,15,452
2129101,44,1261,54,1359
2129102,20,939,51,1010
2129103,20,686,30,736
2129104,18,455,5,478
2129105,23,597,9,629
2129106,39,888,43,970
2129107,13,515,27,555
2129108,9,279,23,311
2129109,30,407,32,469
2129110,24,421,12,457
2129111,12,375,21,408
2129112,0,9,0,9
2129113,9,255,24,288
2129114,107,321,22,450
2129115,37,344,17,398
2129116,8,432,12,452
2129117,18,434,15,467
2129118,15,409,7,431
2129119,8,258,6,272
2129120,48,1922,61,2031
2129121,21,423,20,464
2129201,12,538,26,576
2129202,19,1272,72,1363
2129203,29,1448,97,1574
2129204,24,656,26,706
2129205,24,841,82,947
2129206,21,320,26,367
2129207,107,254,39,400
2129208,41,312,26,379
2129209,39,310,27,376
2129210,24,626,28,678
2129211,44,484,34,562
2129212,21,498,26,545
2129213,3,205,10,218
2129214,20,376,27,423
2129215,14,465,46,525
2129216,13,521,93,627
2129217,24,483,13,520
2129218,21,389,31,441
2129219,34,578,25,637
2129220,18,440,9,467
2129221,21,361,10,392
2129222,30,451,17,498
2129223,21,314,7,342
2129224,38,611,16,665
2129225,11,368,6,385
2129226,21,923,37,981
2129227,44,420,41,505
2129228,43,650,59,752
2129229,11,261,14,286
2129230,21,302,22,345
2129231,15,451,0,466
2129232,11,180,7,198
2129233,7,404,41,452
2129234,49,2073,61,2183
2129235,8,345,19,372
2129236,0,185,3,188
2129301,18,573,21,612
2129302,25,441,26,492
2129303,12,266,18,296
2129304,10,386,25,421
2129305,15,240,9,264
2129306,6,450,15,471
2129307,17,795,17,829
2129308,10,440,32,482
2129309,56,486,60,602
2129310,18,332,43,393
2129311,23,433,17,473
2129312,14,523,54,591
2129313,11,278,10,299
2129314,16,626,12,654
2129315,3,330,31,364
2129316,9,448,23,480
2129317,9,438,4,451
2129318,27,519,21,567
2129319,14,456,18,488
2129320,7,447,9,463
2129321,6,358,0,364
2129322,6,234,5,245
2129323,9,318,16,343
2129324,40,493,15,548
2129325,65,367,3,435
2129326,3,419,5,427
2129327,20,495,23,538
2129328,6,343,43,392
2129329,8,549,27,584
2129330,15,724,22,761
2129331,12,401,16,429
2129332,22,527,25,574
2129333,6,315,15,336
2129334,27,448,17,492
2129335,8,567,0,575
2129336,6,314,0,320
2129337,0,160,3,163
2129338,3,347,27,377
2129339,9,233,18,260
2129340,133,296,4,433
2129341,10,341,12,363
2129342,26,547,29,602
2129343,13,434,18,465
2129344,15,284,18,317
2129345,7,169,33,209
2129346,11,345,7,363
2129347,6,261,12,279
2129348,12,220,16,248
2129349,3,195,3,201
2129350,0,256,7,263
2129351,70,313,24,407
2129352,6,206,16,228
2129401,15,584,17,616
2129402,22,733,27,782
2129403,16,1051,30,1097
2129404,9,356,18,383
2129405,9,561,12,582
2129406,24,1019,39,1082
2129407,40,2967,77,3084
2129408,14,425,18,457
2129409,3,505,13,521
2129410,29,736,36,801
2129411,12,605,27,644
2129412,6,335,10,351
2129413,10,262,8,280
2129414,30,517,28,575
2129415,8,310,9,327
2129416,17,387,17,421
2129417,21,434,30,485
2129418,15,473,13,501
2129419,3,421,23,447
2129420,14,426,9,449
2129421,24,377,24,425
2129422,13,642,28,683
2129423,12,731,7,750
2129424,3,292,6,301
2129425,9,303,0,312
2129426,12,448,8,468
2129427,15,310,13,338
2129428,3,327,4,334
2129429,6,202,3,211
2129430,37,1476,71,1584
2129431,18,661,25,704
2129432,15,589,20,624
2129433,18,244,9,271
2129434,7,301,0,308
2129435,6,257,9,272
2129436,9,792,10,811
2129437,0,0,0,0
2129438,17,651,33,701
2129501,18,184,16,218
2129502,0,0,0,0
2129503,0,0,0,0
2129504,28,258,16,302
2129505,29,403,27,459
2129506,21,598,48,667
2129507,18,268,9,295
2129508,27,407,46,480
2129509,0,3,3,6
2129510,37,616,29,682
2129511,28,289,29,346
2129512,119,392,34,545
2129513,30,445,33,508
2129514,7,276,16,299
2129515,31,472,39,542
2129516,13,332,53,398
2129517,39,289,42,370
2129518,25,415,71,511
2129519,25,355,38,418
2129520,31,354,23,408
2129521,50,348,56,454
2129522,25,292,15,332
2129523,40,283,18,341
2129524,25,385,36,446
2129525,43,569,52,664
2129526,32,428,93,553
2129601,16,325,11,352
2129602,22,147,32,201
2129603,9,224,21,254
2129604,9,324,10,343
2129605,5,366,19,390
2129606,10,258,0,268
2129607,9,491,3,503
2129608,0,0,0,0
2129609,0,0,0,0
2129610,10,303,0,313
2129611,21,541,12,574
2129612,21,393,7,421
2129613,12,179,3,194
2129614,6,213,4,223
2129615,34,380,11,425
2129616,31,381,18,430
2129617,21,540,15,576
2129618,22,484,11,517
2129619,6,169,13,188
2129620,13,457,9,479
2129621,23,383,6,412
2129622,18,432,6,456
2129623,13,269,3,285
2129624,130,474,21,625
2129625,26,474,27,527
2129626,21,391,42,454
2129627,15,466,27,508
2129628,9,391,14,414
2129629,9,306,17,332
2129630,15,222,9,246
2129631,15,283,17,315
2129632,21,263,24,308
2129633,14,319,12,345
2129634,12,345,9,366
2129635,3,305,0,308
2129636,12,451,12,475
2129637,15,363,22,400
2129638,14,431,19,464
2129639,14,427,36,477
2129640,18,403,8,429
2129641,17,385,12,414
2129642,22,415,24,461
2129643,15,451,28,494
2129644,28,489,26,543
2129645,25,540,18,583
2129646,13,217,25,255
2129647,30,537,43,610
2129648,8,459,3,470
2129649,0,181,18,199
2129650,9,292,16,317
2129651,12,396,15,423
2129652,21,320,22,363
2129653,3,238,9,250
2129654,6,306,9,321
2129655,10,311,23,344
2129656,18,343,12,373
2129657,16,361,13,390
2129658,17,331,9,357
2129659,12,405,6,423
2129660,13,317,15,345
2129661,19,280,18,317
2129662,0,231,8,239
2129663,3,255,6,264
2129664,18,341,15,374
2129665,12,332,3,347
2129666,12,192,5,209
2129667,17,338,9,364
2129668,15,229,21,265
2129669,22,336,20,378
2129701,15,396,12,423
2129702,7,294,8,309
2129703,18,388,13,419
2129704,22,456,3,481
2129705,26,547,20,593
2129706,40,378,13,431
2129707,9,282,8,299
2129708,120,298,20,438
2129709,36,574,26,636
2129710,13,374,24,411
2129711,19,303,18,340
2129712,18,327,7,352
2129713,64,349,22,435
2129714,23,416,8,447
2129715,27,384,24,435
2129716,21,417,25,463
2129717,8,361,36,405
2129718,39,352,18,409
2129719,14,390,6,410
2129720,0,3,0,3
2129721,25,407,30,462
2129722,17,348,27,392
2129723,10,288,7,305
2129724,24,273,12,309
2129725,12,261,16,289
2129726,3,238,15,256
2129801,11,343,41,395
2129802,15,405,27,447
2129803,6,364,21,391
2129804,14,368,21,403
2129805,19,406,14,439
2129806,9,278,18,305
2129807,15,280,6,301
2129808,36,490,21,547
2129809,13,336,3,352
2129810,9,501,10,520
2129811,19,421,9,449
2129812,13,539,18,570
2129813,26,288,12,326
2129814,15,479,3,497
2129815,15,507,11,533
2129816,4,328,12,344
2129817,3,212,12,227
2129818,12,483,36,531
2129819,3,178,8,189
2129820,4,260,3,267
2129821,22,480,50,552
2129822,16,352,13,381
2129823,0,0,0,0
2129824,18,471,9,498
2129825,27,467,12,506
2129826,6,441,9,456
2129827,13,427,12,452
2129828,21,363,17,401
2129829,23,505,31,559
2129830,18,356,14,388
2129831,12,420,6,438
2129832,0,0,0,0
2129833,21,290,29,340
2129834,16,410,16,442
2129835,11,405,18,434
2129836,26,391,26,443
2129837,26,527,12,565
2129838,3,350,28,381
2129839,22,576,13,611
2129840,15,592,44,651
2129841,7,351,15,373
2129842,3,320,12,335
2129843,11,508,9,528
2129844,20,428,16,464
2129845,22,434,36,492
2129846,8,467,25,500
2129847,0,0,0,0
2129848,24,476,18,518
2129849,22,525,3,550
2129850,139,464,15,618
2129851,12,334,24,370
2129852,10,338,9,357
2129853,22,218,50,290
2129854,25,388,21,434
2129855,9,267,15,291
2129856,14,277,9,300
2129857,12,418,18,448
2129858,18,212,6,236
2129859,5,275,6,286
2129860,33,505,19,557
2129861,12,182,9,203
2129862,9,310,21,340
2129863,12,224,7,243
2129864,4,294,7,305
2129865,18,279,9,306
2129901,0,371,11,382
2129902,6,250,6,262
2129903,3,345,14,362
2129904,9,341,10,360
2129905,15,218,0,233
2129906,13,320,18,351
2129907,7,455,31,493
2129908,9,302,30,341
2129909,12,358,13,383
2129910,22,459,4,485
2129911,17,541,6,564
2129912,6,364,4,374
2129913,6,469,18,493
2129914,8,594,10,612
2129915,186,325,16,527
2129916,6,220,9,235
2129917,4,209,12,225
2129918,16,259,18,293
2130001,15,254,0,269
2130002,6,381,25,412
2130003,22,428,15,465
2130004,19,544,4,567
2130005,20,367,12,399
2130006,12,278,14,304
2130007,18,328,22,368
2130008,14,464,15,493
2130009,25,325,0,350
2130010,28,547,33,608
2130011,21,668,80,769
2130012,38,996,34,1068
2130013,9,297,18,324
2130014,50,2204,116,2370
2130015,11,635,62,708
2130016,18,234,31,283
2130017,27,319,15,361
2130018,22,406,32,460
2130019,17,340,53,410
2130020,45,484,72,601
2130021,38,382,16,436
2130022,15,241,9,265
2130023,24,336,17,377
2130024,24,355,27,406
2130025,26,464,30,520
2130026,31,387,21,439
2130027,22,317,18,357
2130028,27,432,27,486
2130029,19,319,4,342
2130030,16,216,7,239
2130031,15,251,30,296
2130032,32,306,9,347
2130033,30,488,31,549
2130034,28,401,36,465
2130035,15,178,15,208
2130036,0,0,0,0
2130037,3,176,6,185
2130038,23,369,24,416
2130039,33,306,18,357
2130040,32,286,26,344
2130101,9,240,12,261
2130102,19,480,30,529
2130103,17,440,15,472
2130104,21,564,33,618
2130105,6,296,10,312
2130106,138,544,33,715
2130107,29,1659,93,1781
2130108,15,373,35,423
2130109,19,432,24,475
2130110,22,357,9,388
2130111,15,444,21,480
2130112,34,1626,92,1752
2130201,15,402,9,426
2130202,18,288,3,309
2130203,25,529,21,575
2130204,24,475,21,520
2130205,12,258,19,289
2130206,6,290,15,311
2130207,8,371,42,421
2130208,19,288,9,316
2130209,24,387,12,423
2130210,9,190,6,205
2130211,27,392,23,442
2130212,15,553,21,589
2130213,40,2891,183,3114
2130214,28,366,21,415
2130215,26,333,6,365
2130216,21,536,68,625
2130217,19,360,10,389
2130218,0,0,0,0
2130219,18,391,31,440
2130220,24,466,13,503
2130221,7,262,7,276
2130222,8,318,21,347
2130223,12,410,27,449
2130224,10,286,13,309
2130225,15,402,30,447
2130226,22,858,28,908
2130227,15,680,34,729
2130228,7,405,26,438
2130301,21,314,16,351
2130302,19,449,9,477
2130303,14,280,7,301
2130304,24,1673,37,1734
2130305,15,179,12,206
2130306,16,501,7,524
2130307,9,366,10,385
2130308,29,487,15,531
2130309,12,467,20,499
2130310,6,207,9,222
2130311,12,288,5,305
2130312,9,223,5,237
2130313,14,326,8,348
2130314,167,400,33,600
2130401,18,507,10,535
2130402,6,275,12,293
2130403,9,271,16,296
2130404,19,495,16,530
2130405,20,479,15,514
2130406,20,393,18,431
2130407,16,398,12,426
2130408,27,565,32,624
2130409,21,613,19,653
2130410,21,1030,38,1089
2130411,9,105,18,132
2130412,20,392,10,422
2130413,21,269,12,302
2130414,53,315,36,404
2130415,18,809,56,883
2130416,15,279,26,320
2130417,6,190,9,205
2130418,8,206,4,218
2130419,4,202,11,217
2130420,15,225,11,251
2130501,12,353,17,382
2130502,12,476,21,509
2130503,26,594,35,655
2130504,9,252,10,271
2130505,24,647,12,683
2130506,25,452,22,499
2130507,17,365,6,388
2130508,16,302,15,333
2130509,46,604,33,683
2130510,6,408,22,436
2130511,18,612,26,656
2130512,11,328,24,363
2130513,15,479,20,514
2130514,9,209,23,241
2130515,31,671,19,721
2130516,18,418,7,443
2130517,41,428,29,498
2130518,24,471,28,523
2130519,25,385,27,437
2130520,23,458,32,513
2130521,19,610,20,649
2130522,11,260,6,277
2130523,29,412,10,451
2130524,28,405,31,464
2130525,18,372,21,411
2130526,0,3,0,3
2130527,13,607,45,665
2130528,7,379,24,410
2130529,24,641,32,697
2130530,22,470,31,523
2130531,25,515,32,572
2130532,24,414,25,463
2130533,9,322,38,369
2130534,9,236,0,245
2130535,16,424,52,492
2130536,28,541,61,630
2130537,25,596,25,646
2130538,35,594,28,657
2130539,18,467,30,515
2130540,22,411,13,446
2130541,11,362,42,415
2130542,15,694,24,733
2130543,34,1046,38,1118
2130544,6,263,18,287
2130545,30,674,29,733
2130546,10,296,19,325
2130547,15,401,3,419
2130548,11,329,27,367
2130601,90,575,30,695
2130602,12,358,0,370
2130603,6,403,21,430
2130604,80,4674,141,4895
2130605,6,370,25,401
2130606,12,419,16,447
2130607,25,522,33,580
2130608,22,568,26,616
2130609,0,0,0,0
2130610,112,1344,66,1522
2130611,9,297,15,321
2130612,3,310,17,330
2130613,21,737,38,796
2130614,3,246,10,259
2130701,23,320,12,355
2130702,16,512,25,553
2130703,19,404,3,426
2130704,6,547,9,562
2130705,24,549,18,591
2130706,17,449,22,488
2130707,12,331,24,367
2130708,9,450,28,487
2130709,17,436,18,471
2130710,12,430,15,457
2130711,21,586,26,633
2130712,18,358,0,376
2130713,16,338,3,357
2130714,12,294,3,309
2130715,18,342,9,369
2130716,11,359,5,375
2130717,24,508,6,538
2130718,9,230,6,245
2130719,16,940,36,992
2130720,23,532,30,585
2130721,12,352,9,373
2130722,10,345,3,358
2130723,12,301,3,316
2130724,9,529,21,559
2130725,13,468,30,511
2130726,12,308,18,338
2130727,10,424,9,443
2130728,12,329,18,359
2130729,15,256,3,274
2130730,9,384,12,405
2130731,12,309,22,343
2130732,3,310,56,369
2130733,10,325,12,347
2130734,9,423,6,438
2130735,15,378,11,404
2130736,7,335,7,349
2130737,18,433,12,463
2130738,20,400,4,424
2130739,10,315,0,325
2130740,23,441,9,473
2130741,63,500,0,563
2130742,17,559,25,601
2130743,19,481,13,513
2130744,16,434,13,463
2130745,12,511,18,541
2130746,6,556,9,571
2130747,15,642,21,678
2130748,18,564,3,585
2130749,12,471,6,489
2130750,8,388,6,402
2130751,15,496,9,520
2130752,3,263,3,269
2130753,16,463,9,488
2130754,9,399,9,417
2130755,17,536,22,575
2130756,0,0,0,0
2130757,15,362,9,386
2130758,3,174,18,195
2130759,15,369,10,394
2130760,6,353,6,365
2130761,3,319,9,331
2130762,9,364,9,382
2130763,3,269,22,294
2130764,15,407,29,451
2130765,15,312,18,345
2130766,15,356,7,378
2130801,13,476,16,505
2130802,4,284,6,294
2130803,21,383,11,415
2130804,5,324,7,336
2130805,21,397,12,430
2130806,0,210,6,216
2130807,0,0,0,0
2130808,6,184,6,196
2130809,15,367,15,397
2130810,18,366,27,411
2130811,7,302,5,314
2130812,6,229,3,238
2130813,18,353,15,386
2130814,13,436,10,459
2130815,12,263,4,279
2130816,12,276,13,301
2130817,21,588,18,627
2130818,20,393,12,425
2130819,18,206,6,230
2130820,12,423,12,447
2130821,13,286,7,306
2130822,9,253,7,269
2130901,4,273,15,292
2130902,12,371,15,398
2130903,27,451,12,490
2130904,16,439,30,485
2130905,20,407,17,444
2130906,30,384,0,414
2130907,15,472,27,514
2130908,15,306,22,343
2130909,9,265,5,279
2130910,18,418,19,455
2130911,9,250,4,263
2130912,28,399,14,441
2130913,18,308,19,345
2130914,26,395,27,448
2130915,16,335,17,368
2130916,33,528,30,591
2130917,34,444,30,508
2130918,27,368,16,411
2130919,6,242,16,264
2130920,13,249,21,283
2130921,21,301,27,349
2130922,20,332,23,375
2130923,26,378,16,420
2130924,25,387,19,431
2130925,19,280,12,311
2130926,3,344,23,370
2130927,103,124,9,236
2130928,108,268,23,399
2130929,27,210,12,249
2130930,10,173,4,187
2130931,0,0,0,0
2130932,21,272,3,296
2131001,24,489,19,532
2131002,18,315,63,396
2131003,22,608,62,692
2131004,12,210,18,240
2131005,21,342,20,383
2131006,18,223,9,250
2131007,27,362,19,408
2131008,21,174,18,213
2131009,27,400,23,450
2131010,29,364,38,431
2131011,8,753,36,797
2131012,25,404,37,466
2131013,12,286,13,311
2131014,11,396,30,437
2131015,6,330,26,362
2131016,14,354,30,398
2131017,26,418,23,467
2131018,26,246,3,275
2131019,31,508,21,560
2131020,20,524,31,575
2131021,0,3,3,6
2131022,15,291,10,316
2131023,29,502,19,550
2131024,25,403,15,443
2131025,19,395,19,433
2131026,19,355,27,401
2131027,0,0,0,0
2131028,9,197,38,244
2131029,0,19,0,19
2131030,31,510,30,571
2131101,23,455,16,494
2131102,18,276,24,318
2131103,25,341,41,407
2131104,19,206,30,255
2131105,27,379,33,439
2131106,33,396,40,469
2131107,36,466,61,563
2131108,37,330,34,401
2131109,16,425,47,488
2131110,14,293,45,352
2131111,22,417,61,500
2131112,91,264,48,403
2131113,26,451,85,562
2131114,20,288,54,362
2131115,22,535,100,657
2131116,0,13,0,13
2131117,34,376,41,451
2131118,17,257,30,304
2131119,29,352,30,411
2131120,27,432,21,480
2131121,34,431,27,492
2131122,25,288,19,332
2131123,11,298,34,343
2131124,39,561,29,629
2131125,33,398,40,471
2131126,27,404,56,487
2131127,36,477,38,551
2131128,22,378,18,418
2131129,29,468,33,530
2131130,20,360,21,401
2131131,20,250,21,291
2131132,44,631,51,726
2131133,11,276,18,305
2131134,22,349,20,391
2131135,21,346,32,399
2131136,15,346,32,393
2131137,18,214,11,243
2131138,19,329,16,364
2131139,16,370,19,405
2131140,26,472,47,545
2131141,109,146,12,267
2131142,25,462,57,544
2131143,20,481,63,564
2131144,14,261,31,306
2131145,35,455,54,544
2131146,44,523,40,607
2131147,21,341,23,385
2131148,21,383,39,443
2131149,30,318,45,393
2131150,67,420,27,514
2131151,32,426,28,486
2131152,42,486,19,547
2131153,18,306,58,382
2131154,22,344,40,406
2131155,3,103,21,127
2131156,20,357,14,391
2131157,54,275,33,362
2131158,32,280,33,345
2131159,30,404,13,447
2131160,79,162,10,251
2131161,18,229,27,274
2131162,65,213,15,293
2131201,16,223,30,269
2131202,14,451,33,498
2131203,26,354,28,408
2131204,27,319,9,355
2131205,33,512,30,575
2131206,12,407,20,439
2131207,28,483,24,535
2131208,21,305,18,344
2131209,16,243,16,275
2131210,18,370,21,409
2131211,16,324,9,349
2131212,23,336,26,385
2131213,17,365,16,398
2131214,23,463,16,502
2131215,22,173,3,198
2131216,193,340,10,543
2131217,27,224,6,257
2131218,13,334,26,373
2131219,23,332,54,409
2131220,21,314,48,383
2131221,15,330,30,375
2131222,20,269,24,313
2131223,30,430,43,503
2131224,24,295,21,340
2131225,61,489,37,587
2131226,18,369,49,436
2131227,33,505,49,587
2131228,15,296,33,344
2131229,37,509,35,581
2131230,34,273,33,340
2131231,18,247,15,280
2131232,39,307,49,395
2131233,27,559,24,610
2131234,76,216,6,298
2131235,24,256,19,299
2131236,31,504,26,561
2131237,23,407,47,477
2131238,24,402,15,441
2131239,6,201,3,210
2131240,0,0,0,0
2131241,26,238,6,270
2131242,38,515,20,573
2131243,7,302,5,314
2131244,22,422,30,474
2131245,14,349,22,385
2131246,17,478,27,522
2131247,24,520,17,561
2131248,22,358,3,383
2131249,25,421,19,465
2131250,18,305,15,338
2131251,20,441,15,476
2131252,21,353,30,404
2131253,36,287,22,345
2131254,25,227,21,273
2131255,18,216,12,246
2131301,9,244,18,271
2131302,8,402,6,416
2131303,10,332,4,346
2131304,15,258,12,285
2131305,11,265,15,291
2131306,16,345,6,367
2131307,12,428,27,467
2131308,15,336,17,368
2131309,0,32,9,41
2131310,28,587,27,642
2131311,18,444,3,465
2131312,15,469,6,490
2131313,3,484,20,507
2131314,14,336,13,363
2131315,18,342,3,363
2131316,10,360,0,370
2131317,15,311,6,332
2131318,10,546,9,565
2131319,17,369,26,412
2131320,23,548,4,575
2131321,12,309,0,321
2131322,15,399,6,420
2131323,13,435,7,455
2131324,9,264,3,276
2131325,54,363,22,439
2131326,6,300,24,330
2131401,24,545,15,584
2131402,37,1405,98,1540
2131403,21,833,73,927
2131404,15,697,28,740
2131405,14,677,18,709
2131406,54,299,9,362
2131407,12,336,10,358
2131408,8,661,19,688
2131409,9,138,12,159
2131410,3,221,18,242
2131411,26,478,12,516
2131412,13,254,4,271
2131413,15,317,39,371
2131414,6,239,12,257
2131415,30,454,15,499
2131416,21,215,15,251
2131417,9,340,12,361
2131418,16,355,14,385
2131419,36,446,33,515
2131420,20,311,26,357
2131421,9,180,21,210
2131422,27,383,3,413
2131423,0,6,0,6
2131424,0,3,3,6
2131425,21,340,38,399
2131426,22,502,19,543
2131427,17,441,30,488
2131428,13,467,22,502
2131429,14,370,9,393
2131430,18,226,12,256
2131431,15,309,9,333
2131432,21,283,33,337
2131433,23,494,21,538
2131434,15,300,26,341
2131435,21,382,14,417
2131436,24,355,20,399
2131437,15,451,30,496
2131438,29,397,16,442
2131439,27,404,12,443
2131440,26,469,21,516
2131441,24,255,15,294
2131442,22,360,20,402
2131443,68,282,17,367
2131444,26,444,8,478
2131445,18,403,25,446
2131446,18,467,19,504
2131501,24,384,21,429
2131502,18,292,25,335
2131503,11,577,41,629
2131504,9,315,21,345
2131505,14,228,16,258
2131506,68,396,30,494
2131507,21,282,24,327
2131508,36,420,40,496
2131509,31,218,18,267
2131510,35,576,30,641
2131511,137,293,9,439
2131512,23,237,13,273
2131513,25,549,37,611
2131514,31,373,25,429
2131515,26,333,17,376
2131516,17,265,15,297
2131517,30,388,23,441
2131518,35,474,21,530
2131519,27,526,20,573
2131520,19,418,16,453
2131521,21,316,19,356
2131522,34,454,39,527
2131523,14,471,33,518
2131524,22,515,31,568
2131525,33,451,29,513
2131526,24,527,56,607
2131527,21,356,18,395
2131528,26,450,15,491
2131529,33,412,28,473
2131530,41,446,36,523
2131531,20,466,41,527
2131532,35,515,28,578
2131533,40,623,40,703
2131534,70,391,22,483
2131535,25,614,42,681
2131536,28,501,26,555
2131537,29,511,52,592
2131538,27,434,15,476
2131539,34,437,11,482
2131540,28,505,29,562
2131541,21,520,52,593
2131542,18,393,38,449
2131543,36,572,59,667
2131544,20,205,20,245
2131545,28,454,22,504
2131546,35,543,49,627
2131547,26,384,12,422
2131548,34,484,29,547
2131549,20,276,7,303
2131550,60,460,32,552
2131551,67,477,60,604
2131552,163,372,18,553
2131553,9,370,15,394
2131554,39,328,42,409
2131555,21,356,30,407
2131556,40,600,30,670
2131557,18,568,34,620
2131558,23,490,31,544
2131601,5,253,19,277
2131602,11,297,30,338
2131603,28,444,50,522
2131604,16,312,15,343
2131605,20,343,36,399
2131606,20,285,16,321
2131607,34,540,17,591
2131608,17,401,9,427
2131609,19,402,24,445
2131610,33,589,26,648
2131611,29,437,34,500
2131612,32,421,15,468
2131613,31,464,21,516
2131614,20,437,10,467
2131615,19,181,0,200
2131616,22,334,19,375
2131617,43,492,6,541
2131618,0,0,0,0
2131701,7,206,13,226
2131702,15,294,28,337
2131703,27,387,21,435
2131704,15,256,12,283
2131705,15,240,6,261
2131706,24,316,28,368
2131707,14,259,27,300
2131708,117,408,38,563
2131709,27,429,24,480
2131710,26,399,25,450
2131711,22,334,6,362
2131712,28,489,46,563
2131713,19,358,30,407
2131714,21,450,13,484
2131715,20,314,7,341
2131716,38,505,29,572
2131717,27,422,10,459
2131718,15,328,23,366
2131719,28,474,41,543
2131720,60,462,41,563
2131721,22,275,17,314
2131722,32,347,18,397
2131723,86,450,47,583
2131724,23,438,16,477
2131725,15,308,53,376
2131726,32,294,9,335
2131727,33,393,39,465
2131728,28,353,3,384
2131729,7,172,17,196
2131730,18,441,53,512
2131731,0,3,0,3
2131732,15,533,33,581
2131733,0,0,0,0
2131734,27,428,20,475
2131735,26,457,22,505
2131736,25,432,9,466
2131737,27,370,27,424
2131738,18,359,18,395
2131739,27,296,18,341
2131740,31,493,18,542
2131741,23,543,32,598
2131742,18,367,27,412
2131743,37,463,28,528
2131744,0,0,0,0
2131745,17,316,28,361
2131746,34,422,36,492
2131747,29,466,34,529
2131748,25,376,10,411
2131749,19,281,20,320
2131801,21,417,22,460
2131802,18,388,30,436
2131803,16,363,15,394
2131804,36,467,18,521
2131805,24,537,25,586
2131806,108,489,19,616
2131807,26,468,25,519
2131808,12,448,35,495
2131809,6,292,25,323
2131810,15,287,18,320
2131811,13,535,28,576
2131812,21,364,33,418
2131813,29,501,21,551
2131814,8,347,37,392
2131815,19,248,34,301
2131816,22,488,84,594
2131817,21,266,13,300
2131818,20,449,31,500
2131819,22,456,22,500
2131820,24,349,19,392
2131821,22,573,39,634
2131822,28,493,25,546
2131823,26,407,26,459
2131824,27,488,10,525
2131825,16,466,34,516
2131826,12,274,12,298
2131901,14,335,30,379
2131902,10,337,6,353
2131903,15,399,30,444
2131904,22,583,13,618
2131905,20,507,8,535
2131906,15,377,31,423
2131907,8,335,13,356
2131908,25,391,26,442
2131909,22,388,27,437
2131910,21,292,12,325
2131911,32,465,37,534
2131912,9,329,7,345
2131913,9,298,4,311
2131914,11,571,42,624
2131915,15,420,15,450
2131916,18,382,16,416
2131917,25,392,16,433
2131918,16,243,24,283
2131919,102,376,16,494
2131920,30,308,24,362
2131921,29,467,61,557
2131922,21,439,30,490
2131923,15,366,45,426
2131924,25,426,54,505
2131925,25,267,28,320
2131926,28,296,15,339
2131927,25,376,14,415
2131928,15,258,28,301
2131929,12,537,49,598
2131930,3,217,24,244
2131931,40,679,9,728
2131932,6,236,16,258
2131933,15,417,22,454
2131934,6,280,3,289
2131935,33,487,41,561
2131936,11,337,30,378
2131937,82,341,9,432
2131938,0,0,0,0
2131939,18,336,30,384
2132001,0,525,64,589
2132002,0,785,28,813
2132003,15,351,21,387
2132004,58,517,32,607
2132005,9,467,12,488
2132006,25,395,15,435
2132007,0,0,0,0
2132008,18,434,20,472
2132009,9,267,16,292
2132010,18,294,15,327
2132011,25,234,19,278
2132012,29,563,28,620
2132013,15,434,68,517
2132014,139,398,38,575
2132015,22,353,48,423
2132016,8,325,13,346
2132017,14,507,21,542
2132018,22,308,21,351
2132019,12,285,7,304
2132020,20,566,65,651
2132021,29,362,28,419
2132022,9,386,16,411
2132023,9,209,6,224
2132024,8,409,41,458
2132025,18,463,35,516
2132026,28,477,32,537
2132027,12,305,6,323
2132028,12,673,58,743
2132029,23,381,27,431
2132030,11,463,22,496
2132031,19,474,30,523
2132032,14,528,22,564
2132033,0,283,16,299
2132034,15,790,164,969
2132035,14,501,39,554
2132036,19,291,26,336
2132037,134,289,21,444
2132038,7,391,34,432
2132101,18,567,12,597
2132102,9,284,15,308
2132103,17,440,18,475
2132104,24,361,33,418
2132105,26,465,37,528
2132106,0,233,26,259
2132107,12,290,21,323
2132108,13,353,17,383
2132109,30,455,18,503
2132110,48,475,43,566
2132111,11,393,7,411
2132112,6,402,6,414
2132113,13,423,6,442
2132114,11,488,19,518
2132115,21,485,21,527
2132116,9,236,6,251
2132117,12,484,17,513
2132118,12,327,10,349
2132119,6,295,9,310
2132120,20,384,23,427
2132121,27,515,22,564
2132122,9,368,11,388
2132123,6,266,0,272
2132124,11,394,21,426
2132125,12,425,20,457
2132126,8,259,7,274
2132127,9,493,7,509
2132128,16,355,0,371
2132129,0,322,6,328
2132130,33,500,21,554
2132131,21,448,18,487
2132132,7,374,12,393
2132133,7,204,20,231
2132134,15,320,9,344
2132135,8,338,3,349
2132136,3,203,3,209
2132137,21,366,12,399
2132138,48,431,6,485
2132139,3,222,6,231
2132140,0,177,11,188
2132141,12,459,6,477
2132142,18,407,0,425
2132143,12,203,0,215
2132144,15,288,3,306
2132145,66,390,9,465
2132146,12,363,15,390
2132147,12,370,3,385
2132148,16,256,15,287
2132149,4,229,0,233
2132150,4,298,4,306
2132151,12,305,3,320
2132152,9,273,13,295
2132153,10,296,9,315
2132154,12,299,12,323
2132201,18,428,15,461
2132202,3,420,30,453
2132203,12,333,21,366
2132204,15,368,12,395
2132205,15,213,0,228
2132206,15,324,12,351
2132207,9,283,9,301
2132208,146,311,31,488
2132209,13,244,0,257
2132210,8,296,7,311
2132211,10,258,0,268
2132212,15,390,19,424
2132213,16,315,22,353
2132214,14,331,20,365
2132215,15,351,42,408
2132216,7,262,13,282
2132217,14,252,14,280
2132218,115,274,11,400
2132219,20,329,22,371
2132220,10,352,12,374
2132221,4,459,13,476
2132222,6,281,0,287
2132223,16,396,29,441
2132224,12,312,20,344
2132225,22,585,41,648
2132226,0,177,15,192
2132227,30,420,14,464
2132228,7,319,0,326
2132229,8,366,36,410
2132230,15,411,17,443
2132231,18,355,18,391
2132232,29,450,21,500
2132233,20,516,13,549
2132234,7,379,3,389
2132235,7,245,26,278
2132236,12,247,6,265
2132237,9,193,0,202
2132238,12,262,3,277
2132239,16,556,23,595
2132240,6,284,33,323
2132241,6,326,15,347
2132242,15,250,3,268
2132243,15,380,6,401
2132244,9,318,18,345
2132245,6,232,7,245
2132246,3,360,15,378
2132247,0,0,0,0
2132248,22,235,15,272
2132249,13,226,0,239
2132250,17,317,6,340
2132251,9,319,31,359
2132252,5,343,9,357
2132301,12,433,12,457
2132302,11,430,0,441
2132303,6,228,0,234
2132304,9,212,15,236
2132305,21,389,9,419
2132306,12,449,12,473
2132307,12,432,3,447
2132308,16,492,10,518
2132309,10,402,0,412
2132310,24,465,9,498
2132311,12,423,9,444
2132312,0,0,0,0
2132313,13,417,4,434
2132314,18,468,12,498
2132315,11,198,6,215
2132316,15,329,15,359
2132317,12,406,13,431
2132318,20,466,15,501
2132319,21,450,21,492
2132320,12,349,3,364
2132321,3,297,34,334
2132322,11,395,37,443
2132323,14,358,7,379
2132324,21,426,31,478
2132325,12,358,12,382
2132326,19,425,23,467
2132327,16,454,8,478
2132328,28,567,14,609
2132329,21,415,12,448
2132330,23,463,18,504
2132331,30,473,35,538
2132332,12,389,9,410
2132333,13,394,10,417
2132334,24,370,12,406
2132335,4,262,3,269
2132336,12,218,12,242
2132337,9,232,6,247
2132401,9,231,12,252
2132402,28,559,22,609
2132403,23,411,3,437
2132404,21,590,19,630
2132405,9,210,3,222
2132406,21,503,43,567
2132407,24,421,12,457
2132408,9,391,15,415
2132409,24,537,3,564
2132410,0,0,3,3
2132411,118,521,26,665
2132412,6,352,9,367
2132413,8,291,9,308
2132414,17,391,3,411
2132415,19,260,0,279
2132416,21,543,16,580
2132417,15,548,19,582
2132418,15,354,3,372
2132419,14,581,12,607
2132420,28,441,11,480
2132421,28,541,16,585
2132422,15,289,13,317
2132423,9,453,15,477
2132424,12,337,13,362
2132425,33,410,5,448
2132426,15,315,12,342
2132427,17,398,19,434
2132428,29,318,24,371
2132429,9,293,3,305
2132430,6,195,3,204
2132431,19,529,7,555
2132432,21,436,23,480
2132433,18,373,0,391
2132434,6,283,7,296
2132435,37,612,15,664
2132436,15,402,6,423
2132437,11,330,13,354
2132438,27,408,13,448
2132439,14,450,6,470
2132440,25,384,9,418
2132441,0,0,0,0
2132501,0,217,15,232
2132502,17,547,9,573
2132503,21,497,0,518
2132504,46,527,26,599
2132505,15,536,17,568
2132506,15,314,10,339
2132507,12,363,15,390
2132508,22,319,3,344
2132509,13,399,6,418
2132510,27,328,6,361
2132511,13,348,15,376
2132512,21,350,12,383
2132513,3,401,17,421
2132514,0,3,0,3
2132515,21,372,9,402
2132516,13,453,13,479
2132517,0,733,18,751
2132518,12,326,18,356
2132519,14,415,4,433
2132520,21,301,12,334
2132521,0,4,0,4
2132522,24,421,22,467
2132523,30,484,12,526
2132524,15,1249,54,1318
2132525,16,498,19,533
2132526,6,365,16,387
2132527,30,551,9,590
2132528,81,504,16,601
2132529,23,450,13,486
2132530,22,407,12,441
2132531,0,227,12,239
2132532,59,306,15,380
2132533,107,139,6,252
2132534,17,408,3,428
2132535,15,287,14,316
2132536,10,323,12,345
2132537,18,357,15,390
2132538,17,335,12,364
2132539,3,224,9,236
2132540,20,273,12,305
2132541,28,430,3,461
2132542,9,305,3,317
2132543,0,0,0,0
2132601,5,260,21,286
2132602,15,438,13,466
2132603,20,260,6,286
2132604,0,0,0,0
2132605,32,536,40,608
2132606,22,432,20,474
2132607,13,343,25,381
2132608,11,375,4,390
2132609,27,508,21,556
2132610,12,311,26,349
2132611,35,535,20,590
2132612,20,377,28,425
2132613,20,391,26,437
2132614,24,366,16,406
2132615,32,502,34,568
2132616,24,436,24,484
2132617,15,366,11,392
2132618,17,431,12,460
2132619,18,564,42,624
2132620,15,345,12,372
2132621,9,365,12,386
2132622,30,503,35,568
2132623,5,252,14,271
2132624,12,280,16,308
2132625,18,303,11,332
2132626,16,523,22,561
2132627,20,475,33,528
2132628,25,271,24,320
2132629,39,572,31,642
2132630,12,414,9,435
2132631,27,614,10,651
2132632,122,256,15,393
2132633,48,213,0,261
2132634,0,138,9,147
2132635,29,355,3,387
2132636,15,480,29,524
2132637,25,441,30,496
2132638,39,457,44,540
2132639,31,444,4,479
2132640,0,8,0,8
2132641,3,64,14,81
2132642,15,346,7,368
2132643,18,251,19,288
2132644,15,266,11,292
2132645,0,0,0,0
2132646,18,261,9,288
2132647,4,309,16,329
2132648,15,336,36,387
2132649,6,330,18,354
2132650,102,128,9,239
2132651,15,198,9,222
2132652,26,309,6,341
2132653,15,210,18,243
2132701,9,410,9,428
2132702,7,342,3,352
2132703,3,515,4,522
2132704,22,394,27,443
2132705,14,296,8,318
2132706,16,506,12,534
2132707,16,481,3,500
2132708,19,352,15,386
2132709,26,367,15,408
2132710,16,365,19,400
2132711,12,328,3,343
2132712,9,379,3,391
2132713,12,390,15,417
2132714,3,467,3,473
2132715,6,461,21,488
2132716,0,289,6,295
2132717,12,376,7,395
2132718,13,358,3,374
2132719,8,357,11,376
2132720,12,438,9,459
2132721,18,354,6,378
2132722,21,417,11,449
2132723,12,307,15,334
2132724,16,413,10,439
2132725,14,396,18,428
2132726,62,389,27,478
2132727,9,389,6,404
2132728,0,0,0,0
2132729,4,333,9,346
2132730,6,263,5,274
2132731,7,476,18,501
2132732,13,553,18,584
2132733,18,368,15,401
2132734,3,254,3,260
2132735,34,357,21,412
2132736,29,374,12,415
2132737,186,355,29,570
2132738,14,391,13,418
2132739,15,320,15,350
2132740,14,491,18,523
2132741,23,453,15,491
2132742,28,578,7,613
2132743,15,375,3,393
2132744,7,313,12,332
2132745,11,272,16,299
2132746,0,0,0,0
2132747,12,259,3,274
2132748,9,409,9,427
2132801,15,318,16,349
2132802,98,374,26,498
2132803,15,183,45,243
2132804,40,452,52,544
2132805,26,386,22,434
2132806,0,0,0,0
2132807,18,315,55,388
2132808,19,444,60,523
2132809,12,314,21,347
2132810,23,263,37,323
2132811,7,252,30,289
2132812,6,231,7,244
2132813,16,320,15,351
2132814,25,372,22,419
2132815,21,404,54,479
2132816,37,389,35,461
2132817,13,209,51,273
2132818,15,321,32,368
2132819,47,519,45,611
2132901,6,439,13,458
2132902,32,472,21,525
2132903,12,333,18,363
2132904,10,309,10,329
2132905,12,371,70,453
2132906,18,380,38,436
2132907,9,367,20,396
2132908,25,555,56,636
2132909,24,546,16,586
2132910,4,271,8,283
2132911,18,395,6,419
2132912,28,614,44,686
2132913,5,440,24,469
2132914,12,453,14,479
2132915,9,500,15,524
2132916,26,534,45,605
2132917,15,488,51,554
2132918,9,315,12,336
2132919,9,269,18,296
2133001,4,200,30,234
2133002,26,333,4,363
2133003,20,264,15,299
2133004,20,244,9,273
2133005,27,456,28,511
2133006,22,253,19,294
2133007,21,476,48,545
2133008,25,1122,67,1214
2133009,0,3,0,3
2133010,0,0,0,0
2133011,0,0,0,0
2133012,39,392,52,483
2133013,28,441,18,487
2133014,29,360,40,429
2133015,31,280,12,323
2133016,18,210,6,234
2133017,24,228,21,273
2133018,21,402,61,484
2133019,31,440,43,514
2133020,12,355,10,377
2133021,25,1105,61,1191
2133022,12,254,22,288
2133023,23,240,24,287
2133024,15,260,31,306
2133025,42,1502,124,1668
2133026,49,2359,282,2690
2133027,24,1040,182,1246
2133028,23,249,10,282
2133029,21,222,18,261
2133030,20,329,23,372
2133031,18,223,18,259
2133032,20,306,11,337
2133033,21,270,20,311
2133034,16,247,25,288
2133035,24,413,19,456
2133036,29,278,26,333
2133037,44,370,45,459
2133038,21,295,18,334
2133039,22,297,23,342
2133040,35,404,56,495
2133041,13,195,12,220
2133042,10,271,39,320
2133043,25,327,41,393
2133044,0,0,0,0
2133045,11,147,18,176
2133046,26,1367,140,1533
2133101,18,429,30,477
2133102,9,252,30,291
2133103,41,526,72,639
2133104,0,0,0,0
2133105,21,435,22,478
2133106,12,326,32,370
2133107,15,289,19,323
2133108,13,394,24,431
2133109,18,377,28,423
2133110,18,320,20,358
2133111,28,434,24,486
2133112,68,168,12,248
2133113,15,265,15,295
2133114,10,270,9,289
2133115,6,275,21,302
2133116,27,250,0,277
2133117,25,640,41,706
2133118,21,234,16,271
2133119,27,261,15,303
2133120,16,251,18,285
2133121,24,400,37,461
2133122,21,343,45,409
2133123,9,301,22,332
2133201,41,420,18,479
2133202,61,223,14,298
2133203,11,369,12,392
2133204,11,275,11,297
2133205,12,246,18,276
2133206,6,280,28,314
2133207,13,302,16,331
2133208,70,312,25,407
2133209,21,279,23,323
2133210,0,9,0,9
2133211,19,477,18,514
2133212,22,357,20,399
2133213,24,412,24,460
2133214,21,335,21,377
2133215,0,0,0,0
2133216,36,377,18,431
2133217,26,519,15,560
2133218,23,178,0,201
2133219,18,346,16,380
2133220,21,353,10,384
2133221,13,345,12,370
2133222,19,303,14,336
2133223,27,321,31,379
2133224,12,255,19,286
2133225,13,397,24,434
2133226,12,297,18,327
2133227,31,427,15,473
2133228,30,274,16,320
2133229,14,260,10,284
2133230,20,268,15,303
2133231,13,319,32,364
2133232,42,557,26,625
2133233,16,234,19,269
2133234,0,0,0,0
2133235,27,416,23,466
2133236,15,183,3,201
2133237,24,374,20,418
2133238,9,215,17,241
2133239,18,265,18,301
2133240,7,249,7,263
2133301,38,498,57,593
2133302,20,340,18,378
2133303,19,300,73,392
2133304,33,346,7,386
2133305,36,386,43,465
2133306,14,281,18,313
2133307,15,384,27,426
2133308,20,188,49,257
2133309,28,310,18,356
2133310,23,247,7,277
2133311,31,388,26,445
2133312,26,322,24,372
2133313,29,396,54,479
2133314,45,488,22,555
2133315,39,520,39,598
2133316,8,261,16,285
2133317,14,258,31,303
2133318,34,456,50,540
2133319,34,516,56,606
2133320,24,352,56,432
2133321,28,401,46,475
2133322,14,251,0,265
2133323,33,295,10,338
2133324,24,361,53,438
2133325,18,339,18,375
2133326,25,336,17,378
2133327,20,276,10,306
2133328,19,316,23,358
2133329,27,277,29,333
2133330,27,369,28,424
2133331,30,311,33,374
2133332,28,331,30,389
2133333,43,553,27,623
2133401,25,409,21,455
2133402,16,329,18,363
2133403,20,260,24,304
2133404,27,340,40,407
2133405,25,321,72,418
2133406,33,285,50,368
2133407,31,456,48,535
2133408,16,291,21,328
2133409,34,326,39,399
2133410,49,338,32,419
2133411,34,464,33,531
2133412,34,357,33,424
2133413,21,304,30,355
2133414,36,379,45,460
2133415,50,472,91,613
2133416,28,301,29,358
2133417,59,300,27,386
2133418,32,402,63,497
2133419,27,348,49,424
2133420,57,363,37,457
2133421,24,322,58,404
2133422,27,311,27,365
2133423,45,478,70,593
2133424,23,326,24,373
2133425,38,415,62,515
2133426,50,412,40,502
2133427,35,396,28,459
2133428,41,326,20,387
2133429,41,443,58,542
2133430,47,455,26,528
2133431,10,198,44,252
2133432,33,297,43,373
2133433,22,467,40,529
2133434,18,268,28,314
2133435,30,376,21,427
2133436,30,482,59,571
2133437,27,392,16,435
2133438,30,253,6,289
2133439,15,196,6,217
2133440,29,386,15,430
2133441,35,424,43,502
2133442,28,366,44,438
2133443,42,377,62,481
2133444,18,169,15,202
2133445,16,195,33,244
2133501,26,409,35,470
2133502,46,458,85,589
2133503,43,431,60,534
2133504,20,475,38,533
2133505,18,277,24,319
2133506,43,389,46,478
2133507,21,283,39,343
2133508,29,400,16,445
2133509,33,310,22,365
2133510,35,360,70,465
2133511,29,354,31,414
2133512,35,286,85,406
2133513,20,299,24,343
2133514,37,393,81,511
2133515,35,407,75,517
2133516,31,616,35,682
2133517,28,432,26,486
2133518,40,363,15,418
2133519,19,220,26,265
2133520,47,482,71,600
2133521,35,332,27,394
2133522,25,246,34,305
2133523,27,245,26,298
2133524,28,144,31,203
2133525,12,337,15,364
2133526,24,346,10,380
2133527,28,594,36,658
2133528,16,150,6,172
2133529,21,436,53,510
2133530,38,466,29,533
2133531,24,373,41,438
2133532,22,285,47,354
2133533,33,254,11,298
2133534,29,350,20,399
2133535,106,379,40,525
2133536,59,513,62,634
2133537,41,232,16,289
2133538,8,230,34,272
2133601,60,307,54,421
2133602,0,7,0,7
2133603,25,325,42,392
2133604,16,273,30,319
2133605,24,333,36,393
2133606,24,503,67,594
2133607,30,493,25,548
2133608,26,296,35,357
2133609,22,446,33,501
2133610,27,352,61,440
2133611,32,568,34,634
2133612,43,505,31,579
2133613,24,570,51,645
2133614,30,457,34,521
2133615,15,241,33,289
2133616,24,518,43,585
2133617,28,458,56,542
2133618,109,377,27,513
2133619,33,486,33,552
2133701,25,284,49,358
2133702,35,307,56,398
2133703,20,540,26,586
2133704,24,362,23,409
2133705,76,322,27,425
2133706,28,435,24,487
2133707,23,273,18,314
2133708,29,294,19,342
2133709,30,381,32,443
2133710,32,276,35,343
2133711,35,303,35,373
2133712,37,572,82,691
2133713,30,395,31,456
2133714,0,104,8,112
2133715,13,243,15,271
2133716,25,341,32,398
2133717,19,426,30,475
2133718,114,465,20,599
2133719,30,285,22,337
2133720,28,380,20,428
2133721,17,328,0,345
2133722,24,371,23,418
2133723,12,331,40,383
2133724,49,539,68,656
2133725,0,0,0,0
2133726,38,526,26,590
2133801,27,252,28,307
2133802,51,405,39,495
2133803,33,292,30,355
2133804,34,552,59,645
2133805,6,309,32,347
2133806,14,268,30,312
2133807,23,293,38,354
2133808,43,361,36,440
2133809,31,248,20,299
2133810,26,227,18,271
2133811,38,355,20,413
2133812,33,368,62,463
2133813,30,294,0,324
2133814,38,410,12,460
2133815,21,279,37,337
2133816,32,423,19,474
2133817,37,358,39,434
2133818,22,220,27,269
2133819,23,283,46,352
2133820,106,145,24,275
2133821,32,248,19,299
2133822,24,366,29,419
2133823,36,398,36,470
2133824,15,259,18,292
2133825,38,320,26,384
2133826,49,486,37,572
2133827,28,492,25,545
2133828,22,581,18,621
2133829,0,201,36,237
2133830,30,337,9,376
2133831,17,182,12,211
2133832,0,6,0,6
2133833,0,9,0,9
2133834,27,342,39,408
2133835,10,240,20,270
2133836,19,391,27,437
2133837,26,295,18,339
2133838,12,247,12,271
2133839,20,452,15,487
2133840,15,275,33,323
2133841,40,339,37,416
2133842,28,526,31,585
2133843,9,324,15,348
2133844,27,378,20,425
2133845,29,327,25,381
2133901,12,224,31,267
2133902,21,338,17,376
2133903,18,515,21,554
2133904,25,531,29,585
2133905,13,561,14,588
2133906,13,379,9,401
2133907,17,505,20,542
2133908,9,305,15,329
2133909,18,312,12,342
2133910,11,384,10,405
2133911,8,329,20,357
2133912,7,369,30,406
2133913,18,527,17,562
2133914,58,337,24,419
2133915,4,336,31,371
2133916,27,400,24,451
2133917,17,344,33,394
2133918,9,374,24,407
2133919,120,459,31,610
2133920,12,220,25,257
2133921,10,418,106,534
2133922,15,320,18,353
2133923,28,460,83,571
2133924,16,378,17,411
2133925,18,379,0,397
2133926,9,363,39,411
2133927,6,196,21,223
2134001,8,372,7,387
2134002,18,343,9,370
2134003,20,438,0,458
2134004,20,440,6,466
2134005,11,485,13,509
2134006,21,464,6,491
2134007,15,312,12,339
2134008,14,329,0,343
2134009,20,489,18,527
2134010,0,9,0,9
2134011,9,183,22,214
2134012,12,486,10,508
2134013,3,65,9,77
2134014,0,0,0,0
2134015,12,450,20,482
2134016,20,387,12,419
2134017,11,480,7,498
2134018,12,367,39,418
2134019,12,313,18,343
2134020,10,236,13,259
2134021,10,508,20,538
2134022,16,465,20,501
2134023,17,452,5,474
2134024,12,498,21,531
2134025,3,250,6,259
2134026,13,406,27,446
2134027,5,395,13,413
2134028,17,408,15,440
2134029,30,526,18,574
2134030,15,386,21,422
2134031,7,281,19,307
2134032,10,229,9,248
2134033,21,290,9,320
2134034,23,463,33,519
2134035,6,350,13,369
2134036,9,303,18,330
2134037,3,283,12,298
2134038,15,423,6,444
2134039,0,0,0,0
2134040,0,484,9,493
2134041,15,427,10,452
2134042,18,274,21,313
2134043,11,323,14,348
2134044,9,245,12,266
2134045,44,264,15,323
2134046,8,197,0,205
2134047,7,296,4,307
2134048,17,369,14,400
2134049,15,272,6,293
2134101,33,570,33,636
2134102,21,429,18,468
2134103,34,517,26,577
2134104,15,356,25,396
2134105,18,379,15,412
2134106,13,341,13,367
2134107,17,384,9,410
2134108,24,367,6,397
2134109,0,0,0,0
2134110,39,418,16,473
2134111,7,267,14,288
2134112,21,338,6,365
2134113,21,538,27,586
2134114,12,366,15,393
2134115,18,217,9,244
2134116,18,519,37,574
2134117,40,604,22,666
2134118,24,480,34,538
2134119,29,525,27,581
2134120,22,397,23,442
2134121,27,541,12,580
2134122,28,597,50,675
2134123,0,0,0,0
2134124,13,319,9,341
2134125,31,177,21,229
2134126,30,297,12,339
2134127,9,254,15,278
2134128,24,465,36,525
2134129,0,4,0,4
2134130,0,0,0,0
2134201,15,258,17,290
2134202,18,372,13,403
2134203,23,332,3,358
2134204,29,430,12,471
2134205,33,467,44,544
2134206,16,607,22,645
2134207,15,281,15,311
2134208,0,0,0,0
2134209,0,0,0,0
2134210,9,269,6,284
2134211,11,301,22,334
2134212,40,184,12,236
2134213,14,355,28,397
2134214,21,258,12,291
2134215,37,478,49,564
2134216,9,284,11,304
2134217,17,268,12,297
2134218,14,516,40,570
2134219,13,410,38,461
2134220,17,544,19,580
2134221,19,451,37,507
2134222,10,476,29,515
2134223,12,489,35,536
2134224,15,372,19,406
2134225,21,387,17,425
2134226,40,481,25,546
2134227,24,314,27,365
2134228,14,366,26,406
2134229,25,457,34,516
2134230,16,240,32,288
2134231,22,308,59,389
2134232,18,204,27,249
2134233,12,214,15,241
2134234,16,433,33,482
2134235,89,359,34,482
2134236,18,313,24,355
2134237,18,360,31,409
2134238,15,313,14,342
2134239,12,284,12,308
2134240,18,270,3,291
2134241,22,485,9,516
2134242,22,347,6,375
2134243,18,360,18,396
2134244,26,420,9,455
2134245,22,511,11,544
2134246,4,270,10,284
2134247,87,314,21,422
2134248,15,295,25,335
2134301,15,225,37,277
2134302,22,386,18,426
2134303,0,3,0,3
2134304,29,432,52,513
2134305,31,435,27,493
2134306,34,527,27,588
2134307,40,338,22,400
2134308,6,26,12,44
2134309,0,0,0,0
2134310,37,395,47,479
2134311,16,250,31,297
2134312,52,606,53,711
2134313,25,289,9,323
2134314,23,300,28,351
2134315,46,388,55,489
2134316,21,296,29,346
2134317,35,321,102,458
2134318,44,450,32,526
2134319,27,333,7,367
2134320,31,286,67,384
2134321,24,358,23,405
2134322,24,394,39,457
2134323,24,363,32,419
2134324,54,597,56,707
2134325,37,456,40,533
2134326,40,472,29,541
2134327,72,328,57,457
2134328,33,310,11,354
2134329,18,250,7,275
2134330,61,475,45,581
2134331,159,150,27,336
2134332,25,386,67,478
2134401,13,264,21,298
2134402,46,355,21,422
2134403,22,456,25,503
2134404,8,319,22,349
2134405,26,490,19,535
2134406,15,410,23,448
2134407,24,424,11,459
2134408,18,319,23,360
2134409,15,404,14,433
2134410,19,421,33,473
2134411,27,433,33,493
2134412,24,450,32,506
2134413,0,0,0,0
2134414,0,0,0,0
2134415,22,352,16,390
2134416,27,276,18,321
2134417,13,286,16,315
2134418,12,216,7,235
2134419,12,370,33,415
2134420,9,343,18,370
2134421,11,365,25,401
2134422,12,453,31,496
2134423,12,355,32,399
2134424,0,0,0,0
2134425,22,474,39,535
2134426,15,371,30,416
2134427,6,363,9,378
2134428,19,333,9,361
2134429,18,403,32,453
2134430,19,533,21,573
2134431,16,511,31,558
2134432,14,219,9,242
2134433,3,195,30,228
2134434,11,397,19,427
2134435,0,285,19,304
2134436,3,291,20,314
2134437,15,464,24,503
2134438,58,222,12,292
2134439,15,562,39,616
2134440,10,496,36,542
2134441,13,215,4,232
2134442,25,529,33,587
2134501,24,266,3,293
2134502,13,248,21,282
2134503,18,387,27,432
2134504,9,305,30,344
2134505,7,319,9,335
2134506,12,389,14,415
2134507,15,405,25,445
2134508,6,311,31,348
2134509,6,331,7,344
2134510,4,239,10,253
2134511,20,634,30,684
2134512,6,285,15,306
2134513,8,450,29,487
2134601,24,397,23,444
2134602,21,298,6,325
2134603,23,445,18,486
2134604,30,486,57,573
2134605,22,426,59,507
2134606,24,366,16,406
2134607,25,314,4,343
2134608,13,232,7,252
2134609,27,584,29,640
2134610,15,365,15,395
2134611,10,416,13,439
2134612,14,339,18,371
2134613,16,564,13,593
2134614,19,406,5,430
2134615,33,259,3,295
2134616,9,366,7,382
2134617,22,500,33,555
2134618,16,382,22,420
2134619,19,465,15,499
2134620,6,426,3,435
2134621,9,375,25,409
2134622,17,516,46,579
2134623,13,386,11,410
2134624,21,554,16,591
2134625,15,446,14,475
2134626,81,277,18,376
2134627,14,371,6,391
2134628,7,375,8,390
2134629,0,23,6,29
2134630,29,557,22,608
2134631,3,250,19,272
2134632,18,621,24,663
2134633,3,235,12,250
2134634,0,251,4,255
2134635,3,238,6,247
2134701,11,328,9,348
2134702,28,528,64,620
2134703,15,313,55,383
2134704,12,245,26,283
2134705,8,252,27,287
2134706,13,283,55,351
2134707,30,210,28,268
2134708,27,298,30,355
2134709,27,346,52,425
2134710,25,259,110,394
2134711,49,532,54,635
2134712,23,281,33,337
2134713,18,260,12,290
2134714,22,430,23,475
2134715,26,214,18,258
2134716,87,1162,312,1561
2134717,11,370,6,387
2134718,17,196,33,246
2134719,21,276,16,313
2134720,44,532,37,613
2134721,35,377,21,433
2134722,15,294,16,325
2134723,9,357,40,406
2134724,21,427,28,476
2134725,20,304,24,348
2134726,12,280,12,304
2134727,26,372,27,425
2134728,20,317,31,368
2134729,37,559,43,639
2134730,23,323,22,368
2134731,13,337,42,392
2134732,25,369,32,426
2134733,37,289,29,355
2134734,30,377,47,454
2134735,19,373,109,501
2134736,21,198,61,280
2134737,32,515,60,607
2134801,21,212,126,359
2134802,27,461,51,539
2134803,17,484,65,566
2134804,62,379,94,535
2134805,4,303,79,386
2134806,6,410,101,517
2134807,20,301,39,360
2134808,13,638,130,781
2134809,12,538,81,631
2134810,11,227,17,255
2134811,62,275,105,442
2134812,30,443,83,556
2134813,36,311,51,398
2134814,21,391,83,495
2134815,26,418,43,487
2134816,8,285,21,314
2134817,15,298,43,356
2134818,18,275,48,341
2134819,23,502,52,577
2134820,17,227,33,277
2134821,15,494,24,533
2134822,17,360,43,420
2134823,15,226,25,266
2134824,30,331,40,401
2134825,24,258,15,297
2134826,12,396,43,451
2134827,15,349,98,462
2134828,142,596,64,802
2134829,0,0,0,0
2134830,18,363,31,412
2134901,22,1486,54,1562
2134902,26,341,27,394
2134903,29,366,46,441
2134904,16,380,15,411
2134905,0,211,31,242
2134906,23,476,39,538
2134907,3,358,36,397
2134908,9,287,9,305
2134909,3,319,12,334
2134910,3,339,20,362
2134911,6,226,21,253
2134912,6,289,48,343
2134913,25,491,28,544
2134914,20,308,18,346
2134915,10,579,45,634
2134916,11,344,27,382
2134917,7,305,12,324
2134918,3,546,23,572
2134919,18,391,25,434
2134920,3,321,29,353
2134921,0,285,52,337
2134922,0,254,60,314
2134923,9,326,10,345
2135001,14,352,6,372
2135002,18,362,12,392
2135003,19,442,28,489
2135004,16,316,27,359
2135005,8,412,13,433
2135006,12,400,9,421
2135007,18,385,45,448
2135008,13,400,36,449
2135009,21,422,52,495
2135010,20,384,34,438
2135011,17,351,30,398
2135012,15,409,46,470
2135013,27,410,22,459
2135014,9,488,47,544
2135015,13,271,11,295
2135016,7,410,10,427
2135017,15,355,11,381
2135018,31,636,56,723
2135019,9,340,15,364
2135101,22,287,18,327
2135102,22,397,16,435
2135103,19,349,31,399
2135104,29,364,16,409
2135105,25,417,25,467
2135106,17,344,18,379
2135107,21,413,49,483
2135108,17,316,58,391
2135109,32,360,51,443
2135110,25,472,36,533
2135111,0,4,3,7
2135112,8,283,46,337
2135113,17,478,46,541
2135114,3,6,0,9
2135115,15,335,12,362
2135116,26,341,27,394
2135117,18,298,41,357
2135118,38,458,31,527
2135119,9,369,24,402
2135120,24,336,56,416
2135121,12,325,9,346
2135122,33,415,34,482
2135123,0,19,3,22
2135124,12,293,6,311
2135125,22,395,25,442
2135126,20,360,23,403
2135127,3,252,10,265
2135128,19,327,0,346
2135201,17,435,18,470
2135202,24,416,21,461
2135203,12,425,33,470
2135204,98,262,4,364
2135205,25,363,11,399
2135206,42,551,30,623
2135207,29,565,35,629
2135208,11,491,33,535
2135209,18,409,18,445
2135210,7,406,29,442
2135211,15,341,9,365
2135212,16,517,53,586
2135213,12,372,25,409
2135214,15,290,11,316
2135215,17,353,12,382
2135216,14,510,21,545
2135217,20,394,17,431
2135218,18,482,19,519
2135219,22,490,65,577
2135220,6,220,18,244
2135221,6,397,18,421
2135222,15,450,25,490
2135223,22,393,12,427
2135224,17,555,31,603
2135225,10,295,11,316
2135226,20,504,45,569
2135227,0,0,0,0
2135228,19,387,12,418
2135229,13,417,31,461
2135230,30,485,27,542
2135231,16,276,10,302
2135232,0,0,0,0
2135301,15,244,20,279
2135302,59,403,28,490
2135303,27,617,28,672
2135304,13,339,9,361
2135305,15,251,6,272
2135306,27,307,12,346
2135307,9,526,30,565
2135308,4,242,15,261
2135309,15,362,23,400
2135310,20,351,31,402
2135311,14,343,9,366
2135312,25,416,26,467
2135313,30,301,11,342
2135314,37,413,22,472
2135315,10,268,28,306
2135316,20,691,15,726
2135317,5,373,14,392
2135318,15,311,29,355
2135319,16,390,6,412
2135320,9,402,21,432
2135321,17,675,39,731
2135322,24,348,14,386
2135323,22,315,24,361
2135324,16,411,21,448
2135325,33,319,29,381
2135326,11,505,21,537
2135327,35,677,15,727
2135328,48,342,27,417
2135329,22,714,40,776
2135330,18,483,21,522
2135331,12,313,11,336
2135332,22,287,17,326
2135333,24,339,11,374
2135334,17,287,22,326
2135335,26,405,16,447
2135336,30,290,33,353
2135337,15,396,17,428
2135338,16,402,12,430
2135339,18,502,9,529
2135401,0,0,0,0
2135402,63,2412,155,2630
2135403,11,307,9,327
2135404,9,289,12,310
2135405,22,426,4,452
2135406,10,328,19,357
2135407,16,380,24,420
2135408,151,370,24,545
2135409,18,460,32,510
2135410,16,333,15,364
2135411,9,211,9,229
2135412,12,373,18,403
2135413,13,374,14,401
2135414,10,210,16,236
2135415,15,216,6,237
2135416,9,416,6,431
2135417,3,258,15,276
2135418,6,179,0,185
2135419,9,553,25,587
2135420,36,1458,55,1549
2135421,13,575,24,612
2135422,26,501,10,537
2135423,19,503,14,536
2135424,19,511,11,541
2135425,6,303,12,321
2135426,12,425,24,461
2135427,9,340,9,358
2135428,15,407,39,461
2135429,18,313,7,338
2135430,10,272,4,286
2135431,15,487,22,524
2135432,9,508,27,544
2135433,16,483,22,521
2135434,9,355,19,383
2135435,12,553,20,585
2135436,3,304,15,322
2135437,21,323,12,356
2135438,9,214,0,223
2135439,39,2654,161,2854
2135440,18,927,73,1018
2135441,25,560,15,600
2135442,6,238,6,250
2135443,9,352,3,364
2135444,21,395,18,434
2135445,21,744,54,819
2135446,9,313,14,336
2135447,9,421,12,442
2135448,6,190,12,208
2135449,9,335,30,374
2135501,9,195,12,216
2135502,13,435,6,454
2135503,15,311,24,350
2135504,19,420,3,442
2135505,12,378,18,408
2135506,14,467,15,496
2135507,7,308,12,327
2135508,12,378,6,396
2135509,6,496,22,524
2135510,10,386,10,406
2135511,25,634,49,708
2135512,14,566,50,630
2135513,22,626,26,674
2135514,6,327,19,352
2135515,3,310,16,329
2135516,21,339,16,376
2135517,7,295,21,323
2135518,12,388,7,407
2135519,10,312,6,328
2135520,28,423,25,476
2135521,20,594,15,629
2135522,3,390,22,415
2135523,7,352,9,368
2135524,6,278,20,304
2135525,10,374,24,408
2135526,20,453,41,514
2135527,17,385,37,439
2135528,9,357,13,379
2135529,13,364,12,389
2135530,18,437,9,464
2135531,10,281,3,294
2135532,15,176,15,206
2135533,6,186,18,210
2135534,15,299,11,325
2135535,13,279,27,319
2135536,6,562,18,586
2135537,12,402,34,448
2135538,12,235,3,250
2135601,12,241,15,268
2135602,12,366,21,399
2135603,24,170,9,203
2135604,17,692,71,780
2135605,17,408,28,453
2135606,43,1154,122,1319
2135607,33,789,43,865
2135608,28,303,18,349
2135609,39,313,13,365
2135610,29,479,34,542
2135611,20,308,25,353
2135612,55,488,39,582
2135613,33,371,9,413
2135614,37,448,24,509
2135615,35,490,27,552
2135616,21,246,6,273
2135617,24,485,16,525
2135618,10,389,18,417
2135619,15,424,25,464
2135620,32,274,28,334
2135621,50,519,31,600
2135622,56,211,18,285
2135623,44,351,16,411
2135624,35,568,38,641
2135625,61,336,16,413
2135626,8,289,13,310
2135627,27,508,21,556
2135628,22,457,19,498
2135629,47,483,24,554
2135630,21,186,9,216
2135631,15,432,53,500
2135632,27,416,59,502
2135633,32,458,56,546
2135634,18,551,33,602
2135635,21,456,18,495
2135636,19,589,33,641
2135701,30,503,16,549
2135702,4,341,49,394
2135703,16,360,18,394
2135704,24,358,36,418
2135705,30,413,63,506
2135706,33,455,24,512
2135707,44,555,52,651
2135708,36,342,21,399
2135709,30,433,44,507
2135710,39,553,28,620
2135711,36,635,68,739
2135712,109,432,47,588
2135713,33,492,38,563
2135714,57,510,74,641
2135715,30,356,35,421
2135716,33,381,28,442
2135717,18,521,33,572
2135718,32,460,19,511
2135719,15,431,24,470
2135720,85,430,58,573
2135721,59,2354,147,2560
2135722,78,593,31,702
2135723,19,344,20,383
2135724,23,496,19,538
2135725,9,338,17,364
2135726,8,729,35,772
2135801,17,254,15,286
2135802,17,394,43,454
2135803,15,307,24,346
2135804,24,252,19,295
2135805,33,526,14,573
2135806,21,447,6,474
2135807,32,866,145,1043
2135808,25,839,56,920
2135809,34,604,16,654
2135810,23,370,10,403
2135811,35,1040,41,1116
2135812,34,464,49,547
2135813,6,260,12,278
2135814,12,183,7,202
2135815,34,1150,47,1231
2135816,17,335,24,376
2135817,28,524,23,575
2135818,21,352,33,406
2135819,22,277,36,335
2135820,32,726,49,807
2135821,34,336,26,396
2135822,18,489,44,551
2135823,13,207,14,234
2135824,14,290,9,313
2135825,16,281,19,316
2135826,42,598,23,663
2135827,18,177,21,216
2135828,18,144,16,178
2135901,18,226,27,271
2135902,31,302,69,402
2135903,18,305,46,369
2135904,28,391,38,457
2135905,0,0,911,911
2135906,14,220,14,248
2136001,6,377,7,390
2136002,13,355,5,373
2136003,29,494,58,581
2136004,18,437,27,482
2136005,15,344,16,375
2136006,15,483,9,507
2136007,9,350,18,377
2136008,6,296,6,308
2136009,16,425,24,465
2136010,16,614,29,659
2136011,9,265,3,277
2136012,24,392,9,425
2136013,6,337,15,358
2136014,18,742,21,781
2136015,9,315,5,329
2136016,42,599,38,679
2136017,18,596,17,631
2136018,22,1136,70,1228
2136019,6,647,19,672
2136020,10,358,16,384
2136021,15,382,17,414
2136022,9,389,9,407
2136023,13,323,13,349
2136024,66,3313,113,3492
2136025,3,484,8,495
2136101,3,418,10,431
2136102,9,296,21,326
2136103,14,603,26,643
2136104,5,406,18,429
2136105,28,493,46,567
2136106,10,250,21,281
2136107,14,257,46,317
2136108,16,353,16,385
2136109,10,236,29,275
2136110,0,395,34,429
2136111,6,270,22,298
2136112,24,334,15,373
2136113,15,273,7,295
2136114,15,472,3,490
2136115,12,416,9,437
2136116,6,297,19,322
2136117,15,361,25,401
2136118,6,301,35,342
2136119,19,472,37,528
2136120,10,293,13,316
2136121,15,383,9,407
2136122,25,437,31,493
2136123,18,328,0,346
2136124,15,501,15,531
2136125,0,13,3,16
2136126,37,731,14,782
2136127,9,436,3,448
2136128,5,342,12,359
2136129,16,376,27,419
2136130,11,378,24,413
2136131,20,415,13,448
2136132,39,359,12,410
2136133,19,438,11,468
2136134,13,330,6,349
2136135,11,322,37,370
2136136,9,268,52,329
2136137,15,464,18,497
2136138,9,292,15,316
2136139,9,235,18,262
2136140,3,339,18,360
2136141,15,445,7,467
2136142,9,337,22,368
2136143,9,447,18,474
2136144,11,271,8,290
2136145,9,329,10,348
2136146,15,308,33,356
2136147,18,406,26,450
2136148,22,291,6,319
2136201,33,547,82,662
2136202,28,540,40,608
2136203,18,313,9,340
2136204,13,349,15,377
2136205,25,417,16,458
2136206,15,303,16,334
2136207,8,301,15,324
2136208,22,410,18,450
2136209,15,340,15,370
2136210,24,415,5,444
2136211,14,321,28,363
2136212,21,340,28,389
2136213,22,373,42,437
2136214,20,316,44,380
2136215,24,281,20,325
2136216,6,212,9,227
2136217,22,478,13,513
2136218,11,427,22,460
2136219,28,425,26,479
2136220,21,159,15,195
2136221,11,334,23,368
2136222,3,233,27,263
2136223,9,266,8,283
2136224,24,321,0,345
2136225,12,410,19,441
2136226,11,200,6,217
2136227,15,385,15,415
2136228,12,277,20,309
2136229,0,293,15,308
2136230,15,393,32,440
2136231,18,426,41,485
2136232,21,260,13,294
2136233,16,365,11,392
2136234,21,363,6,390
2136235,21,486,34,541
2136236,12,304,9,325
2136237,9,264,9,282
2136238,12,318,4,334
2136239,24,349,12,385
2136240,24,258,46,328
2136241,26,338,38,402
2136242,11,260,49,320
2136243,16,288,37,341
2136244,7,168,4,179
2136245,24,335,27,386
2136246,22,337,33,392
2136247,17,368,27,412
2136248,6,316,15,337
2136249,12,286,18,316
2136250,0,245,6,251
2136301,15,334,12,361
2136302,30,527,35,592
2136303,24,346,29,399
2136304,0,6,0,6
2136305,25,1083,90,1198
2136306,20,364,50,434
2136307,7,55,22,84
2136308,28,372,59,459
2136309,34,393,33,460
2136310,15,328,25,368
2136311,8,264,20,292
2136312,12,254,9,275
2136313,20,370,34,424
2136401,12,227,6,245
2136402,0,0,0,0
2136403,0,0,0,0
2136404,6,335,9,350
2136405,12,399,10,421
2136406,12,448,12,472
2136407,6,432,40,478
2136408,0,0,0,0
2136409,12,733,58,803
2136410,0,6,0,6
2136411,48,3973,245,4266
2136412,3,340,14,357
2136413,15,1052,47,1114
2136414,15,739,21,775
2136415,14,844,48,906
2136416,6,655,46,707
2136417,9,591,18,618
2136418,6,388,12,406
2136419,21,781,20,822
2136420,7,276,9,292
2136421,3,354,15,372
2136422,9,780,21,810
2136423,13,685,26,724
2136424,12,463,15,490
2136425,12,639,34,685
2136426,24,1389,27,1440
2136427,22,902,53,977
2136428,9,779,27,815
2136429,9,463,20,492
2136430,6,327,3,336
2136431,15,907,23,945
2136432,9,329,9,347
2136433,6,380,13,399
2136434,10,638,26,674
2136435,9,303,4,316
2136436,43,1958,77,2078
2136437,27,1854,106,1987
2136438,11,731,38,780
2136439,0,476,18,494
2136440,6,640,27,673
2136441,11,748,38,797
2136442,0,290,9,299
2136443,23,1975,46,2044
2136444,9,371,9,389
2136501,9,663,22,694
2136502,16,813,72,901
2136503,14,719,25,758
2136504,15,498,40,553
2136505,24,1144,105,1273
2136506,18,1211,55,1284
2136507,10,380,39,429
2136508,3,187,4,194
2136509,9,279,10,298
2136510,21,681,38,740
2136511,10,659,31,700
2136512,18,777,62,857
2136513,13,258,14,285
2136514,18,192,12,222
2136515,0,225,15,240
2136516,19,502,27,548
2136517,9,613,48,670
2136518,12,299,3,314
2136519,15,283,12,310
2136520,14,243,12,269
2136521,6,325,3,334
2136522,26,1040,48,1114
2136523,12,569,24,605
2136524,49,1951,240,2240
2136525,0,377,25,402
2136526,0,282,13,295
2136527,12,375,9,396
2136528,26,564,36,626
2136529,6,395,0,401
2136530,18,1240,83,1341
2136531,30,713,37,780
2136532,19,886,87,992
2136533,7,472,12,491
2136534,9,384,12,405
2136601,0,0,788,788
2136602,76,4286,349,4711
2136603,3,123,16,142
2136604,0,5,0,5
2136605,14,476,34,524
2136606,12,455,25,492
2136607,9,551,9,569
2136608,27,1890,110,2027
2136609,18,1045,53,1116
2136610,13,733,37,783
2136701,15,441,13,469
2136702,7,290,31,328
2136703,15,474,33,522
2136704,8,347,34,389
2136705,18,321,9,348
2136706,22,467,50,539
2136707,19,303,58,380
2136708,17,399,29,445
2136709,18,428,11,457
2136710,13,287,24,324
2136711,17,554,30,601
2136712,24,479,52,555
2136713,20,498,65,583
2136714,17,290,30,337
2136715,32,541,46,619
2136716,33,325,29,387
2136717,12,260,9,281
2136718,19,416,18,453
2136719,25,438,10,473
2136720,21,360,35,416
2136721,25,315,30,370
2136722,6,319,22,347
2136723,24,340,30,394
2136724,18,360,18,396
2136725,22,433,60,515
2136726,18,384,29,431
2136727,15,271,41,327
2136728,35,489,26,550
2136729,9,290,15,314
2136730,6,514,31,551
2136731,7,382,30,419
2136732,0,283,25,308
2136733,27,443,14,484
2136734,22,383,0,405
2136735,15,367,22,404
2136736,21,257,9,287
2136737,101,154,123,378
2136738,18,343,7,368
2136739,0,0,0,0
2136740,4,338,0,342
2136741,3,367,10,380
2136742,0,0,0,0
2136743,12,302,7,321
2136744,7,331,4,342
2136745,11,257,6,274
2136746,18,262,33,313
2136747,16,459,42,517
2136748,39,338,35,412
2136749,22,373,27,422
2136750,38,448,27,513
2136751,19,307,36,362
2136752,32,450,22,504
2136753,39,307,27,373
2136754,15,183,18,216
2136755,12,359,32,403
2136756,6,235,0,241
2136757,16,290,9,315
2136758,21,473,40,534
2136759,21,558,21,600
2136760,50,471,15,536
2136761,18,443,10,471
2136762,81,471,29,581
2136763,20,330,16,366
2136764,19,296,18,333
2136765,41,343,54,438
2136766,15,224,4,243
2136767,9,256,31,296
2136768,15,541,27,583
2136769,12,227,6,245
2136770,8,272,18,298
2136771,12,263,16,291
2136772,12,316,15,343
2136773,6,214,15,235
2136774,7,276,10,293
2136775,21,323,47,391
2136776,6,238,6,250
2136801,13,359,15,387
2136802,9,432,9,450
2136803,0,0,0,0
2136804,28,440,6,474
2136805,0,0,0,0
2136806,12,327,17,356
2136807,33,486,36,555
2136808,21,312,14,347
2136809,13,411,14,438
2136810,20,373,22,415
2136811,71,387,8,466
2136812,18,247,19,284
2136813,10,280,11,301
2136814,16,285,27,328
2136815,25,263,9,297
2136816,68,364,27,459
2136817,105,305,27,437
2136818,27,301,12,340
2136819,0,3,0,3
2136820,20,319,15,354
2136821,9,227,0,236
2136822,23,417,19,459
2136823,63,431,37,531
2136824,28,480,21,529
2136825,15,629,15,659
2136826,9,637,27,673
2136827,13,328,32,373
2136828,18,310,6,334
2136901,11,263,26,300
2136902,20,506,34,560
2136903,10,292,26,328
2136904,9,279,18,306
2136905,15,208,21,244
2136906,19,306,20,345
2136907,14,346,35,395
2136908,12,310,23,345
2136909,16,242,13,271
2136910,12,410,19,441
2136911,9,476,28,513
2136912,14,590,18,622
2136913,27,593,32,652
2136914,27,834,52,913
2136915,10,449,23,482
2136916,7,199,14,220
2136917,25,745,70,840
2136918,30,667,47,744
2136919,7,330,19,356
2136920,24,545,31,600
2136921,21,367,10,398
2136922,113,2401,202,2716
2136923,21,265,0,286
2136924,5,339,4,348
2136925,0,50,21,71
2136926,0,0,0,0
2136927,12,371,19,402
2136928,6,199,24,229
2136929,6,249,18,273
2136930,24,296,3,323
2136931,10,219,4,233
2136932,11,227,30,268
2136933,9,189,0,198
2136934,12,210,15,237
2136935,6,194,39,239
2136936,37,1365,106,1508
2136937,3,82,0,85
2137001,6,237,22,265
2137002,21,253,20,294
2137003,16,517,18,551
2137004,22,429,15,466
2137005,19,828,83,930
2137006,9,643,24,676
2137007,18,790,54,862
2137008,45,546,52,643
2137009,21,489,15,525
2137010,18,388,12,418
2137011,44,438,17,499
2137012,24,284,7,315
2137013,93,646,67,806
2137014,17,495,36,548
2137015,4,265,5,274
2137016,12,374,10,396
2137017,15,394,27,436
2137018,11,331,32,374
2137019,26,648,15,689
2137020,16,346,34,396
2137021,4,259,41,304
2137022,25,284,20,329
2137023,133,668,54,855
2137024,18,794,25,837
2137025,0,0,0,0
2137026,0,3,0,3
2137027,0,4,0,4
2137028,0,15,0,15
2137029,0,0,0,0
2137030,18,279,15,312
2137031,15,416,55,486
2137032,27,564,147,738
2137033,70,525,87,682
2137034,12,283,44,339
2137035,12,344,18,374
2137036,22,338,20,380
2137037,15,375,18,408
2137038,3,180,21,204
2137039,12,183,13,208
2137040,12,376,59,447
2137041,9,397,34,440
2137042,18,464,32,514
2137043,12,302,12,326
2137044,17,484,31,532
2137101,19,420,34,473
2137102,24,320,27,371
2137103,16,389,6,411
2137104,10,234,7,251
2137105,9,410,12,431
2137106,19,317,0,336
2137107,22,514,62,598
2137108,22,331,39,392
2137109,13,336,18,367
2137110,31,439,66,536
2137111,6,296,25,327
2137112,18,285,24,327
2137113,9,293,16,318
2137114,23,351,25,399
2137115,15,389,21,425
2137116,27,303,30,360
2137117,23,407,4,434
2137118,52,341,27,420
2137119,27,398,9,434
2137120,12,255,19,286
2137121,16,425,19,460
2137122,18,402,9,429
2137123,33,259,30,322
2137124,25,396,81,502
2137125,28,371,61,460
2137126,24,334,54,412
2137127,21,317,13,351
2137128,20,294,18,332
2137129,27,389,43,459
2137130,13,302,26,341
2137131,37,447,30,514
2137132,40,374,48,462
2137133,17,253,14,284
2137134,19,412,10,441
2137135,38,397,34,469
2137136,21,402,33,456
2137137,0,189,10,199
2137138,74,365,27,466
2137139,25,262,21,308
2137140,12,216,20,248
2137141,18,287,33,338
2137142,12,427,18,457
2137143,24,365,25,414
2137144,13,334,21,368
2137145,23,331,21,375
2137146,24,463,15,502
2137147,18,367,8,393
2137148,22,376,3,401
2137149,6,300,12,318
2137150,3,293,16,312
2137151,50,342,78,470
2137152,17,375,59,451
2137153,27,323,46,396
2137154,9,312,14,335
2137155,12,220,21,253
2137201,13,362,49,424
2137202,36,541,17,594
2137203,17,258,44,319
2137204,16,430,45,491
2137205,12,323,41,376
2137206,36,429,40,505
2137207,18,315,5,338
2137208,32,253,39,324
2137209,0,6,0,6
2137210,0,6,0,6
2137211,41,290,35,366
2137212,15,413,18,446
2137213,30,465,20,515
2137214,19,446,21,486
2137215,33,481,9,523
2137216,22,397,17,436
2137217,15,423,30,468
2137218,31,491,30,552
2137219,27,164,7,198
2137220,25,402,15,442
2137221,14,356,15,385
2137222,35,434,21,490
2137223,86,473,26,585
2137224,29,386,32,447
2137225,33,538,27,598
2137226,25,370,41,436
2137227,25,477,22,524
2137228,17,186,7,210
2137229,13,178,19,210
2137230,13,236,21,270
2137231,17,280,5,302
2137232,30,365,43,438
2137233,55,485,40,580
2137234,35,477,29,541
2137235,21,241,22,284
2137236,18,407,14,439
2137237,3,345,22,370
2137238,10,219,5,234
2137239,3,255,4,262
2137240,37,365,19,421
2137241,146,401,61,608
2137242,32,390,49,471
2137243,12,256,9,277
2137244,33,202,7,242
2137245,33,449,24,506
2137246,23,356,32,411
2137247,16,319,31,366
2137248,24,249,58,331
2137301,15,357,6,378
2137302,12,314,12,338
2137303,6,446,9,461
2137304,6,339,6,351
2137305,3,199,9,211
2137306,6,205,0,211
2137307,4,243,0,247
2137308,27,536,12,575
2137309,24,460,15,499
2137310,7,271,7,285
2137311,12,551,20,583
2137312,18,301,12,331
2137313,18,292,18,328
2137314,93,199,30,322
2137315,16,380,15,411
2137316,15,372,112,499
2137317,12,285,4,301
2137318,6,361,6,373
2137319,4,253,4,261
2137320,3,215,6,224
2137321,12,350,9,371
2137322,0,377,18,395
2137323,25,541,15,581
2137324,6,398,22,426
2137325,12,374,18,404
2137326,14,350,15,379
2137327,21,387,22,430
2137328,16,287,13,316
2137329,7,197,16,220
2137330,14,420,33,467
2137331,24,518,10,552
2137332,12,395,3,410
2137333,9,225,7,241
2137334,17,337,17,371
2137335,15,487,12,514
2137336,16,499,21,536
2137337,3,249,13,265
2137338,15,360,16,391
2137339,101,429,103,633
2137340,21,555,16,592
2137341,18,489,20,527
2137342,18,557,15,590
2137343,9,254,9,272
2137344,0,0,0,0
2137345,6,209,12,227
2137346,5,334,0,339
2137401,6,366,14,386
2137402,15,653,32,700
2137403,15,294,8,317
2137404,27,458,22,507
2137405,12,412,16,440
2137406,15,551,16,582
2137407,13,756,24,793
2137408,15,495,19,529
2137409,3,330,12,345
2137410,9,350,10,369
2137411,12,408,27,447
2137412,15,252,4,271
2137413,21,550,6,577
2137414,16,869,25,910
2137415,8,382,6,396
2137416,18,376,12,406
2137417,9,512,16,537
2137418,13,300,7,320
2137419,14,344,3,361
2137420,15,339,9,363
2137421,12,384,3,399
2137422,12,367,3,382
2137423,7,263,3,273
2137424,16,515,18,549
2137425,4,326,5,335
2137426,21,375,0,396
2137427,21,684,20,725
2137428,30,456,24,510
2137429,12,541,18,571
2137430,14,391,7,412
2137431,15,327,9,351
2137432,11,388,0,399
2137433,3,377,15,395
2137434,18,396,3,417
2137435,0,3,0,3
2137436,18,486,12,516
2137437,6,350,14,370
2137438,18,491,12,521
2137439,4,229,6,239
2137440,0,284,12,296
2137441,16,423,9,448
2137442,19,399,9,427
2137443,17,447,15,479
2137444,13,615,21,649
2137445,17,479,4,500
2137446,3,343,9,355
2137447,9,440,30,479
2137448,24,428,9,461
2137449,18,293,12,323
2137450,7,332,9,348
2137451,21,362,15,398
2137501,32,146,13,191
2137502,5,164,8,177
2137503,0,203,12,215
2137504,25,379,54,458
2137505,21,393,31,445
2137506,21,261,38,320
2137507,23,481,18,522
2137508,26,412,25,463
2137509,0,0,0,0
2137510,28,638,49,715
2137511,14,481,38,533
2137512,6,381,18,405
2137513,20,417,6,443
2137514,15,294,18,327
2137515,25,446,20,491
2137516,10,309,23,342
2137517,22,465,18,505
2137518,15,250,52,317
2137519,20,481,13,514
2137520,19,420,18,457
2137521,12,400,13,425
2137522,15,394,47,456
2137523,16,380,60,456
2137524,33,330,29,392
2137525,0,3,0,3
2137526,25,516,21,562
2137527,35,469,20,524
2137528,16,402,33,451
2137529,9,336,15,360
2137530,5,247,31,283
2137531,15,334,3,352
2137532,11,264,52,327
2137533,19,353,45,417
2137534,19,253,6,278
2137535,21,327,27,375
2137536,19,293,9,321
2137537,15,374,22,411
2137538,35,391,53,479
2137539,13,436,20,469
2137540,36,390,21,447
2137541,24,375,3,402
2137601,11,275,11,297
2137602,17,1518,54,1589
2137603,17,642,41,700
2137604,21,301,31,353
2137605,13,623,19,655
2137606,25,694,32,751
2137607,16,264,9,289
2137608,12,293,9,314
2137609,3,239,18,260
2137610,4,326,0,330
2137611,11,418,15,444
2137612,14,377,9,400
2137613,21,479,15,515
2137614,24,461,40,525
2137615,9,539,5,553
2137616,8,397,6,411
2137617,17,1017,25,1059
2137618,9,308,15,332
2137619,11,419,22,452
2137620,9,289,25,323
2137701,27,209,15,251
2137702,28,436,38,502
2137703,14,360,19,393
2137704,16,246,15,277
2137705,3,15,3,21
2137706,12,233,15,260
2137707,21,441,6,468
2137708,24,291,32,347
2137709,11,320,13,344
2137710,9,320,18,347
2137711,6,273,6,285
2137712,15,438,20,473
2137713,0,216,20,236
2137714,16,316,21,353
2137715,28,253,7,288
2137716,40,387,137,564
2137717,9,339,24,372
2137718,18,295,6,319
2137719,15,446,12,473
2137720,10,404,18,432
2137721,30,329,19,378
2137722,28,455,10,493
2137723,9,264,7,280
2137724,24,356,27,407
2137725,32,393,26,451
2137801,10,273,44,327
2137802,3,349,20,372
2137803,8,334,33,375
2137804,12,269,11,292
2137805,3,100,3,106
2137806,42,186,3,231
2137807,6,421,17,444
2137808,9,326,5,340
2137809,46,290,27,363
2137810,11,365,12,388
2137811,0,273,0,273
2137812,6,369,39,414
2137813,0,172,17,189
2137814,7,345,6,358
2137815,6,325,24,355
2137816,15,214,13,242
2137817,3,87,3,93
2137818,6,150,3,159
2137901,12,205,18,235
2137902,42,503,55,600
2137903,115,378,17,510
2137904,33,347,23,403
2137905,13,369,27,409
2137906,39,647,53,739
2137907,44,387,19,450
2137908,18,330,25,373
2137909,60,612,30,702
2137910,15,745,20,780
2137911,25,634,10,669
2137912,32,546,18,596
2137913,32,569,34,635
2137914,9,406,19,434
2137915,12,425,12,449
2137916,9,348,24,381
2137917,7,326,35,368
2137918,15,471,28,514
2137919,14,279,8,301
2137920,22,376,49,447
2137921,18,288,18,324
2137922,24,461,26,511
2137923,9,265,24,298
2137924,18,416,15,449
2137925,15,360,15,390
2137926,10,279,11,300
2137927,19,229,8,256
2137928,10,328,6,344
2137929,15,404,10,429
2137930,26,485,37,548
2137931,18,356,31,405
2137932,23,319,21,363
2137933,12,372,38,422
2137934,11,477,28,516
2137935,24,343,29,396
2137936,3,173,27,203
2137937,24,568,16,608
2137938,10,282,27,319
2137939,9,279,19,307
2137940,5,1055,23,1083
2137941,25,636,25,686
2137942,0,3,0,3
2137943,43,273,41,357
2137944,12,299,44,355
2137945,15,379,31,425
2138001,26,284,12,322
2138002,26,289,21,336
2138003,3,291,27,321
2138004,25,456,25,506
2138005,12,389,16,417
2138006,5,261,6,272
2138007,3,389,13,405
2138008,26,428,24,478
2138009,14,318,14,346
2138010,12,322,24,358
2138011,24,372,18,414
2138012,19,283,19,321
2138013,15,133,118,266
2138014,23,492,31,546
2138015,24,446,85,555
2138016,39,421,23,483
2138017,12,278,9,299
2138018,30,494,15,539
2138019,12,199,3,214
2138020,31,351,24,406
2138021,27,245,12,284
2138022,20,317,9,346
2138023,6,341,20,367
2138024,24,336,0,360
2138025,18,274,12,304
2138026,15,312,15,342
2138027,17,414,7,438
2138028,12,343,28,383
2138029,17,394,17,428
2138030,14,303,22,339
2138031,26,364,6,396
2138032,12,257,9,278
2138033,5,340,3,348
2138034,27,472,17,516
2138035,18,383,13,414
2138036,21,385,53,459
2138037,7,379,19,405
2138038,7,505,23,535
2138039,125,544,25,694
2138040,8,464,6,478
2138041,10,501,12,523
2138042,9,345,6,360
2138043,13,434,17,464
2138044,3,301,6,310
2138045,11,494,4,509
2138046,8,225,12,245
2138047,12,206,37,255
2138048,0,0,0,0
2138049,24,547,46,617
2138050,18,273,12,303
2138051,27,178,27,232
2138052,0,5,0,5
2138053,14,363,26,403
2138054,35,303,27,365
2138055,3,389,12,404
2138056,13,456,6,475
2138057,23,332,37,392
2138058,52,563,15,630
2138059,0,7,0,7
2138101,15,402,25,442
2138102,6,367,18,391
2138103,0,394,3,397
2138104,9,362,30,401
2138105,4,390,21,415
2138106,7,400,14,421
2138107,49,235,11,295
2138108,24,242,21,287
2138109,28,376,21,425
2138110,3,351,18,372
2138111,0,227,0,227
2138112,0,309,3,312
2138113,8,503,30,541
2138114,0,511,0,511
2138115,14,444,21,479
2138116,12,455,15,482
2138117,9,274,6,289
2138118,3,325,3,331
2138119,8,198,6,212
2138120,12,501,27,540
2138121,5,285,4,294
2138122,4,360,37,401
2138123,0,270,12,282
2138124,12,546,15,573
2138125,8,476,27,511
2138126,9,232,18,259
2138127,4,308,11,323
2138128,82,181,6,269
2138129,10,374,31,415
2138130,9,452,22,483
2138131,15,264,13,292
2138132,12,487,9,508
2138133,12,262,3,277
2138134,8,550,35,593
2138135,15,339,12,366
2138136,6,361,21,388
2138137,25,517,23,565
2138138,52,405,16,473
2138139,16,421,12,449
2138140,4,253,6,263
2138141,17,376,15,408
2138142,9,340,12,361
2138143,15,416,10,441
2138144,9,237,9,255
2138201,12,465,37,514
2138202,0,225,10,235
2138203,9,370,32,411
2138204,9,445,22,476
2138205,0,3,0,3
2138206,6,257,18,281
2138207,15,200,13,228
2138208,4,302,18,324
2138209,9,362,9,380
2138210,20,295,19,334
2138211,11,402,15,428
2138212,97,411,47,555
2138213,6,288,6,300
2138214,5,230,16,251
2138215,7,483,19,509
2138216,13,532,16,561
2138217,8,688,10,706
2138218,21,456,9,486
2138219,9,403,8,420
2138220,18,550,27,595
2138221,18,403,35,456
2138222,12,446,51,509
2138223,3,318,12,333
2138224,11,449,58,518
2138225,9,301,21,331
2138226,11,299,23,333
2138227,53,598,38,689
2138228,30,686,16,732
2138229,13,502,141,656
2138230,7,303,10,320
2138231,0,361,3,364
2138232,18,577,8,603
2138233,9,548,38,595
2138234,9,248,15,272
2138235,9,264,18,291
2138236,4,337,18,359
2138237,9,297,21,327
2138238,17,504,3,524
2138239,16,444,8,468
2138240,22,401,3,426
2138301,9,201,32,242
2138302,17,461,15,493
2138303,8,226,15,249
2138304,13,306,25,344
2138305,18,367,12,397
2138306,10,527,46,583
2138307,36,550,58,644
2138308,6,212,6,224
2138309,18,264,18,300
2138310,28,439,19,486
2138311,23,480,30,533
2138312,17,296,35,348
2138313,17,186,22,225
2138314,9,315,7,331
2138315,15,261,22,298
2138316,35,316,26,377
2138317,17,379,19,415
2138318,0,225,26,251
2138319,16,375,39,430
2138320,28,289,25,342
2138321,14,329,75,418
2138322,24,269,9,302
2138323,19,437,48,504
2138324,12,269,27,308
2138325,8,415,46,469
2138326,33,333,20,386
2138327,19,341,15,375
2138328,22,413,42,477
2138329,29,349,30,408
2138330,44,227,21,292
2138331,13,349,37,399
2138332,21,260,25,306
2138333,21,188,3,212
2138334,18,359,12,389
2138335,12,319,85,416
2138336,18,343,43,404
2138337,18,341,25,384
2138338,10,298,21,329
2138339,21,346,45,412
2138340,0,0,0,0
2138341,9,194,19,222
2138342,10,426,28,464
2138343,3,361,24,388
2138344,9,342,17,368
2138401,40,419,33,492
2138402,42,343,12,397
2138403,11,174,8,193
2138404,24,327,29,380
2138405,130,289,44,463
2138406,169,371,33,573
2138407,0,0,0,0
2138408,23,380,23,426
2138409,33,487,39,559
2138410,18,279,15,312
2138411,14,246,28,288
2138412,14,270,9,293
2138413,12,305,7,324
2138414,30,442,70,542
2138415,65,166,64,295
2138416,39,368,41,448
2138417,31,248,77,356
2138418,57,457,28,542
2138419,62,340,19,421
2138420,38,395,24,457
2138421,23,363,19,405
2138422,13,208,3,224
2138423,105,745,21,871
2138424,19,457,23,499
2138425,6,444,21,471
2138426,15,289,30,334
2138427,22,259,9,290
2138428,26,230,15,271
2138429,42,406,25,473
2138430,41,301,21,363
2138431,52,446,36,534
2138432,27,315,25,367
2138433,17,191,9,217
2138434,41,446,22,509
2138435,37,401,25,463
2138436,18,360,18,396
2138437,11,240,13,264
2138438,29,266,10,305
2138439,12,250,15,277
2138440,15,331,55,401
2138441,27,384,8,419
2138442,32,335,19,386
2138443,47,431,20,498
2138444,20,286,14,320
2138445,25,238,27,290
2138446,7,250,10,267
2138447,15,403,6,424
2138448,8,651,15,674
2138449,7,227,15,249
2138450,37,350,24,411
2138501,3,276,3,282
2138502,7,270,24,301
2138503,7,453,10,470
2138504,22,387,12,421
2138505,9,246,4,259
2138506,12,289,14,315
2138507,3,203,17,223
2138508,17,430,32,479
2138509,12,256,7,275
2138510,15,301,16,332
2138511,12,297,9,318
2138512,9,311,9,329
2138513,15,365,15,395
2138514,20,384,36,440
2138515,6,264,7,277
2138516,102,461,18,581
2138517,19,503,6,528
2138518,10,325,15,350
2138519,30,397,3,430
2138520,41,323,19,383
2138521,0,293,18,311
2138522,12,301,6,319
2138523,15,453,21,489
2138524,21,261,10,292
2138525,12,380,12,404
2138526,15,255,15,285
2138527,9,493,27,529
2138528,9,431,23,463
2138529,18,659,19,696
2138530,13,290,11,314
2138531,12,326,3,341
2138532,21,396,6,423
2138533,13,383,12,408
2138534,18,352,9,379
2138535,33,475,12,520
2138536,3,287,5,295
2138537,24,621,17,662
2138538,11,284,9,304
2138539,6,272,13,291
2138540,8,320,12,340
2138541,15,264,9,288
2138542,15,354,18,387
2138543,12,280,26,318
2138544,8,222,5,235
2138545,0,203,3,206
2138546,13,316,24,353
2138547,3,210,9,222
2138601,0,147,3,150
2138602,66,259,32,357
2138603,19,241,9,269
2138604,28,341,20,389
2138605,21,202,19,242
2138606,81,313,12,406
2138607,21,237,11,269
2138608,40,323,15,378
2138609,12,318,3,333
2138610,21,270,8,299
2138611,13,174,9,196
2138612,21,496,11,528
2138613,13,343,3,359
2138614,13,386,12,411
2138615,38,204,10,252
2138616,20,327,20,367
2138617,16,256,3,275
2138618,20,205,29,254
2138619,25,328,12,365
2138620,16,263,16,295
2138621,27,415,9,451
2138622,24,264,15,303
2138623,37,430,31,498
2138624,4,43,384,431
2138701,15,324,19,358
2138702,6,335,24,365
2138703,7,224,17,248
2138704,15,218,15,248
2138705,27,278,10,315
2138706,5,304,14,323
2138707,8,290,0,298
2138708,9,314,3,326
2138709,7,142,3,152
2138710,33,222,16,271
2138801,12,400,0,412
2138802,30,326,23,379
2138803,21,290,28,339
2138804,21,534,19,574
2138805,25,457,14,496
2138806,21,415,14,450
2138807,105,509,24,638
2138808,22,392,24,438
2138809,26,309,21,356
2138810,43,354,31,428
2138811,10,307,5,322
2138812,33,433,12,478
2138813,13,472,6,491
2138814,21,373,12,406
2138815,21,239,15,275
2138816,20,455,30,505
2138817,48,673,21,742
2138818,15,401,21,437
2138819,6,313,3,322
2138820,12,199,13,224
2138821,37,452,6,495
2138822,39,397,26,462
2138823,31,636,29,696
2138824,24,368,19,411
2138825,18,289,0,307
2138826,7,345,16,368
2138827,0,209,9,218
2138828,18,652,38,708
2138829,13,408,15,436
2138830,18,338,22,378
2138831,22,287,38,347
2138832,28,398,15,441
2138833,17,351,12,380
2138834,48,247,13,308
2138835,69,368,10,447
2138836,14,416,15,445
2138837,15,324,3,342
2138901,6,221,12,239
2138902,3,215,4,222
2138903,13,298,9,320
2138904,10,315,13,338
2138905,0,215,16,231
2138906,6,195,12,213
2138907,57,327,26,410
2138908,18,319,9,346
2138909,9,225,13,247
2138910,12,271,6,289
2138911,10,297,0,307
2138912,6,238,3,247
2139001,15,234,9,258
2139002,39,244,6,289
2139003,18,246,9,273
2139004,15,218,9,242
2139005,9,199,9,217
2139006,0,29,3,32
2139007,6,255,6,267
2139008,0,0,0,0
2139009,15,247,12,274
2139010,8,285,9,302
2139011,3,220,0,223
2139012,9,242,0,251
2139013,9,262,7,278
2139014,37,204,12,253
2139015,33,169,3,205
2139016,24,409,3,436
2139017,51,288,54,393
2139018,3,112,9,124
2139019,71,388,12,471
2139020,15,219,6,240
2139021,12,259,21,292
2139022,25,288,9,322
2139023,38,169,6,213
2139024,20,204,8,232
2139025,9,140,3,152
2139026,15,210,14,239
2139027,17,255,8,280
2139028,44,217,15,276
2139029,6,172,9,187
2139030,0,0,0,0
2139101,6,155,3,164
2139102,46,437,33,516
2139103,41,474,27,542
2139104,27,309,4,340
2139105,15,257,21,293
2139106,15,292,28,335
2139107,24,360,10,394
2139108,9,218,15,242
2139109,66,265,3,334
2139110,27,400,9,436
2139201,12,149,3,164
2139202,30,375,16,421
2139203,8,203,22,233
2139204,22,371,11,404
2139205,18,296,9,323
2139206,18,237,15,270
2139207,8,170,3,181
2139208,12,314,23,349
2139209,16,313,21,350
2139210,32,265,7,304
2139211,12,337,39,388
2139212,13,317,13,343
2139213,16,272,24,312
2139214,21,274,15,310
2139215,24,231,9,264
2139216,13,284,10,307
2139217,32,321,9,362
2139218,27,322,9,358
2139219,19,302,17,338
2139220,44,482,40,566
2139221,16,207,20,243
2139222,29,318,40,387
2139223,53,328,16,397
2139224,18,227,6,251
2139225,104,136,20,260
2139226,12,164,9,185
2139301,9,195,9,213
2139302,7,251,0,258
2139303,16,280,19,315
2139304,3,164,11,178
2139305,12,370,23,405
2139306,12,302,12,326
2139307,12,234,9,255
2139308,19,222,3,244
2139309,22,185,10,217
2139310,60,394,19,473
2139401,27,343,31,401
2139402,13,382,10,405
2139403,16,235,12,263
2139404,12,392,31,435
2139405,107,354,58,519
2139406,39,241,24,304
2139407,27,398,9,434
2139408,29,348,9,386
2139409,69,339,32,440
2139410,46,389,25,460
2139411,21,314,14,349
2139412,30,314,16,360
2139413,7,175,3,185
2139414,4,172,3,179
2139415,6,206,18,230
2139416,17,277,15,309
2139417,13,177,3,193
2139418,21,180,6,207
2139419,36,367,30,433
2139420,33,225,39,297
2139421,42,199,7,248
2139501,16,340,6,362
2139502,13,340,21,374
2139503,12,263,3,278
2139504,48,452,21,521
2139505,16,319,17,352
2139506,16,486,18,520
2139507,13,366,18,397
2139508,3,212,13,228
2139509,7,214,15,236
2139510,31,983,48,1062
2139511,6,135,0,141
2139512,6,252,3,261
2139513,12,419,18,449
2139514,14,270,27,311
2139515,10,170,6,186
2139516,5,323,10,338
2139517,17,272,9,298
2139518,0,0,0,0
2139519,0,0,0,0
2139520,7,155,4,166
2139601,22,224,6,252
2139602,9,124,6,139
2139603,21,385,19,425
2139604,20,287,8,315
2139605,24,540,21,585
2139606,7,494,8,509
2139607,7,311,7,325
2139608,30,286,26,342
2139609,9,251,9,269
2139610,6,105,3,114
2139611,63,181,13,257
2139612,23,261,3,287
2139613,30,289,9,328
2139614,24,319,7,350
2139615,0,138,3,141
2139701,27,461,22,510
2139702,28,533,35,596
2139703,21,259,21,301
2139704,12,237,36,285
2139705,12,441,24,477
2139706,22,425,38,485
2139707,9,312,3,324
2139708,46,443,42,531
2139709,41,456,19,516
2139710,20,268,39,327
2139711,25,204,23,252
2139712,34,330,32,396
2139713,24,303,29,356
2139714,18,377,23,418
2139715,16,438,18,472
2139716,25,526,20,571
2139717,25,535,47,607
2139718,42,448,72,562
2139719,18,389,13,420
2139720,89,267,13,369
2139721,19,370,30,419
2139722,27,369,61,457
2139723,21,297,21,339
2139724,31,342,9,382
2139725,44,436,92,572
2139726,28,276,32,336
2139727,49,459,50,558
2139728,27,371,24,422
2139729,28,426,43,497
2139730,14,307,30,351
2139731,27,361,60,448
2139732,20,365,102,487
2139733,30,317,102,449
2139734,35,436,24,495
2139735,6,154,16,176
2139736,17,213,21,251
2139737,15,354,12,381
2139738,18,240,28,286
2139739,31,338,23,392
2139740,18,212,0,230
2139741,17,387,16,420
2139742,31,276,0,307
2139743,45,396,33,474
2139744,41,545,39,625
2139745,30,268,30,328
2139746,34,495,32,561
2139747,12,184,3,199
2139748,15,303,10,328
2139749,25,302,12,339
2139750,17,578,19,614
2139751,21,756,33,810
2139752,25,884,47,956
2139753,107,339,25,471
2139754,11,327,27,365
2139755,32,376,25,433
2139756,18,234,18,270
2139757,16,424,18,458
2139758,18,242,6,266
2139759,16,259,7,282
2139760,109,436,22,567
2139761,28,342,15,385
2139762,9,367,23,399
2139763,6,222,6,234
2139764,21,367,21,409
2139765,17,284,33,334
2139766,21,280,19,320
2139767,15,183,22,220
2139768,18,258,9,285
2139769,5,112,13,130
2139770,24,203,9,236
2139771,13,543,20,576
2139772,13,570,33,616
2139773,18,255,15,288
2139774,16,410,9,435
2139801,4,190,6,200
2139802,44,470,18,532
2139803,8,349,20,377
2139804,0,0,0,0
2139805,0,0,3,3
2139806,24,298,15,337
2139807,10,232,18,260
2139808,0,11,0,11
2139809,9,116,3,128
2139810,31,177,12,220
2139811,12,389,15,416
2139812,6,309,9,324
2139813,12,291,15,318
2139814,4,211,12,227
2139815,18,408,33,459
2139901,0,0,0,0
2139902,18,254,18,290
2139903,12,168,4,184
2139904,86,180,17,283
2139905,15,214,10,239
2139906,25,239,9,273
2139907,24,183,22,229
2139908,7,298,15,320
2139909,27,388,40,455
2139910,12,388,21,421
2139911,37,614,29,680
2139912,10,330,22,362
2139913,21,262,29,312
2139914,35,373,15,423
2139915,27,343,15,385
2139916,18,216,4,238
2139917,9,286,5,300
2140001,13,245,6,264
2140002,12,192,9,213
2140003,10,218,0,228
2140004,12,202,3,217
2140005,12,184,13,209
2140006,50,345,24,419
2140007,25,343,10,378
2140008,15,226,24,265
2140009,4,297,15,316
2140010,6,154,3,163
2140011,17,433,4,454
2140012,25,285,13,323
2140013,40,276,3,319
2140014,13,250,24,287
2140015,40,263,21,324
2140016,6,328,0,334
2140017,21,289,15,325
2140018,32,389,23,444
2140019,15,315,9,339
2140020,28,281,3,312
2140021,20,221,8,249
2140101,16,186,12,214
2140102,21,175,10,206
2140103,21,228,12,261
2140104,17,223,18,258
2140105,12,221,12,245
2140106,23,410,21,454
2140107,8,285,20,313
2140108,20,198,6,224
2140109,0,148,0,148
2140110,17,298,13,328
2140111,17,165,3,185
2140112,10,300,0,310
2140113,11,289,20,320
2140114,12,475,11,498
2140115,0,105,3,108
2140116,4,192,4,200
2140117,9,275,52,336
2140118,4,358,6,368
2140119,3,166,24,193
2140120,21,371,6,398
2140121,64,210,7,281
2140122,36,359,20,415
2140123,6,215,0,221
2140201,19,267,13,299
2140202,14,266,8,288
2140203,15,268,12,295
2140204,30,451,32,513
2140205,3,107,0,110
2140206,15,294,3,312
2140207,7,151,13,171
2140208,29,298,39,366
2140209,21,279,43,343
2140210,10,142,9,161
2140211,3,126,10,139
2140212,16,362,39,417
2140213,92,337,17,446
2140301,24,270,45,339
2140302,26,350,26,402
2140303,0,0,0,0
2140304,40,210,15,265
2140305,12,392,61,465
2140306,12,252,29,293
2140307,0,151,46,197
2140308,7,338,37,382
2140309,32,199,15,246
2140310,8,228,32,268
2140311,25,491,103,619
2140312,0,0,0,0
2140401,75,378,21,474
2140402,32,562,15,609
2140403,9,223,3,235
2140404,8,222,28,258
2140405,15,396,20,431
2140406,12,213,10,235
2140407,20,309,7,336
2140408,16,290,9,315
2140409,15,227,3,245
2140410,25,504,17,546
2140411,8,166,0,174
2140412,9,335,9,353
2140413,22,374,31,427
2140414,23,465,11,499
2140415,11,311,21,343
2140416,29,443,39,511
2140417,23,392,22,437
2140418,9,220,9,238
2140419,24,484,14,522
2140420,78,450,13,541
2140421,26,305,45,376
2140422,46,460,20,526
2140423,27,225,9,261
2140424,13,316,25,354
2140425,27,478,47,552
2140426,21,378,21,420
2140427,9,188,12,209
2140501,7,306,19,332
2140502,12,126,9,147
2140503,3,312,18,333
2140504,9,253,12,274
2140505,27,532,45,604
2140506,3,161,9,173
2140507,9,259,11,279
2140508,7,241,4,252
2140509,6,211,6,223
2140510,0,141,11,152
2140511,17,239,5,261
2140512,16,274,18,308
2140513,24,223,12,259
2140514,3,214,13,230
2140515,15,337,15,367
2140516,19,248,12,279
2140517,32,165,12,209
2140518,21,360,27,408
2140519,12,339,19,370
2140520,12,335,27,374
2140521,18,285,9,312
2140522,13,174,9,196
2140523,8,195,13,216
2140601,30,326,31,387
2140602,34,515,44,593
2140603,17,282,27,326
2140604,40,375,30,445
2140605,9,180,30,219
2140606,15,235,7,257
2140607,36,508,43,587
2140608,0,3,0,3
2140609,26,258,0,284
2140610,21,177,7,205
2140611,81,211,13,305
2140612,12,341,19,372
2140613,12,221,10,243
2140614,13,206,13,232
2140615,10,271,15,296
2140616,24,421,9,454
2140617,24,531,29,584
2140618,8,277,14,299
2140619,35,448,45,528
2140620,110,304,36,450
2140621,33,373,43,449
2140622,10,314,17,341
2140623,29,343,17,389
2140624,9,309,12,330
2140625,21,295,19,335
2140626,23,436,33,492
2140627,18,480,12,510
2140628,0,0,0,0
2140629,27,562,38,627
2140630,10,387,13,410
2140631,15,295,6,316
2140632,3,97,0,100
2140633,7,194,12,213
2140634,25,574,30,629
2140635,17,597,15,629
2140636,7,182,8,197
2140637,6,161,3,170
2140638,19,230,4,253
2140639,3,329,21,353
2140640,15,353,12,380
2140701,28,257,31,316
2140702,26,356,12,394
2140703,14,283,16,313
2140704,29,363,25,417
2140705,27,248,15,290
2140706,12,329,15,356
2140707,21,336,31,388
2140708,15,311,21,347
2140709,21,427,15,463
2140710,33,361,37,431
2140711,21,585,17,623
2140712,12,316,32,360
2140713,6,315,5,326
2140714,0,0,0,0
2140715,19,312,3,334
2140716,12,391,9,412
2140717,16,311,0,327
2140718,15,413,19,447
2140719,13,464,12,489
2140720,12,172,24,208
2140721,72,409,18,499
2140722,33,488,15,536
2140723,12,325,15,352
2140724,127,247,26,400
2140725,21,293,21,335
2140726,9,388,15,412
2140727,6,287,12,305
2140728,9,206,6,221
2140729,6,165,21,192
2140730,15,253,15,283
2140801,31,338,6,375
2140802,3,196,6,205
2140803,13,386,3,402
2140804,6,220,6,232
2140805,6,282,9,297
2140806,20,238,3,261
2140807,6,350,31,387
2140808,15,392,18,425
2140809,7,171,3,181
2140810,6,214,31,251
2140811,9,256,18,283
2140812,3,246,12,261
2140813,6,150,3,159
2140901,19,293,18,330
2140902,6,244,6,256
2140903,71,304,17,392
2140904,30,403,30,463
2140905,27,401,12,440
2140906,38,292,11,341
2140907,18,380,7,405
2140908,21,270,15,306
2140909,12,361,3,376
2140910,14,456,18,488
2140911,0,0,0,0
2141001,23,398,9,430
2141002,9,287,0,296
2141003,13,304,33,350
2141004,11,274,9,294
2141005,13,244,11,268
2141006,11,364,18,393
2141007,25,238,30,293
2141008,70,332,26,428
2141009,19,223,21,263
2141010,15,166,15,196
2141011,18,127,18,163
2141012,18,302,7,327
2141013,4,105,0,109
2141014,18,253,10,281
2141101,32,298,9,339
2141102,27,236,5,268
2141103,12,266,18,296
2141104,0,177,4,181
2141105,13,372,23,408
2141106,68,330,12,410
2141107,44,400,54,498
2141108,39,463,24,526
2141109,33,513,40,586
2141110,63,449,37,549
2141111,35,163,15,213
2141112,17,254,18,289
2141113,25,310,18,353
2141114,15,314,23,352
2141115,21,460,12,493
2141116,13,211,27,251
2141117,9,211,3,223
2141201,15,231,12,258
2141202,23,261,3,287
2141203,13,334,18,365
2141204,0,259,6,265
2141205,13,205,12,230
2141206,18,246,11,275
2141207,15,306,15,336
2141208,6,195,3,204
2141209,3,326,12,341
2141301,8,363,7,378
2141302,6,353,21,380
2141303,6,154,3,163
2141304,13,282,3,298
2141305,0,98,0,98
2141306,7,166,15,188
2141307,23,433,10,466
2141308,21,459,6,486
2141309,24,299,12,335
2141310,7,123,0,130
2141311,5,172,0,177
2141312,15,241,6,262
2141313,12,275,12,299
2141314,15,426,26,467
2141315,8,123,3,134
2141316,18,225,15,258
2141317,9,229,0,238
2141318,33,332,9,374
2141319,85,383,24,492
2141320,7,197,32,236
2141321,13,303,9,325
2141322,29,277,12,318
2141323,27,402,44,473
2141324,27,354,12,393
2141325,14,221,34,269
2141326,9,231,21,261
2141327,18,350,4,372
2141328,9,220,0,229
2141329,19,385,17,421
2141330,16,522,12,550
2141331,47,490,20,557
2141332,57,432,20,509
2141333,47,395,39,481
2141334,9,232,7,248
2141335,11,427,33,471
2141336,26,293,19,338
2141337,0,0,0,0
2141338,19,143,15,177
2141401,12,363,71,446
2141402,24,301,16,341
2141403,16,169,7,192
2141404,33,334,16,383
2141405,96,284,13,393
2141406,36,432,64,532
2141407,18,354,19,391
2141408,30,352,40,422
2141409,39,416,43,498
2141410,5,257,5,267
2141411,20,476,82,578
2141412,19,726,77,822
2141413,98,302,11,411
2141414,9,270,24,303
2141415,4,231,21,256
2141416,15,276,19,310
2141417,29,404,40,473
2141418,0,27,10,37
2141501,21,392,30,443
2141502,21,325,15,361
2141503,15,255,4,274
2141504,24,311,27,362
2141505,3,152,12,167
2141506,10,422,13,445
2141507,28,467,24,519
2141508,18,351,27,396
2141509,18,444,15,477
2141510,6,200,9,215
2141511,27,347,13,387
2141512,15,476,10,501
2141513,116,560,37,713
2141514,21,268,15,304
2141515,23,314,36,373
2141516,54,494,48,596
2141517,16,516,23,555
2141518,9,115,6,130
2141519,34,306,9,349
2141520,15,223,10,248
2141601,6,387,24,417
2141602,24,481,13,518
2141603,9,196,11,216
2141604,70,392,18,480
2141605,119,221,31,371
2141606,16,368,32,416
2141607,15,346,21,382
2141608,16,420,32,468
2141609,22,511,22,555
2141610,9,370,0,379
2141611,6,490,15,511
2141612,11,242,10,263
2141613,0,0,0,0
2141614,6,216,18,240
2141615,17,276,11,304
2141616,21,392,16,429
2141617,4,254,18,276
2141618,8,242,26,276
2141619,25,356,23,404
2141620,15,329,15,359
2141621,32,428,43,503
2141622,8,664,22,694
2141623,23,490,24,537
2141624,25,236,32,293
2141625,9,302,34,345
2141626,24,351,60,435
2141627,18,303,31,352
2141628,39,353,33,425
2141629,130,196,17,343
2141630,17,370,21,408
2141631,9,276,28,313
2141632,16,477,67,560
2141633,6,182,15,203
2141634,22,336,19,377
2141635,24,463,27,514
2141636,35,355,42,432
2141637,21,405,6,432
2141638,27,455,15,497
2141639,13,518,34,565
2141640,5,218,12,235
2141641,15,379,19,413
2141642,24,410,43,477
2141643,15,189,22,226
2141644,19,363,17,399
2141701,19,416,24,459
2141702,16,420,10,446
2141703,36,396,42,474
2141704,15,389,38,442
2141705,46,425,27,498
2141706,21,367,37,425
2141707,43,609,46,698
2141708,18,284,15,317
2141709,9,362,15,386
2141710,10,189,19,218
2141711,10,198,10,218
2141712,19,552,47,618
2141713,7,436,15,458
2141714,7,251,10,268
2141715,82,398,9,489
2141716,9,375,10,394
2141717,24,902,92,1018
2141718,6,294,18,318
2141719,14,583,31,628
2141720,33,522,37,592
2141721,9,248,25,282
2141722,15,439,18,472
2141723,24,379,47,450
2141724,15,279,57,351
2141725,54,517,77,648
2141726,25,431,36,492
2141727,26,274,39,339
2141728,16,251,41,308
2141729,11,235,7,253
2141730,42,562,63,667
2141731,96,398,33,527
2141732,22,502,34,558
2141733,9,202,12,223
2141734,9,254,37,300
2141735,6,205,21,232
2141736,9,413,6,428
2141737,12,215,12,239
2141738,8,254,17,279
2141739,3,225,19,247
2141740,7,291,21,319
2141741,4,256,18,278
2141742,11,309,23,343
2141743,32,370,54,456
2141744,35,436,34,505
2141745,29,401,18,448
2141746,14,255,30,299
2141747,33,375,37,445
2141748,12,291,27,330
2141749,21,426,15,462
2141750,77,483,22,582
2141751,12,317,13,342
2141801,3,217,3,223
2141802,9,238,20,267
2141803,9,417,13,439
2141804,3,164,0,167
2141805,18,431,9,458
2141806,12,273,23,308
2141807,12,226,6,244
2141808,15,276,12,303
2141809,18,482,21,521
2141810,12,258,6,276
2141811,6,230,6,242
2141812,12,207,8,227
2141813,8,243,3,254
2141901,12,198,3,213
2141902,13,168,9,190
2141903,44,277,27,348
2141904,25,406,33,464
2141905,13,253,10,276
2141906,22,361,22,405
2141907,17,452,21,490
2141908,9,317,9,335
2141909,15,236,4,255
2141910,21,491,34,546
2141911,9,195,6,210
2141912,3,290,9,302
2141913,16,245,6,267
2141914,10,419,23,452
2141915,15,193,209,417
2141916,18,261,12,291
2141917,12,248,9,269
2141918,8,291,14,313
2141919,23,364,18,405
2141920,13,315,12,340
2141921,27,264,19,310
2141922,15,278,18,311
2141923,18,206,15,239
2141924,12,257,14,283
2141925,9,234,12,255
2141926,15,428,22,465
2141927,14,335,27,376
2141928,50,181,9,240
2141929,21,474,45,540
2142001,15,228,21,264
2142002,25,374,30,429
2142003,0,223,4,227
2142004,18,282,15,315
2142005,14,329,9,352
2142006,12,221,12,245
2142007,18,399,18,435
2142008,3,243,9,255
2142009,6,142,15,163
2142010,49,269,13,331
2142011,18,219,9,246
2142012,25,224,4,253
2142013,34,373,16,423
2142014,12,176,4,192
2142015,19,280,12,311
2142016,12,182,6,200
2142017,6,252,5,263
2142018,12,205,12,229
2142019,42,204,13,259
2142020,7,330,4,341
2142021,7,151,9,167
2142022,21,376,19,416
2142023,4,188,8,200
2142024,67,314,3,384
2142025,14,229,0,243
2142026,12,268,21,301
2142027,12,177,0,189
2142028,6,152,15,173
2142029,20,332,16,368
2142030,16,433,12,461
2142031,11,186,9,206
2142101,59,357,15,431
2142102,20,254,12,286
2142103,12,357,6,375
2142104,7,369,6,382
2142105,30,444,21,495
2142106,68,219,9,296
2142107,40,333,39,412
2142108,16,372,29,417
2142109,6,339,4,349
2142110,9,321,3,333
2142111,13,396,15,424
2142112,68,311,11,390
2142113,10,217,6,233
2142114,6,214,5,225
2142115,27,388,12,427
2142116,17,372,13,402
2142117,24,311,12,347
2142118,21,274,4,299
2142119,19,452,28,499
2142120,23,457,30,510
2142121,0,186,38,224
2142122,23,274,3,300
2142123,16,314,6,336
2142124,9,217,12,238
2142125,21,331,9,361
2142126,15,378,3,396
2142127,24,349,13,386
2142128,15,305,9,329
2142201,0,0,0,0
2142202,35,373,12,420
2142203,12,272,16,300
2142204,24,355,31,410
2142205,9,249,21,279
2142206,31,349,30,410
2142207,0,0,0,0
2142208,24,273,12,309
2142209,16,404,25,445
2142210,21,380,15,416
2142211,40,406,58,504
2142212,7,324,18,349
2142213,28,435,24,487
2142214,26,373,27,426
2142215,19,272,30,321
2142216,0,0,0,0
2142217,6,243,12,261
2142218,12,457,18,487
2142219,27,357,15,399
2142220,27,461,40,528
2142221,35,326,18,379
2142222,84,250,22,356
2142223,26,283,13,322
2142224,24,230,13,267
2142225,14,305,33,352
2142226,9,305,6,320
2142227,26,533,14,573
2142228,18,231,15,264
2142229,0,214,3,217
2142230,7,215,3,225
2142231,4,256,9,269
2142232,53,347,24,424
2142301,15,337,6,358
2142302,54,232,6,292
2142303,15,307,9,331
2142304,14,215,10,239
2142305,30,243,12,285
2142306,56,388,25,469
2142307,0,140,6,146
2142308,6,259,26,291
2142309,7,360,7,374
2142310,7,301,9,317
2142311,22,238,3,263
2142312,12,246,6,264
2142313,9,199,13,221
2142314,3,204,15,222
2142315,11,318,3,332
2142316,15,415,24,454
2142317,3,304,12,319
2142318,7,167,9,183
2142319,10,361,15,386
2142320,6,200,3,209
2142321,9,181,3,193
2142322,0,186,3,189
2142401,32,279,15,326
2142402,7,232,18,257
2142403,16,343,10,369
2142404,42,319,6,367
2142405,13,343,24,380
2142406,19,200,12,231
2142407,52,480,17,549
2142408,18,217,7,242
2142409,16,235,25,276
2142410,27,181,3,211
2142411,8,235,13,256
2142501,114,321,43,478
2142502,29,461,26,516
2142503,24,409,7,440
2142504,27,315,3,345
2142505,29,611,7,647
2142506,7,208,4,219
2142507,24,598,24,646
2142508,15,209,0,224
2142509,15,382,16,413
2142510,34,360,25,419
2142511,13,237,16,266
2142512,18,258,6,282
2142513,20,291,19,330
2142514,15,303,22,340
2142515,19,270,9,298
2142516,13,177,6,196
2142517,17,278,3,298
2142518,21,279,12,312
2142519,65,362,7,434
2142520,13,187,10,210
2142521,23,260,24,307
2142522,20,328,11,359
2142523,9,482,23,514
2142524,21,480,21,522
2142525,37,442,27,506
2142526,23,500,9,532
2142527,31,494,17,542
2142528,76,155,21,252
2142529,104,183,15,302
2142530,19,469,9,497
2142531,3,129,0,132
2142601,24,398,7,429
2142602,18,196,9,223
2142603,21,451,15,487
2142604,7,241,9,257
2142605,13,334,15,362
2142606,12,178,0,190
2142607,7,177,9,193
2142608,6,179,0,185
2142609,17,492,20,529
2142610,0,212,5,217
2142611,17,250,7,274
2142612,5,255,12,272
2142613,9,274,0,283
2142614,4,253,12,269
2142615,10,411,22,443
2142616,12,356,15,383
2142617,15,282,10,307
2142701,22,194,12,228
2142702,24,247,18,289
2142703,17,287,15,319
2142704,84,368,22,474
2142705,12,326,7,345
2142706,19,198,11,228
2142707,6,155,6,167
2142708,12,366,9,387
2142709,6,233,12,251
2142710,6,319,16,341
2142711,6,158,3,167
2142712,15,347,9,371
2142713,0,281,5,286
2142714,3,250,15,268
2142715,54,386,11,451
2142716,32,356,9,397
2142717,19,175,9,203
2142718,9,201,12,222
2142801,5,269,13,287
2142802,3,223,33,259
2142803,9,330,15,354
2142804,8,248,6,262
2142805,6,445,16,467
2142806,6,180,6,192
2142807,5,245,13,263
2142808,6,277,4,287
2142809,9,246,3,258
2142810,3,339,10,352
2142811,4,184,7,195
2142812,13,475,27,515
2142813,3,328,10,341
2142814,13,315,34,362
2142815,12,229,3,244
2142816,15,293,12,320
2142817,15,175,9,199
2142818,10,260,10,280
2142819,6,283,13,302
2142820,20,271,6,297
2142821,4,265,0,269
2142822,12,159,9,180
2142823,65,144,0,209
2142824,6,209,6,221
2142825,5,258,0,263
2142826,6,278,6,290
2142901,4,175,6,185
2142902,24,361,12,397
2142903,18,298,3,319
2142904,45,302,10,357
2142905,6,260,6,272
2142906,15,271,16,302
2142907,11,216,7,234
2142908,18,319,18,355
2142909,15,289,9,313
2142910,10,267,4,281
2142911,3,258,16,277
2142912,0,35,0,35
2142913,9,282,6,297
2142914,3,280,12,295
2142915,6,203,0,209
2142916,10,328,10,348
2142917,13,327,16,356
2142918,7,227,11,245
2142919,8,425,13,446
2142920,0,119,3,122
2142921,6,127,9,142
2142922,3,175,12,190
2142923,9,267,6,282
2142924,16,410,26,452
2143001,10,274,9,293
2143002,6,232,14,252
2143003,24,321,21,366
2143004,19,409,15,443
2143005,21,269,15,305
2143006,12,352,4,368
2143007,31,229,12,272
2143008,10,374,3,387
2143009,12,164,3,179
2143010,3,312,9,324
2143011,0,0,0,0
2143012,14,237,6,257
2143013,18,255,40,313
2143014,6,325,17,348
2143015,8,448,18,474
2143016,3,293,55,351
2143017,8,265,6,279
2143018,4,193,4,201
2143019,3,417,10,430
2143020,10,210,7,227
2143021,54,280,23,357
2143022,15,297,15,327
2143023,18,410,12,440
2143024,22,340,27,389
2143025,35,346,34,415
2143026,6,154,18,178
2143027,10,322,17,349
2143028,16,327,26,369
2143101,22,370,24,416
2143102,39,365,45,449
2143103,6,216,7,229
2143104,0,202,18,220
2143105,4,225,6,235
2143106,15,368,42,425
2143107,4,163,33,200
2143108,25,414,42,481
2143109,16,353,11,380
2143110,19,195,21,235
2143201,27,431,16,474
2143202,16,383,33,432
2143203,9,350,6,365
2143204,3,227,27,257
2143205,6,250,3,259
2143206,27,283,23,333
2143207,18,736,12,766
2143208,9,306,0,315
2143209,3,141,0,144
2143210,16,317,19,352
2143211,14,289,13,316
2143212,16,361,25,402
2143213,21,328,15,364
2143214,11,612,23,646
2143215,21,440,19,480
2143216,26,404,33,463
2143217,12,279,29,320
2143218,10,250,12,272
2143219,20,397,21,438
2143220,6,296,9,311
2143221,17,517,19,553
2143222,4,392,12,408
2143223,60,390,31,481
2143224,34,318,45,397
2143225,21,248,5,274
2143226,7,334,9,350
2143227,6,448,6,460
2143228,24,800,24,848
2143229,6,286,5,297
2143230,21,369,18,408
2143231,29,412,13,454
2143232,16,434,9,459
2143233,21,406,15,442
2143234,38,368,12,418
2143235,13,436,12,461
2143236,21,471,21,513
2143237,90,457,72,619
2143238,7,343,18,368
2143239,19,378,11,408
2143240,13,401,52,466
2143241,15,302,16,333
2143242,18,396,28,442
2143243,19,418,12,449
2143244,12,344,12,368
2143245,6,164,6,176
2143246,0,0,3,3
2143247,0,313,20,333
2143248,9,231,17,257
2143249,0,0,0,0
2143250,3,246,3,252
2143251,0,118,20,138
2143301,27,373,15,415
2143302,13,363,8,384
2143303,8,315,32,355
2143304,15,307,9,331
2143305,14,383,31,428
2143306,18,327,9,354
2143307,4,400,10,414
2143308,30,375,13,418
2143309,18,362,7,387
2143310,13,682,71,766
2143311,6,247,3,256
2143312,19,470,57,546
2143313,9,320,18,347
2143314,19,296,24,339
2143315,20,384,31,435
2143316,54,402,23,479
2143317,9,284,31,324
2143318,0,0,0,0
2143319,21,434,22,477
2143320,20,370,11,401
2143321,12,200,15,227
2143322,53,541,35,629
2143323,19,295,20,334
2143324,21,441,41,503
2143325,6,246,10,262
2143326,18,349,19,386
2143327,199,374,38,611
2143328,18,292,19,329
2143329,11,321,31,363
2143330,16,356,10,382
2143331,9,348,28,385
2143332,0,3,0,3
2143333,14,242,22,278
2143334,10,242,19,271
2949999,370,6197,1739,8306
2979991,0,0,0,0
2979992,0,22,6,28
2979993,0,10,0,10
3100101,4,447,18,469
3100102,6,294,4,304
3100103,18,543,19,580
3100104,6,379,28,413
3100105,9,189,23,221
3100106,9,240,8,257
3100107,13,241,12,266
3100108,21,421,14,456
3100109,66,471,25,562
3100110,7,360,14,381
3100111,28,476,36,540
3100112,12,224,3,239
3100113,12,291,15,318
3100114,18,464,12,494
3100115,21,421,9,451
3100116,15,444,15,474
3100117,28,386,9,423
3100118,17,439,26,482
3100119,15,397,27,439
3100120,6,253,21,280
3100121,12,422,14,448
3100122,10,379,7,396
3100123,33,422,6,461
3100124,9,184,13,206
3100125,12,262,16,290
3100126,17,371,29,417
3100127,12,210,8,230
3100128,18,411,9,438
3100129,19,348,10,377
3100130,103,471,16,590
3100131,12,384,7,403
3100132,9,189,11,209
3100133,33,415,20,468
3100134,8,368,0,376
3100135,18,329,0,347
3100136,16,425,6,447
3100137,9,294,15,318
3100138,12,221,3,236
3100139,15,399,6,420
3100140,15,450,4,469
3100141,18,340,13,371
3100142,14,346,3,363
3100143,0,0,0,0
3100144,0,0,0,0
3100145,19,333,26,378
3100201,9,217,16,242
3100202,15,395,20,430
3100203,10,226,10,246
3100204,17,494,48,559
3100205,10,378,15,403
3100206,10,445,20,475
3100207,12,210,9,231
3100208,11,289,0,300
3100209,5,399,15,419
3100210,12,364,16,392
3100211,0,12,0,12
3100212,0,3,0,3
3100213,3,477,18,498
3100214,4,200,0,204
3100215,17,450,0,467
3100216,11,368,6,385
3100217,0,100,0,100
3100218,6,330,9,345
3100219,21,895,28,944
3100220,0,330,12,342
3100221,12,410,15,437
3100301,5,373,17,395
3100302,18,399,0,417
3100303,19,283,19,321
3100304,27,536,21,584
3100305,12,402,17,431
3100306,15,358,18,391
3100307,20,497,14,531
3100308,3,290,0,293
3100309,4,320,18,342
3100310,16,633,6,655
3100311,8,323,10,341
3100312,3,241,6,250
3100313,86,385,15,486
3100314,12,359,13,384
3100315,21,349,9,379
3100316,17,628,13,658
3100317,11,429,3,443
3100318,12,393,11,416
3100319,19,332,20,371
3100320,22,386,7,415
3100321,21,569,16,606
3100322,12,304,5,321
3100323,15,501,15,531
3100324,18,520,12,550
3100325,24,568,22,614
3100326,3,0,0,3
3100327,0,16,0,16
3100328,104,254,18,376
3100329,16,284,4,304
3100330,10,365,15,390
3100331,6,289,15,310
3100332,89,276,15,380
3100333,11,257,5,273
3100334,7,242,7,256
3100335,21,508,27,556
3100336,21,313,15,349
3100401,9,397,20,426
3100402,16,554,18,588
3100403,34,432,26,492
3100404,26,388,18,432
3100405,10,378,8,396
3100406,12,250,15,277
3100407,19,297,18,334
3100408,15,492,21,528
3100409,30,466,18,514
3100410,27,474,0,501
3100411,4,249,19,272
3100412,4,267,0,271
3100413,18,519,9,546
3100414,9,245,8,262
3100415,7,274,0,281
3100416,24,371,12,407
3100417,11,429,10,450
3100418,9,272,13,294
3100419,15,280,12,307
3100420,18,360,16,394
3100421,18,528,22,568
3100422,3,146,3,152
3100423,15,237,21,273
3100424,4,272,13,289
3100425,8,294,9,311
3100426,6,492,45,543
3100427,12,349,23,384
3100428,15,464,9,488
3100429,6,228,24,258
3100430,15,570,18,603
3100431,21,496,15,532
3100432,0,104,4,108
3100433,13,419,21,453
3100434,20,321,12,353
3100435,13,351,8,372
3100436,19,311,12,342
3100437,0,3,0,3
3100438,34,487,17,538
3100439,23,449,9,481
3100440,19,398,15,432
3100441,22,279,18,319
3100442,16,390,35,441
3100443,8,340,6,354
3100444,18,317,18,353
3100501,10,352,11,373
3100502,11,400,13,424
3100503,12,296,15,323
3100504,12,355,15,382
3100505,0,248,28,276
3100506,9,130,9,148
3100507,18,422,18,458
3100508,45,472,40,557
3100509,15,311,6,332
3100510,8,258,16,282
3100601,6,386,33,425
3100602,9,200,4,213
3100603,7,312,27,346
3100604,16,564,19,599
3100605,0,256,8,264
3100606,21,402,33,456
3100607,18,262,24,304
3100608,8,447,29,484
3100609,8,491,10,509
3100610,4,281,20,305
3100611,20,424,9,453
3100612,17,488,24,529
3100613,19,547,25,591
3100614,24,649,12,685
3100615,18,531,35,584
3100616,101,457,24,582
3100617,6,442,19,467
3100618,26,673,27,726
3100619,19,485,12,516
3100620,3,379,6,388
3100621,9,677,15,701
3100622,7,406,12,425
3100623,12,366,15,393
3100624,0,38,0,38
3100701,5,247,9,261
3100702,9,292,7,308
3100703,15,455,30,500
3100704,12,394,13,419
3100705,18,388,12,418
3100706,43,635,21,699
3100707,25,344,18,387
3100708,12,378,9,399
3100709,20,391,3,414
3100710,9,463,18,490
3100711,14,359,7,380
3100712,91,278,14,383
3100713,137,488,15,640
3100714,16,196,12,224
3100715,30,568,21,619
3100716,39,433,13,485
3100717,6,234,9,249
3100718,29,377,9,415
3100719,14,387,22,423
3100720,19,337,16,372
3100721,21,299,12,332
3100722,9,363,18,390
3100723,4,276,3,283
3100724,9,302,6,317
3100725,24,584,33,641
3100726,59,498,35,592
3100727,20,277,26,323
3100728,0,0,0,0
3100729,0,0,0,0
3100730,46,527,17,590
3100731,42,512,18,572
3100732,0,261,7,268
3100733,0,261,8,269
3100734,13,234,0,247
3100735,6,447,18,471
3100736,6,300,12,318
3100737,14,294,16,324
3100801,14,501,15,530
3100802,7,406,4,417
3100803,3,305,15,323
3100804,12,375,9,396
3100805,13,611,15,639
3100806,10,457,12,479
3100807,70,156,16,242
3100808,35,568,15,618
3100809,17,572,24,613
3100810,13,564,21,598
3100811,9,363,9,381
3100812,9,380,15,404
3100901,13,375,19,407
3100902,18,430,20,468
3100903,24,446,29,499
3100904,19,462,26,507
3100905,16,335,23,374
3100906,24,487,68,579
3100907,59,562,9,630
3100908,14,464,30,508
3100909,15,269,6,290
3100910,15,219,7,241
3100911,14,314,15,343
3100912,6,331,14,351
3100913,6,412,12,430
3100914,12,490,18,520
3100915,12,418,17,447
3100916,12,468,29,509
3100917,12,272,6,290
3100918,21,727,38,786
3100919,21,690,18,729
3100920,18,435,12,465
3100921,0,0,0,0
3100922,31,526,19,576
3100923,18,500,26,544
3100924,21,556,21,598
3100925,9,441,9,459
3100926,18,668,24,710
3100927,21,164,21,206
3100928,18,518,7,543
3100929,12,336,21,369
3100930,16,251,12,279
3101001,0,0,0,0
3101002,12,248,42,302
3101003,39,269,27,335
3101004,4,208,20,232
3101005,16,394,37,447
3101006,8,217,24,249
3101007,36,205,59,300
3101008,60,396,55,511
3101009,39,339,25,403
3101010,13,259,36,308
3101011,39,397,22,458
3101012,51,354,24,429
3101013,10,168,119,297
3101014,19,308,13,340
3101015,3,97,14,114
3101016,48,326,36,410
3101017,59,355,36,450
3101018,18,322,8,348
3101019,31,385,43,459
3101020,53,323,74,450
3101021,36,285,41,362
3101022,17,132,12,161
3101023,49,493,45,587
3101024,12,228,6,246
3101025,51,384,34,469
3101101,0,420,11,431
3101102,15,250,30,295
3101103,4,217,15,236
3101104,12,495,7,514
3101105,6,248,9,263
3101106,6,201,3,210
3101107,7,442,0,449
3101108,14,311,29,354
3101109,6,211,0,217
3101110,8,576,12,596
3101111,13,789,35,837
3101112,6,183,0,189
3101113,11,435,19,465
3101114,12,530,6,548
3101115,3,385,33,421
3101116,19,428,15,462
3101201,22,666,0,688
3101202,12,323,11,346
3101203,13,525,24,562
3101204,10,454,6,470
3101205,24,854,26,904
3101206,11,327,7,345
3101207,15,714,26,755
3101208,18,479,3,500
3101209,10,521,15,546
3101210,14,522,23,559
3101211,18,488,9,515
3101212,9,413,7,429
3101213,16,505,8,529
3101214,9,326,0,335
3101215,15,294,12,321
3101216,0,263,9,272
3101217,14,322,9,345
3101218,15,229,0,244
3101219,9,429,25,463
3101220,18,240,12,270
3101221,6,422,14,442
3101222,0,263,16,279
3101223,3,340,6,349
3101224,37,162,35,234
3101225,50,188,6,244
3101226,39,521,73,633
3101227,10,301,12,323
3101228,6,351,50,407
3101229,8,455,30,493
3101301,9,272,13,294
3101302,17,306,10,333
3101303,11,332,0,343
3101304,22,550,16,588
3101305,172,334,4,510
3101306,15,366,9,390
3101307,21,535,44,600
3101308,15,344,15,374
3101309,25,218,3,246
3101310,10,358,11,379
3101311,28,495,9,532
3101312,21,427,13,461
3101313,19,353,9,381
3101314,41,369,10,420
3101315,36,510,18,564
3101316,48,305,19,372
3101317,18,328,3,349
3101318,23,560,25,608
3101319,21,455,12,488
3101320,12,488,18,518
3101321,6,258,0,264
3101322,5,580,38,623
3101323,0,0,0,0
3101324,24,471,7,502
3101325,9,224,12,245
3101326,11,273,7,291
3101327,32,467,9,508
3101328,31,433,25,489
3101329,18,268,3,289
3101330,30,479,6,515
3101331,12,335,9,356
3101332,31,394,35,460
3101333,21,211,6,238
3101334,29,544,22,595
3101335,6,275,18,299
3101336,126,241,23,390
3101401,0,3,3,6
3101402,0,0,0,0
3101501,24,210,13,247
3101502,26,488,17,531
3101503,7,360,32,399
3101504,21,373,18,412
3101505,10,312,34,356
3101506,15,230,21,266
3101507,27,144,8,179
3101508,75,395,4,474
3101509,13,357,6,376
3101510,11,386,13,410
3101511,3,119,7,129
3101512,15,448,24,487
3101513,6,310,19,335
3101514,12,351,18,381
3101515,16,386,9,411
3101516,18,332,6,356
3101517,30,573,7,610
3101518,10,297,31,338
3101519,18,416,18,452
3101601,17,703,7,727
3101602,14,613,6,633
3101603,20,678,24,722
3101604,12,316,18,346
3101605,6,275,21,302
3101606,6,326,9,341
3101607,9,441,12,462
3101608,9,265,6,280
3101609,15,427,25,467
3101610,7,402,6,415
3101611,11,366,20,397
3101612,24,375,18,417
3101613,24,569,15,608
3101614,15,232,15,262
3101615,12,306,25,343
3101616,18,350,18,386
3101617,12,501,13,526
3101618,12,299,24,335
3101619,20,487,22,529
3101620,12,292,43,347
3101621,63,239,17,319
3101622,17,377,3,397
3101623,24,475,14,513
3101624,29,605,15,649
3101701,0,21,0,21
3101702,9,459,11,479
3101703,10,520,13,543
3101704,9,376,12,397
3101705,0,189,15,204
3101706,6,257,24,287
3101707,24,446,26,496
3101708,3,265,34,302
3101709,3,289,27,319
3101710,19,494,36,549
3101711,15,331,18,364
3101801,12,377,30,419
3101802,12,510,54,576
3101803,18,366,18,402
3101804,0,361,34,395
3101805,24,350,15,389
3101806,16,453,9,478
3101807,15,370,0,385
3101808,7,410,9,426
3101809,12,362,13,387
3101810,17,306,4,327
3101811,18,573,8,599
3101812,13,389,6,408
3101813,3,202,3,208
3101814,6,286,3,295
3101815,19,405,77,501
3101816,4,289,23,316
3101817,3,234,17,254
3101818,12,458,15,485
3101819,24,623,21,668
3101820,10,335,18,363
3101821,0,0,0,0
3101822,9,232,9,250
3101823,0,0,0,0
3101824,0,3,0,3
3101901,17,1208,53,1278
3101902,21,1320,49,1390
3101903,13,867,32,912
3101904,8,705,19,732
3101905,3,326,3,332
3101906,7,367,14,388
3101907,12,804,26,842
3101908,6,262,9,277
3101909,6,399,9,414
3101910,3,325,6,334
3101911,8,858,31,897
3101912,0,0,0,0
3102001,16,384,9,409
3102002,17,549,33,599
3102003,9,382,15,406
3102004,15,509,24,548
3102005,33,490,58,581
3102006,45,551,44,640
3102007,15,286,3,304
3102008,13,441,19,473
3102009,23,349,18,390
3102010,36,418,63,517
3102011,27,290,45,362
3102012,6,291,15,312
3102013,4,252,19,275
3102014,24,427,36,487
3102015,12,389,9,410
3102016,15,303,18,336
3102017,15,561,27,603
3102018,7,267,32,306
3102019,16,462,19,497
3102020,20,437,18,475
3102021,15,349,18,382
3102022,11,395,11,417
3102023,15,276,25,316
3102024,13,414,8,435
3102025,107,248,10,365
3102026,6,264,0,270
3102027,5,459,32,496
3102028,15,460,30,505
3102029,0,0,0,0
3102030,22,389,4,415
3102101,27,363,6,396
3102102,21,382,17,420
3102103,21,475,11,507
3102104,13,429,15,457
3102105,10,300,6,316
3102106,12,470,51,533
3102107,26,404,9,439
3102108,18,361,9,388
3102109,25,342,20,387
3102110,18,269,30,317
3102111,155,313,15,483
3102112,0,8,0,8
3102113,24,317,43,384
3102114,21,462,6,489
3102115,12,431,18,461
3102116,12,466,18,496
3102117,5,228,3,236
3102118,15,327,21,363
3102119,7,372,14,393
3102120,31,301,35,367
3102121,12,395,31,438
3102122,165,158,14,337
3102123,21,653,33,707
3102124,16,484,31,531
3102125,15,320,15,350
3102126,3,354,15,372
3102127,9,286,12,307
3102128,16,313,8,337
3102129,18,507,3,528
3102130,63,507,18,588
3102131,8,258,12,278
3102132,16,357,15,388
3102133,18,359,20,397
3102134,0,243,8,251
3102135,9,206,18,233
3102136,0,172,9,181
3102137,9,243,25,277
3102201,0,6,0,6
3102202,0,0,0,0
3102203,19,928,34,981
3102204,53,373,28,454
3102205,6,343,24,373
3102206,6,268,28,302
3102207,15,285,21,321
3102208,15,276,27,318
3102209,3,247,15,265
3102210,15,331,21,367
3102211,8,386,41,435
3102212,10,274,3,287
3102213,3,296,10,309
3102214,7,289,19,315
3102215,21,498,13,532
3102216,22,643,29,694
3102217,9,281,4,294
3102218,26,638,21,685
3102219,0,12,0,12
3102301,16,474,38,528
3102302,9,338,9,356
3102303,7,314,9,330
3102304,20,531,3,554
3102305,6,339,3,348
3102306,3,275,3,281
3102307,10,365,6,381
3102308,15,484,6,505
3102309,11,419,19,449
3102310,3,326,6,335
3102311,9,424,7,440
3102312,9,419,0,428
3102313,0,436,28,464
3102314,0,256,11,267
3102315,13,550,5,568
3102316,13,315,0,328
3102317,36,191,9,236
3102318,6,355,8,369
3102319,12,427,29,468
3102401,19,524,16,559
3102402,115,474,14,603
3102403,27,327,15,369
3102404,46,407,19,472
3102405,15,1115,34,1164
3102406,20,328,0,348
3102407,15,327,15,357
3102408,26,598,36,660
3102409,22,397,15,434
3102410,125,162,52,339
3102411,11,476,34,521
3102412,22,396,16,434
3102413,6,311,12,329
3102414,11,436,13,460
3102415,13,338,0,351
3102416,0,0,0,0
3102417,14,354,3,371
3102501,13,400,3,416
3102502,21,555,15,591
3102503,20,670,32,722
3102504,9,263,12,284
3102505,5,424,9,438
3102506,18,274,9,301
3102507,28,386,18,432
3102508,18,436,27,481
3102509,21,409,93,523
3102510,30,537,18,585
3102511,16,348,24,388
3102512,11,449,28,488
3102513,15,312,15,342
3102514,8,373,4,385
3102515,10,345,34,389
3102516,12,252,13,277
3102517,18,280,7,305
3102518,6,370,25,401
3102519,18,527,25,570
3102601,6,183,7,196
3102602,12,487,4,503
3102603,0,273,0,273
3102604,6,357,3,366
3102605,16,401,8,425
3102606,9,304,6,319
3102607,8,707,19,734
3102608,21,394,9,424
3102609,0,314,0,314
3102610,17,361,4,382
3102611,9,364,0,373
3102612,6,379,9,394
3102613,13,430,13,456
3102614,21,400,5,426
3102615,9,325,10,344
3102616,14,471,11,496
3102617,4,291,0,295
3102618,9,365,4,378
3102701,9,467,6,482
3102702,13,382,14,409
3102703,50,524,21,595
3102704,9,242,12,263
3102705,27,471,4,502
3102706,22,379,14,415
3102707,20,407,14,441
3102708,13,310,21,344
3102709,23,447,18,488
3102710,5,326,14,345
3102711,16,370,9,395
3102712,4,233,6,243
3102713,3,333,6,342
3102714,13,432,10,455
3102715,9,285,4,298
3102716,13,308,11,332
3102717,17,447,27,491
3102718,13,517,35,565
3102719,92,440,74,606
3102720,0,0,0,0
3102721,0,290,26,316
3102722,9,303,17,329
3102723,20,312,0,332
3102724,17,412,12,441
3102725,12,250,3,265
3102726,21,368,10,399
3102727,9,242,28,279
3102728,12,271,9,292
3102729,3,380,12,395
3102730,18,339,17,374
3102731,19,441,26,486
3102732,3,224,6,233
3102733,7,267,15,289
3102801,35,617,57,709
3102802,49,231,305,585
3102803,24,491,31,546
3102804,13,206,3,222
3102805,18,587,76,681
3102806,10,304,27,341
3102807,14,298,20,332
3102808,12,309,16,337
3102809,37,395,54,486
3102810,29,286,34,349
3102811,19,363,23,405
3102812,3,6,6,15
3102813,16,452,49,517
3102814,47,414,67,528
3102815,17,300,44,361
3102816,0,411,61,472
3102817,21,475,20,516
3102818,24,409,18,451
3102819,21,253,45,319
3102901,7,217,12,236
3102902,15,460,17,492
3102903,4,330,6,340
3102904,18,370,15,403
3102905,18,407,28,453
3102906,4,210,9,223
3102907,15,431,9,455
3102908,20,424,6,450
3102909,25,465,10,500
3102910,18,333,15,366
3102911,15,359,6,380
3102912,28,487,14,529
3102913,9,322,8,339
3102914,0,17,3,20
3102915,16,331,7,354
3102916,0,0,0,0
3102917,12,552,12,576
3103001,7,511,10,528
3103002,16,504,25,545
3103003,9,198,6,213
3103004,12,398,24,434
3103005,18,390,18,426
3103006,82,323,21,426
3103007,0,11,0,11
3103008,17,375,12,404
3103009,25,538,12,575
3103010,6,362,17,385
3103011,14,313,15,342
3103101,14,504,22,540
3103102,21,480,41,542
3103103,6,339,12,357
3103104,0,0,0,0
3103105,50,379,17,446
3103106,14,285,10,309
3103107,10,296,24,330
3103108,18,528,39,585
3103109,24,283,24,331
3103110,33,555,31,619
3103111,18,556,33,607
3103112,10,517,25,552
3103113,0,210,10,220
3103114,15,363,24,402
3103115,18,510,18,546
3103116,22,509,19,550
3103117,0,320,15,335
3103118,7,352,27,386
3103119,24,290,6,320
3103120,18,367,27,412
3103121,16,281,24,321
3103122,9,407,36,452
3103123,0,321,20,341
3103124,12,252,24,288
3103125,6,288,25,319
3103126,11,351,18,380
3103127,27,468,30,525
3103128,5,307,7,319
3103129,6,335,3,344
3103130,7,309,9,325
3103131,9,356,6,371
3103132,9,238,3,250
3103201,15,389,36,440
3103202,17,281,8,306
3103203,22,435,31,488
3103204,18,335,30,383
3103205,10,369,12,391
3103206,34,177,18,229
3103207,0,0,0,0
3103208,19,238,11,268
3103209,0,288,11,299
3103210,12,362,15,389
3103211,9,263,7,279
3103212,13,479,25,517
3103213,7,258,6,271
3103214,20,440,19,479
3103215,32,362,18,412
3103216,13,280,8,301
3103217,21,219,22,262
3103218,12,301,17,330
3103301,13,417,6,436
3103302,13,403,11,427
3103303,7,390,9,406
3103304,18,498,66,582
3103305,15,305,13,333
3103306,22,303,18,343
3103307,9,332,5,346
3103308,21,345,15,381
3103309,24,461,43,528
3103310,30,510,51,591
3103311,74,312,32,418
3103312,32,462,59,553
3103313,9,308,24,341
3103314,7,305,15,327
3103315,26,453,5,484
3103316,15,269,3,287
3103401,8,259,11,278
3103402,15,371,6,392
3103403,18,460,17,495
3103404,9,317,18,344
3103405,9,401,22,432
3103406,14,571,24,609
3103407,4,270,8,282
3103408,12,288,6,306
3103409,39,351,7,397
3103410,9,405,4,418
3103411,18,562,12,592
3103412,12,257,9,278
3103413,22,526,27,575
3103414,12,315,16,343
3103415,21,536,11,568
3103416,15,389,22,426
3103417,10,288,18,316
3103418,8,308,22,338
3103419,6,330,3,339
3103420,11,279,3,293
3103421,19,312,19,350
3103422,15,410,10,435
3103423,16,584,24,624
3103501,18,312,15,345
3103502,23,379,24,426
3103503,26,398,29,453
3103504,15,386,10,411
3103505,11,483,9,503
3103506,22,577,36,635
3103507,4,382,24,410
3103508,6,371,19,396
3103509,9,403,22,434
3103510,6,149,18,173
3103511,20,397,21,438
3103512,0,327,9,336
3103513,18,442,17,477
3103514,15,305,42,362
3103515,9,287,16,312
3103516,10,273,11,294
3103517,16,368,24,408
3103518,29,475,18,522
3103519,32,545,53,630
3103520,18,475,75,568
3103521,0,0,0,0
3103522,9,197,17,223
3103601,6,47,37,90
3103701,18,229,16,263
3103702,0,3,0,3
3103801,0,240,12,252
3103802,19,488,21,528
3103803,12,491,39,542
3103804,7,419,15,441
3103805,6,464,21,491
3103806,24,382,24,430
3103807,15,352,24,391
3103808,36,535,67,638
3103809,18,302,12,332
3103810,9,291,24,324
3103811,12,239,7,258
3103812,9,401,18,428
3103813,3,27,0,30
3103814,11,464,52,527
3103815,12,202,44,258
3103816,10,456,24,490
3103901,0,0,0,0
3103902,0,0,0,0
3103903,14,209,8,231
3103904,14,297,18,329
3103905,12,352,23,387
3103906,7,392,25,424
3103907,37,687,24,748
3103908,6,394,14,414
3103909,0,28,0,28
3103910,0,0,0,0
3103911,3,249,16,268
3103912,8,211,9,228
3103913,6,241,15,262
3103914,146,690,26,862
3103915,9,349,10,368
3103916,30,498,19,547
3103917,31,428,34,493
3103918,19,446,21,486
3103919,20,441,14,475
3103920,20,460,32,512
3103921,20,539,20,579
3103922,20,556,31,607
3103923,3,440,31,474
3104001,9,371,15,395
3104002,9,257,3,269
3104003,15,529,20,564
3104004,22,558,34,614
3104005,33,607,53,693
3104006,21,592,31,644
3104007,12,358,19,389
3104008,12,444,31,487
3104009,11,446,11,468
3104010,9,421,17,447
3104011,10,422,23,455
3104012,9,316,6,331
3104013,7,323,24,354
3104014,18,415,29,462
3104015,25,636,48,709
3104016,0,0,0,0
3104017,19,415,25,459
3104018,9,215,6,230
3104019,16,441,29,486
3104020,19,464,9,492
3104021,15,325,18,358
3104022,8,304,24,336
3104023,82,616,46,744
3104101,24,340,23,387
3104102,15,528,20,563
3104103,4,400,12,416
3104104,12,307,7,326
3104105,18,306,0,324
3104106,12,265,18,295
3104107,0,268,21,289
3104108,8,491,22,521
3104109,40,336,33,409
3104110,21,257,60,338
3104111,10,511,5,526
3104112,11,460,52,523
3104113,6,328,41,375
3104114,3,294,12,309
3104115,7,384,19,410
3104116,42,979,58,1079
3104117,10,560,17,587
3104118,18,393,12,423
3104119,15,407,15,437
3104120,6,230,16,252
3104121,7,671,50,728
3104122,0,290,3,293
3104123,9,419,9,437
3104124,0,207,15,222
3104125,16,411,16,443
3104126,27,837,34,898
3104127,29,399,13,441
3104128,15,477,42,534
3104129,14,335,9,358
3104130,15,506,26,547
3104131,26,545,30,601
3104132,0,265,18,283
3104133,17,537,17,571
3104134,6,323,12,341
3104135,18,835,30,883
3104136,30,370,18,418
3104201,13,373,3,389
3104202,10,374,7,391
3104203,196,477,35,708
3104204,18,285,24,327
3104205,17,336,28,381
3104206,12,249,10,271
3104207,11,322,21,354
3104208,21,385,11,417
3104209,12,341,8,361
3104210,3,329,12,344
3104211,31,507,3,541
3104212,12,405,13,430
3104213,6,433,23,462
3104214,22,428,7,457
3104215,19,381,12,412
3104216,21,402,21,444
3104217,23,517,20,560
3104218,0,283,10,293
3104219,21,339,15,375
3104220,27,488,17,532
3104221,25,291,12,328
3104222,0,0,0,0
3104223,12,215,5,232
3104301,20,173,15,208
3104302,88,448,28,564
3104303,24,494,33,551
3104304,14,365,17,396
3104305,24,360,12,396
3104306,27,586,44,657
3104307,18,201,6,225
3104308,17,397,15,429
3104309,6,28,0,34
3104401,12,254,7,273
3104402,30,253,0,283
3104403,15,311,12,338
3104404,10,342,15,367
3104405,16,241,3,260
3104406,23,281,21,325
3104407,17,590,15,622
3104408,23,376,23,422
3104409,20,330,19,369
3104410,12,461,18,491
3104411,21,390,9,420
3104412,9,419,7,435
3104413,0,98,5,103
3104414,357,32,46,435
3104415,7,319,12,338
3104416,21,199,15,235
3104417,12,244,16,272
3104418,0,0,0,0
3104419,15,493,31,539
3104501,16,309,15,340
3104502,49,562,30,641
3104503,38,558,22,618
3104504,43,465,19,527
3104505,7,495,46,548
3104506,12,471,6,489
3104507,9,570,10,589
3104508,30,501,20,551
3104509,10,446,15,471
3104510,15,345,15,375
3104511,24,563,12,599
3104512,13,291,13,317
3104513,51,429,21,501
3104514,17,372,9,398
3104515,23,486,13,522
3104516,24,378,10,412
3104517,14,469,31,514
3104518,195,293,12,500
3104601,15,272,16,303
3104602,6,270,12,288
3104603,15,321,28,364
3104604,15,241,22,278
3104605,26,445,35,506
3104606,15,320,54,389
3104607,19,297,66,382
3104608,30,348,84,462
3104609,31,403,58,492
3104610,24,320,82,426
3104611,71,364,45,480
3104612,11,252,15,278
3104613,9,354,15,378
3104614,14,277,54,345
3104615,6,259,30,295
3104616,22,437,7,466
3104617,12,288,11,311
3104618,20,412,12,444
3104619,17,424,18,459
3104620,15,350,24,389
3104621,0,9,0,9
3104622,26,337,7,370
3104701,12,484,9,505
3104702,5,480,3,488
3104703,9,357,12,378
3104704,3,342,15,360
3104705,21,437,28,486
3104706,0,0,0,0
3104707,9,301,18,328
3104708,6,318,18,342
3104709,18,601,18,637
3104710,6,352,23,381
3104711,7,419,27,453
3104712,12,453,22,487
3104713,20,502,18,540
3104714,15,477,23,515
3104715,15,385,27,427
3104716,9,263,7,279
3104717,18,390,11,419
3104718,9,199,9,217
3104719,28,538,7,573
3104720,19,518,15,552
3104721,12,396,15,423
3104722,21,414,6,441
3104723,14,460,21,495
3104724,15,520,7,542
3104725,7,256,4,267
3104801,0,0,0,0
3104802,6,227,9,242
3104803,23,396,23,442
3104804,18,339,4,361
3104805,9,281,5,295
3104806,3,266,19,288
3104807,14,483,14,511
3104808,14,331,12,357
3104809,8,490,25,523
3104810,12,386,16,414
3104811,23,402,16,441
3104812,16,392,24,432
3104813,19,140,9,168
3104814,0,24,9,33
3104901,7,471,16,494
3104902,0,3,3,6
3104903,18,422,5,445
3104904,6,382,15,403
3104905,4,320,4,328
3104906,8,392,20,420
3104907,10,427,9,446
3104908,12,294,30,336
3104909,9,304,24,337
3104910,24,586,22,632
3104911,10,270,14,294
3104912,5,292,21,318
3104913,9,445,25,479
3104914,143,401,27,571
3104915,15,285,15,315
3104916,16,324,17,357
3104917,17,369,25,411
3104918,23,510,19,552
3104919,19,394,29,442
3104920,21,458,14,493
3104921,21,297,0,318
3104922,22,499,97,618
3104923,25,504,39,568
3104924,12,662,35,709
3105001,15,436,21,472
3105002,15,371,30,416
3105003,10,467,13,490
3105004,22,384,11,417
3105005,15,299,18,332
3105006,15,319,3,337
3105007,18,370,12,400
3105008,34,418,18,470
3105009,14,344,6,364
3105010,6,461,22,489
3105011,26,296,6,328
3105012,28,412,9,449
3105013,6,133,9,148
3105014,18,455,12,485
3105015,142,356,19,517
3105016,0,0,0,0
3105101,3,321,0,324
3105102,22,465,31,518
3105103,23,475,18,516
3105104,24,378,9,411
3105105,12,328,7,347
3105106,73,490,10,573
3105107,7,322,11,340
3105108,3,288,8,299
3105109,0,194,4,198
3105110,14,550,18,582
3105111,9,254,0,263
3105112,3,285,16,304
3105113,12,564,12,588
3105114,3,275,0,278
3105115,0,213,0,213
3105116,7,237,9,253
3105117,16,336,3,355
3105118,36,422,24,482
3105119,19,439,15,473
3105120,15,354,6,375
3105121,19,564,21,604
3105122,9,309,0,318
3105123,6,195,3,204
3105124,9,326,16,351
3105125,12,540,15,567
3105126,17,401,11,429
3105127,6,472,3,481
3105128,13,505,9,527
3105129,0,4,0,4
3105130,9,245,0,254
3105131,11,312,3,326
3105132,30,481,22,533
3105133,0,0,0,0
3105134,6,289,3,298
3105135,6,399,12,417
3105136,0,253,3,256
3105137,15,472,6,493
3105138,0,437,29,466
3105139,14,427,24,465
3105140,6,327,17,350
3105141,12,468,33,513
3105201,21,376,73,470
3105202,14,449,40,503
3105203,6,289,25,320
3105204,13,470,30,513
3105205,10,486,54,550
3105206,20,377,41,438
3105207,7,291,7,305
3105208,15,327,26,368
3105209,12,392,18,422
3105210,12,298,0,310
3105211,12,357,8,377
3105212,18,341,22,381
3105213,15,401,37,453
3105214,12,256,19,287
3105215,3,224,10,237
3105216,4,290,41,335
3105217,67,317,26,410
3105218,15,300,30,345
3105219,22,638,45,705
3105220,21,675,61,757
3105221,18,638,35,691
3105222,12,352,12,376
3105223,4,313,12,329
3105224,18,390,18,426
3105225,24,345,6,375
3105301,3,379,15,397
3105302,11,489,16,516
3105303,15,427,36,478
3105304,0,0,0,0
3105305,3,319,9,331
3105306,10,580,45,635
3105307,8,362,34,404
3105308,14,538,51,603
3105309,6,304,50,360
3105310,17,363,25,405
3105311,9,290,18,317
3105312,12,428,26,466
3105313,12,284,13,309
3105314,11,327,12,350
3105315,9,303,33,345
3105316,66,484,32,582
3105317,3,244,34,281
3105318,9,286,33,328
3105319,7,345,24,376
3105320,3,426,21,450
3105321,15,341,27,383
3105322,14,286,14,314
3105323,12,339,18,369
3105324,15,353,20,388
3105325,5,320,7,332
3105326,15,570,29,614
3105327,12,287,10,309
3105328,8,374,10,392
3105329,9,450,9,468
3105330,17,368,15,400
3105331,12,399,9,420
3105332,27,374,27,428
3105333,6,397,6,409
3105334,9,401,0,410
3105335,9,280,15,304
3105336,16,648,12,676
3105337,12,347,26,385
3105401,9,152,7,168
3105402,4,285,26,315
3105403,12,463,22,497
3105404,15,550,13,578
3105405,8,273,19,300
3105406,27,418,29,474
3105407,7,370,12,389
3105408,25,395,21,441
3105409,41,273,18,332
3105410,12,499,27,538
3105501,18,333,24,375
3105502,7,353,34,394
3105503,15,221,29,265
3105504,19,361,24,404
3105505,36,487,26,549
3105506,9,393,29,431
3105507,4,300,16,320
3105508,4,474,29,507
3105509,6,257,12,275
3105510,52,257,16,325
3105511,14,284,29,327
3105512,0,347,31,378
3105513,10,188,24,222
3105514,32,167,15,214
3105515,6,304,12,322
3105516,3,261,4,268
3105517,25,422,45,492
3105518,22,490,50,562
3105519,4,367,30,401
3105520,0,200,12,212
3105521,11,278,23,312
3105522,10,523,31,564
3105523,3,416,17,436
3105601,29,421,23,473
3105602,6,200,18,224
3105603,14,403,22,439
3105604,12,215,12,239
3105605,15,232,18,265
3105606,6,199,9,214
3105607,0,387,18,405
3105608,22,468,21,511
3105609,7,282,7,296
3105610,6,343,21,370
3105611,12,235,15,262
3105612,10,377,22,409
3105613,18,461,9,488
3105614,17,511,14,542
3105615,6,383,15,404
3105616,10,361,15,386
3105617,38,353,17,408
3105618,101,327,0,428
3105619,9,306,0,315
3105620,9,309,11,329
3105621,19,400,21,440
3105701,9,337,15,361
3105702,6,251,13,270
3105703,7,234,7,248
3105704,9,403,36,448
3105705,20,560,36,616
3105706,12,459,22,493
3105707,15,250,13,278
3105708,12,214,8,234
3105709,7,433,13,453
3105710,16,321,21,358
3105711,3,256,6,265
3105712,12,396,21,429
3105713,7,327,15,349
3105714,18,521,39,578
3105715,5,210,9,224
3105716,17,309,32,358
3105801,14,141,33,188
3105802,32,21,7,60
3105803,0,13,0,13
3105804,18,274,46,338
3105805,8,340,21,369
3105806,8,439,52,499
3105807,10,384,75,469
3105808,6,371,58,435
3105809,11,369,28,408
3105810,12,434,48,494
3105811,14,222,9,245
3105812,12,379,23,414
3105813,42,739,81,862
3105901,6,268,15,289
3105902,6,276,18,300
3105903,0,0,0,0
3105904,0,283,26,309
3105905,24,465,52,541
3105906,11,371,9,391
3105907,7,213,10,230
3105908,14,349,33,396
3105909,12,308,21,341
3105910,0,0,0,0
3105911,7,335,15,357
3105912,10,210,9,229
3105913,11,397,7,415
3105914,15,404,26,445
3105915,15,234,27,276
3105916,4,343,26,373
3105917,15,310,21,346
3105918,6,423,23,452
3105919,12,421,16,449
3105920,9,276,4,289
3105921,3,254,0,257
3105922,27,483,10,520
3105923,6,304,9,319
3105924,17,778,63,858
3106001,6,324,7,337
3106002,9,519,12,540
3106003,7,352,4,363
3106004,4,513,27,544
3106005,6,332,12,350
3106006,15,675,13,703
3106007,16,697,21,734
3106008,3,312,13,328
3106009,9,461,17,487
3106010,12,362,3,377
3106011,14,461,7,482
3106012,23,600,23,646
3106013,3,384,13,400
3106014,10,498,6,514
3106015,3,272,15,290
3106016,10,260,4,274
3106017,6,442,15,463
3106018,12,590,29,631
3106019,14,687,105,806
3106020,12,333,15,360
3106021,40,391,120,551
3106022,9,256,21,286
3106023,4,470,7,481
3106024,6,340,8,354
3106025,12,234,6,252
3106026,4,535,12,551
3106027,0,220,14,234
3106028,5,499,6,510
3106029,13,309,35,357
3106030,14,305,38,357
3106031,18,466,10,494
3106032,0,0,0,0
3106101,18,589,52,659
3106102,13,432,37,482
3106103,6,243,19,268
3106104,22,489,27,538
3106105,23,508,18,549
3106106,13,336,12,361
3106107,20,411,23,454
3106108,17,378,6,401
3106109,31,477,5,513
3106110,0,208,15,223
3106111,26,499,5,530
3106112,21,573,12,606
3106201,3,21,3,27
3106202,22,300,3,325
3106203,23,440,10,473
3106204,9,334,18,361
3106205,15,357,18,390
3106206,10,425,14,449
3106207,30,588,39,657
3106208,15,451,3,469
3106209,4,250,9,263
3106210,6,400,9,415
3106211,18,411,10,439
3106212,7,334,7,348
3106213,8,365,9,382
3106214,17,258,0,275
3106215,16,359,17,392
3106216,16,329,12,357
3106217,12,433,3,448
3106218,20,463,6,489
3106219,32,615,16,663
3106220,28,626,19,673
3106221,0,0,0,0
3106222,7,190,0,197
3106301,15,310,0,325
3106302,6,553,24,583
3106303,10,295,6,311
3106304,6,308,20,334
3106305,13,508,29,550
3106306,10,512,23,545
3106307,21,454,7,482
3106308,57,535,14,606
3106309,0,0,0,0
3106310,146,433,22,601
3106311,32,378,4,414
3106312,18,353,9,380
3106313,16,357,13,386
3106314,26,511,14,551
3106315,18,415,0,433
3106316,15,400,16,431
3106317,8,346,0,354
3106318,33,427,21,481
3106319,18,392,12,422
3106320,23,321,47,391
3106321,15,524,21,560
3106322,11,493,31,535
3106323,21,509,18,548
3106324,8,294,0,302
3106325,15,397,16,428
3106326,15,398,6,419
3106327,12,615,27,654
3106328,15,297,0,312
3106329,9,474,11,494
3106330,32,646,10,688
3106331,0,248,6,254
3106332,8,322,25,355
3106401,18,453,4,475
3106402,4,387,35,426
3106403,12,207,16,235
3106404,3,315,6,324
3106405,27,627,12,666
3106406,3,353,5,361
3106407,3,458,28,489
3106408,16,204,30,250
3106409,12,201,25,238
3106410,4,220,30,254
3106411,9,301,37,347
3106501,18,219,61,298
3106502,4,427,23,454
3106503,15,421,58,494
3106504,158,397,22,577
3106505,24,343,21,388
3106506,9,312,12,333
3106507,4,320,91,415
3106508,22,494,27,543
3106509,24,339,75,438
3106510,62,427,83,572
3106511,0,6,3,9
3106512,78,304,49,431
3106513,11,391,79,481
3106514,15,435,12,462
3106515,15,422,96,533
3106516,20,457,36,513
3106517,26,593,42,661
3106518,9,348,46,403
3106519,10,329,34,373
3106520,27,431,17,475
3106601,11,570,17,598
3106602,7,357,6,370
3106603,9,282,12,303
3106604,3,340,12,355
3106605,19,393,3,415
3106606,4,250,4,258
3106607,25,492,3,520
3106608,22,521,17,560
3106609,17,300,10,327
3106610,8,395,10,413
3106611,3,551,9,563
3106612,4,477,6,487
3106613,126,342,6,474
3106614,16,437,12,465
3106615,7,455,6,468
3106616,30,531,0,561
3106617,14,613,10,637
3106618,15,423,10,448
3106619,6,329,6,341
3106620,0,230,0,230
3106621,7,367,21,395
3106622,3,252,4,259
3106623,0,206,3,209
3106624,0,355,7,362
3106625,12,407,15,434
3106701,3,296,39,338
3106702,15,257,24,296
3106703,20,445,12,477
3106704,15,409,30,454
3106705,7,300,4,311
3106706,28,314,22,364
3106707,6,277,13,296
3106708,12,342,9,363
3106709,44,350,19,413
3106710,36,377,9,422
3106711,7,0,0,7
3106712,12,191,34,237
3106713,15,298,21,334
3106714,30,189,19,238
3106801,15,439,54,508
3106802,9,419,18,446
3106803,9,590,37,636
3106804,16,427,31,474
3106805,13,447,39,499
3106806,0,9,3,12
3106807,28,496,55,579
3106808,19,541,56,616
3106809,18,347,30,395
3106810,11,394,17,422
3106811,24,487,66,577
3106812,17,515,53,585
3106813,19,298,6,323
3106814,27,527,7,561
3106815,6,248,12,266
3106816,13,421,10,444
3106817,9,328,4,341
3106818,26,439,44,509
3106819,28,491,35,554
3106820,12,174,10,196
3106821,15,457,65,537
3106822,21,465,9,495
3106901,18,514,19,551
3106902,3,192,44,239
3106903,6,405,93,504
3106904,0,300,42,342
3106905,25,300,45,370
3106906,10,359,32,401
3106907,25,290,6,321
3106908,6,204,6,216
3106909,21,373,31,425
3106910,12,289,13,314
3106911,15,311,31,357
3106912,10,359,49,418
3106913,27,362,36,425
3107001,13,291,27,331
3107002,6,289,19,314
3107003,8,226,21,255
3107004,18,218,21,257
3107005,12,319,27,358
3107006,0,0,0,0
3107007,17,440,57,514
3107008,0,513,13,526
3107009,11,476,68,555
3107010,9,428,35,472
3107011,129,197,26,352
3107012,24,441,48,513
3107013,21,419,25,465
3107014,15,299,12,326
3107015,15,180,3,198
3107016,37,440,31,508
3107017,12,388,7,407
3107018,14,408,0,422
3107019,15,348,7,370
3107101,15,379,14,408
3107102,9,432,7,448
3107103,18,488,24,530
3107104,0,194,10,204
3107105,12,504,18,534
3107106,9,278,9,296
3107107,13,600,25,638
3107108,0,254,4,258
3107109,21,587,29,637
3107110,15,384,3,402
3107111,6,553,18,577
3107112,12,249,3,264
3107113,21,532,24,577
3107114,18,401,4,423
3107115,16,388,34,438
3107116,15,349,10,374
3107117,22,626,25,673
3107118,6,330,12,348
3107119,26,473,17,516
3107120,18,365,6,389
3107121,15,435,9,459
3107122,15,535,25,575
3107201,16,456,43,515
3107202,18,452,6,476
3107203,153,579,60,792
3107204,24,789,105,918
3107205,10,521,16,547
3107206,6,248,3,257
3107207,6,361,33,400
3107208,6,305,6,317
3107209,18,353,35,406
3107210,27,410,29,466
3107211,15,421,12,448
3107212,27,395,38,460
3107213,15,510,57,582
3107214,15,629,24,668
3107215,10,497,40,547
3107216,7,354,93,454
3107301,4,25,3,32
3107302,21,362,15,398
3107303,10,343,16,369
3107304,7,253,4,264
3107305,9,431,13,453
3107306,12,1010,131,1153
3107307,15,503,6,524
3107308,6,259,3,268
3107309,17,311,6,334
3107310,12,412,7,431
3107311,13,488,27,528
3107312,9,275,35,319
3107313,3,372,26,401
3107314,0,0,0,0
3107315,18,490,38,546
3107316,8,456,18,482
3107317,3,182,12,197
3107318,10,367,0,377
3107319,19,403,0,422
3107320,0,430,3,433
3107321,18,452,15,485
3107322,9,513,12,534
3107323,12,475,18,505
3107324,8,542,6,556
3107325,18,677,37,732
3107326,20,374,3,397
3107327,7,420,9,436
3107328,18,468,20,506
3107329,9,569,0,578
3107330,12,669,21,702
3107331,20,736,14,770
3107332,5,456,11,472
3107333,12,594,10,616
3107334,18,767,93,878
3107335,80,648,58,786
3107336,15,956,62,1033
3107337,14,473,50,537
3107401,0,0,0,0
3107402,15,440,22,477
3107403,12,669,12,693
3107404,5,193,4,202
3107405,9,166,17,192
3107406,36,1704,80,1820
3107407,23,372,14,409
3107408,0,3,0,3
3107501,9,488,25,522
3107502,21,685,6,712
3107503,15,579,9,603
3107504,6,393,6,405
3107505,11,618,10,639
3107506,12,671,50,733
3107507,6,611,36,653
3107508,70,352,15,437
3107509,4,388,6,398
3107510,19,520,21,560
3107511,19,530,7,556
3107512,0,239,19,258
3107513,3,343,12,358
3107514,0,0,0,0
3107515,4,538,37,579
3107516,9,376,3,388
3107517,10,356,14,380
3107518,15,320,6,341
3107519,11,454,7,472
3107520,12,285,23,320
3107521,9,248,12,269
3107522,19,761,27,807
3107523,12,497,12,521
3107524,0,520,25,545
3107525,8,505,9,522
3107526,11,471,10,492
3107527,6,393,15,414
3107528,86,231,35,352
3107529,12,364,25,401
3107530,6,288,9,303
3107531,16,310,3,329
3107532,12,123,9,144
3107601,11,237,9,257
3107602,0,6,0,6
3107603,9,169,21,199
3107604,36,256,21,313
3107605,0,0,0,0
3107606,27,210,17,254
3107607,33,468,37,538
3107608,16,438,70,524
3107609,11,251,15,277
3107610,21,349,34,404
3107611,30,294,21,345
3107612,22,213,33,268
3107613,15,305,18,338
3107614,21,370,16,407
3107615,12,259,19,290
3107616,16,211,23,250
3107617,18,333,30,381
3107618,18,515,48,581
3107619,15,294,21,330
3107620,15,302,13,330
3107621,56,125,23,204
3107622,13,287,22,322
3107623,33,287,40,360
3107624,9,185,41,235
3107625,0,3,0,3
3107626,14,262,37,313
3107627,63,139,27,229
3107628,3,303,13,319
3107629,22,384,13,419
3107630,0,4,0,4
3107631,0,10,0,10
3107632,0,12,0,12
3107701,18,573,8,599
3107702,15,514,3,532
3107703,9,448,18,475
3107704,16,479,19,514
3107705,11,561,43,615
3107706,9,233,57,299
3107707,9,740,39,788
3107708,10,579,37,626
3107709,0,236,52,288
3107710,15,685,18,718
3107711,6,157,30,193
3107712,9,272,31,312
3107713,3,194,18,215
3107714,18,324,18,360
3107715,3,227,0,230
3107716,120,396,13,529
3107717,12,457,16,485
3107801,6,277,20,303
3107802,15,502,13,530
3107803,17,480,40,537
3107804,10,524,33,567
3107805,12,301,15,328
3107806,13,505,25,543
3107807,6,267,4,277
3107808,6,413,14,433
3107809,6,228,5,239
3107810,29,592,28,649
3107811,8,341,10,359
3107812,15,468,25,508
3107813,6,304,0,310
3107814,12,589,43,644
3107815,19,428,15,462
3107816,3,366,18,387
3107817,8,390,26,424
3107818,3,266,9,278
3107819,9,305,12,326
3107820,10,315,16,341
3107821,10,364,9,383
3107822,9,434,23,466
3107823,3,339,21,363
3107824,24,426,10,460
3107825,23,352,7,382
3107826,12,437,18,467
3107827,7,456,18,481
3107828,6,394,22,422
3107829,21,409,12,442
3107830,6,242,9,257
3107831,0,288,7,295
3107832,12,458,27,497
3107901,15,341,22,378
3107902,15,372,29,416
3107903,44,498,42,584
3107904,12,282,13,307
3107905,16,446,61,523
3107906,3,192,9,204
3107907,12,318,4,334
3107908,21,346,24,391
3107909,22,464,10,496
3107910,23,395,20,438
3107911,24,367,18,409
3107912,18,326,21,365
3107913,13,389,15,417
3107914,6,257,12,275
3107915,19,573,22,614
3107916,5,332,25,362
3107917,5,207,6,218
3107918,28,502,48,578
3107919,18,415,8,441
3107920,6,346,6,358
3108001,6,272,13,291
3108002,0,166,0,166
3108003,0,250,12,262
3108004,12,477,18,507
3108005,18,487,6,511
3108006,23,519,11,553
3108007,28,554,22,604
3108008,18,487,6,511
3108009,24,433,36,493
3108010,30,503,14,547
3108011,18,540,18,576
3108012,3,239,13,255
3108013,8,583,41,632
3108014,19,401,0,420
3108015,88,304,15,407
3108016,24,438,20,482
3108017,9,483,33,525
3108018,18,450,15,483
3108019,9,380,24,413
3108020,3,278,19,300
3108021,3,231,10,244
3108022,15,471,19,505
3108023,147,382,41,570
3108024,30,369,23,422
3108025,19,496,12,527
3108026,6,313,12,331
3108027,19,367,28,414
3108028,17,441,21,479
3108029,20,459,32,511
3108030,12,366,14,392
3108031,9,502,24,535
3108032,16,210,14,240
3108033,9,365,6,380
3108034,7,232,27,266
3108035,15,399,16,430
3108036,12,418,13,443
3108037,13,227,4,244
3108038,27,392,15,434
3108039,12,516,24,552
3108101,13,417,0,430
3108102,17,363,6,386
3108103,0,314,3,317
3108104,18,508,13,539
3108105,99,462,15,576
3108106,8,454,9,471
3108107,8,375,11,394
3108108,3,375,15,393
3108109,21,357,3,381
3108110,0,0,0,0
3108111,0,0,0,0
3108112,15,466,17,498
3108113,26,346,12,384
3108114,12,231,7,250
3108115,9,449,37,495
3108116,0,233,9,242
3108117,5,370,0,375
3108118,6,330,3,339
3108119,11,375,9,395
3108120,10,378,11,399
3108201,0,194,16,210
3108202,4,232,9,245
3108203,12,230,5,247
3108204,10,372,14,396
3108205,6,210,6,222
3108206,0,266,0,266
3108207,13,513,5,531
3108208,12,339,9,360
3108209,7,368,15,390
3108210,6,435,23,464
3108211,12,456,18,486
3108212,12,377,13,402
3108213,11,527,23,561
3108214,5,316,15,336
3108215,9,254,12,275
3108216,9,301,9,319
3108217,4,329,10,343
3108218,12,218,12,242
3108219,12,384,33,429
3108220,18,315,24,357
3108301,0,6,0,6
3108302,15,538,17,570
3108303,3,315,3,321
3108304,15,434,14,463
3108305,3,296,5,304
3108306,6,289,12,307
3108307,3,217,0,220
3108308,9,304,8,321
3108309,12,362,18,392
3108310,21,345,9,375
3108311,0,505,35,540
3108401,12,579,15,606
3108402,3,283,6,292
3108403,12,480,3,495
3108404,9,649,3,661
3108405,0,0,0,0
3108406,0,0,0,0
3108407,9,246,3,258
3108408,18,506,9,533
3108409,326,187,29,542
3108410,3,229,23,255
3108411,20,508,9,537
3108412,4,490,9,503
3108413,4,543,14,561
3108414,4,284,3,291
3108415,9,254,0,263
3108416,11,332,8,351
3108417,15,443,15,473
3108418,9,414,3,426
3108419,3,159,15,177
3108420,0,6,0,6
3108421,12,406,9,427
3108422,8,460,12,480
3108423,6,400,16,422
3108424,8,451,3,462
3108425,6,472,13,491
3108501,6,459,25,490
3108502,15,277,6,298
3108503,10,334,19,363
3108504,0,360,17,377
3108505,9,358,9,376
3108506,12,381,22,415
3108507,15,496,8,519
3108508,0,297,6,303
3108509,12,457,3,472
3108510,6,316,9,331
3108511,9,417,10,436
3108601,15,414,9,438
3108602,16,768,15,799
3108603,0,271,12,283
3108604,6,395,15,416
3108605,10,537,6,553
3108606,18,576,15,609
3108607,6,672,29,707
3108608,9,676,15,700
3108609,12,412,6,430
3108610,10,248,8,266
3108611,9,277,10,296
3108612,9,448,13,470
3108613,9,463,21,493
3108614,18,515,36,569
3108615,6,417,0,423
3108616,24,844,26,894
3108617,24,631,29,684
3108701,6,37,0,43
3108702,3,370,0,373
3108703,6,361,9,376
3108704,16,330,16,362
3108705,20,570,27,617
3108706,63,206,75,344
3108707,3,234,3,240
3108708,12,306,10,328
3108709,3,207,3,213
3108710,3,365,20,388
3108711,12,429,15,456
3108712,10,183,4,197
3108713,18,335,6,359
3108714,3,300,6,309
3108715,8,297,6,311
3108716,9,560,19,588
3108717,4,389,4,397
3108718,3,259,12,274
3108719,19,206,129,354
3108720,13,388,7,408
3108801,15,381,9,405
3108802,0,238,4,242
3108803,6,348,10,364
3108804,3,413,7,423
3108805,14,507,6,527
3108806,0,385,12,397
3108807,0,259,8,267
3108808,15,408,12,435
3108809,9,528,5,542
3108810,18,437,18,473
3108811,6,533,9,548
3108812,8,570,36,614
3108813,4,341,8,353
3108814,38,379,94,511
3108815,11,592,7,610
3108816,12,235,9,256
3108817,4,524,6,534
3108818,3,267,0,270
3108819,11,478,6,495
3108820,9,504,6,519
3108821,3,268,6,277
3108822,6,303,11,320
3108823,18,481,24,523
3108824,6,242,6,254
3108901,12,502,17,531
3108902,39,766,29,834
3108903,9,254,15,278
3108904,15,580,9,604
3108905,6,325,16,347
3108906,16,446,7,469
3108907,19,355,9,383
3108908,3,190,18,211
3109001,16,517,0,533
3109002,9,397,9,415
3109003,3,189,6,198
3109004,13,236,4,253
3109005,14,567,26,607
3109006,0,349,20,369
3109007,25,489,27,541
3109008,9,349,10,368
3109009,18,407,7,432
3109010,13,573,38,624
3109011,8,551,46,605
3109012,18,383,15,416
3109013,3,214,14,231
3109014,6,246,24,276
3109015,0,207,9,216
3109016,3,407,12,422
3109017,6,596,14,616
3109018,18,669,21,708
3109019,17,612,9,638
3109101,113,169,22,304
3109102,0,172,6,178
3109103,9,394,4,407
3109104,15,333,12,360
3109105,15,551,15,581
3109106,10,662,9,681
3109107,9,485,9,503
3109108,9,571,19,599
3109109,9,364,5,378
3109110,0,476,12,488
3109111,17,536,6,559
3109112,7,316,0,323
3109201,3,207,6,216
3109202,18,482,9,509
3109203,7,257,6,270
3109204,9,257,23,289
3109205,6,433,21,460
3109206,10,280,6,296
3109207,14,301,10,325
3109208,10,500,9,519
3109209,62,524,19,605
3109210,10,324,8,342
3109211,6,549,26,581
3109212,9,167,0,176
3109213,4,448,11,463
3109214,11,510,13,534
3109215,7,371,19,397
3109216,16,516,49,581
3109301,40,461,21,522
3109302,4,284,14,302
3109303,23,434,14,471
3109304,0,0,0,0
3109305,9,346,87,442
3109306,17,449,11,477
3109307,9,374,21,404
3109308,23,313,126,462
3109309,15,443,18,476
3109310,4,240,15,259
3109311,28,392,18,438
3109312,19,430,3,452
3109401,5,490,60,555
3109402,10,402,10,422
3109403,6,260,3,269
3109404,15,570,15,600
3109405,0,0,0,0
3109406,6,279,3,288
3109407,7,414,21,442
3109408,7,440,20,467
3109409,6,364,23,393
3109410,9,282,17,308
3109411,9,416,67,492
3109412,12,400,13,425
3109413,9,350,27,386
3109414,0,276,45,321
3109415,18,543,86,647
3109416,0,261,28,289
3109417,10,444,110,564
3109418,15,257,21,293
3109419,3,266,12,281
3109420,16,398,12,426
3109421,15,286,6,307
3109422,6,140,3,149
3109423,3,313,7,323
3109424,9,298,0,307
3109425,16,590,53,659
3109426,3,211,18,232
3109427,9,312,17,338
3109428,68,374,18,460
3109429,12,324,6,342
3109430,12,282,7,301
3109431,3,396,3,402
3109501,20,504,25,549
3109502,9,328,11,348
3109503,9,448,27,484
3109504,8,404,42,454
3109505,6,233,31,270
3109506,18,236,34,288
3109507,3,347,16,366
3109508,3,226,4,233
3109509,27,431,32,490
3109510,12,401,21,434
3109511,16,296,6,318
3109512,7,401,32,440
3109513,9,234,0,243
3109514,10,306,17,333
3109601,9,546,35,590
3109602,3,337,43,383
3109603,10,498,9,517
3109604,6,286,39,331
3109605,6,427,38,471
3109606,0,468,32,500
3109607,6,302,12,320
3109608,3,461,29,493
3109609,6,495,22,523
3109610,0,427,49,476
3109611,6,304,60,370
3109612,4,333,15,352
3109613,9,319,27,355
3109614,18,351,38,407
3109615,6,1952,91,2049
3109616,12,404,25,441
3109617,3,235,3,241
3109618,12,472,35,519
3109619,6,285,20,311
3109620,0,359,21,380
3109621,6,377,21,404
3109622,3,303,18,324
3109623,12,410,27,449
3109701,9,373,12,394
3109702,0,213,12,225
3109703,9,274,15,298
3109704,19,562,50,631
3109705,0,251,24,275
3109706,0,439,20,459
3109707,10,260,13,283
3109708,0,364,25,389
3109709,5,483,19,507
3109710,8,447,17,472
3109711,0,263,39,302
3109712,9,388,24,421
3109713,3,282,12,297
3109714,6,377,12,395
3109715,6,263,5,274
3109716,3,316,15,334
3109717,21,420,14,455
3109718,15,290,21,326
3109719,9,289,18,316
3109720,12,512,6,530
3109721,22,302,27,351
3109801,15,294,9,318
3109802,18,384,8,410
3109803,18,575,18,611
3109804,0,729,48,777
3109805,9,432,13,454
3109806,24,716,16,756
3109807,0,213,11,224
3109808,11,493,12,516
3109809,29,441,21,491
3109810,8,265,7,280
3109811,9,292,14,315
3109812,5,542,29,576
3109813,8,214,0,222
3109814,27,488,22,537
3109815,15,372,19,406
3109816,35,456,15,506
3109817,9,261,12,282
3109901,3,21,3,27
3110001,12,413,9,434
3110002,0,481,10,491
3110003,31,538,42,611
3110004,25,350,29,404
3110005,15,242,33,290
3110006,9,216,11,236
3110007,3,3,0,6
3110008,96,235,8,339
3110009,19,334,21,374
3110010,26,446,0,472
3110011,16,497,28,541
3110012,20,419,9,448
3110013,21,366,32,419
3110014,15,270,3,288
3110015,14,376,5,395
3110016,12,317,6,335
3110017,138,199,15,352
3110018,7,226,9,242
3110019,3,305,9,317
3110101,16,391,35,442
3110102,15,394,14,423
3110103,21,349,9,379
3110104,14,337,0,351
3110105,15,287,9,311
3110106,12,360,3,375
3110107,17,463,27,507
3110108,0,59,3,62
3110109,9,419,3,431
3110110,13,357,8,378
3110111,3,287,15,305
3110112,16,422,8,446
3110113,9,231,10,250
3110114,24,367,18,409
3110115,16,481,12,509
3110116,0,409,21,430
3110117,19,427,31,477
3110118,27,216,6,249
3110119,18,377,9,404
3110120,99,398,26,523
3110201,0,0,0,0
3110301,6,200,18,224
3110302,3,377,0,380
3110303,6,620,24,650
3110304,15,401,15,431
3110305,12,374,6,392
3110306,15,493,23,531
3110307,7,323,3,333
3110308,13,464,9,486
3110309,22,481,22,525
3110310,6,276,8,290
3110311,18,482,24,524
3110312,6,288,3,297
3110313,5,467,16,488
3110314,18,461,9,488
3110315,10,267,14,291
3110316,9,289,3,301
3110317,9,317,20,346
3110318,4,353,9,366
3110319,7,333,12,352
3110320,6,270,4,280
3110321,9,282,12,303
3110322,3,314,16,333
3110323,12,393,6,411
3110324,11,271,10,292
3110325,122,232,8,362
3110326,4,295,13,312
3110327,12,448,18,478
3110328,14,505,9,528
3110329,6,393,10,409
3110330,12,263,9,284
3110331,16,274,12,302
3110332,15,387,9,411
3110333,13,522,19,554
3110334,3,500,6,509
3110335,15,522,7,544
3110336,15,422,10,447
3110337,18,286,30,334
3110338,18,540,33,591
3110339,7,319,17,343
3110340,0,228,5,233
3110401,7,396,13,416
3110402,6,513,3,522
3110403,16,544,10,570
3110404,3,553,21,577
3110405,21,550,24,595
3110406,15,479,6,500
3110407,105,499,10,614
3110408,7,523,7,537
3110409,9,251,0,260
3110410,12,402,9,423
3110411,22,361,3,386
3110412,7,343,0,350
3110413,3,327,6,336
3110414,6,195,12,213
3110415,0,324,10,334
3110416,7,302,20,329
3110417,18,415,18,451
3110418,9,279,7,295
3110419,10,532,9,551
3110420,18,376,29,423
3110421,15,331,6,352
3110501,0,392,78,470
3110502,0,553,231,784
3110503,3,192,23,218
3110504,0,225,72,297
3110505,0,241,129,370
3110506,0,399,34,433
3110507,15,897,84,996
3110508,0,160,44,204
3110509,6,476,58,540
3110510,3,630,178,811
3110511,6,561,188,755
3110512,6,281,131,418
3110513,0,17,0,17
3110514,15,723,100,838
3110515,0,427,73,500
3110516,4,282,104,390
3110517,6,225,58,289
3110518,0,191,20,211
3110519,0,137,17,154
3110601,0,128,17,145
3110602,19,553,166,738
3110603,7,338,65,410
3110604,26,455,82,563
3110605,6,330,38,374
3110606,3,767,59,829
3110607,0,320,52,372
3110608,51,286,139,476
3110609,0,368,62,430
3110610,12,375,80,467
3110611,0,365,44,409
3110701,7,338,30,375
3110702,9,327,18,354
3110703,3,362,36,401
3110704,18,406,24,448
3110705,74,255,15,344
3110706,15,348,85,448
3110707,14,564,41,619
3110708,12,438,39,489
3110709,3,330,3,336
3110710,15,372,18,405
3110711,18,397,40,455
3110712,9,182,16,207
3110713,6,232,12,250
3110714,6,257,38,301
3110715,12,360,33,405
3110801,6,418,108,532
3110802,0,165,15,180
3110803,0,269,12,281
3110804,125,268,76,469
3110805,20,423,31,474
3110806,6,387,29,422
3110807,0,383,13,396
3110808,0,285,50,335
3110809,8,470,60,538
3110810,4,488,91,583
3110811,9,338,23,370
3110812,12,297,85,394
3110813,10,353,77,440
3110814,11,526,62,599
3110815,15,317,51,383
3110816,9,319,23,351
3110817,6,211,36,253
3110901,12,299,22,333
3110902,10,295,47,352
3110903,17,397,37,451
3110904,12,267,21,300
3110905,19,242,18,279
3110906,9,277,10,296
3110907,12,242,31,285
3110908,14,297,35,346
3110909,86,267,28,381
3110910,13,504,75,592
3110911,9,225,59,293
3110912,7,335,26,368
3110913,10,349,26,385
3110914,98,373,35,506
3110915,9,424,39,472
3110916,3,215,15,233
3110917,14,548,23,585
3110918,85,473,39,597
3110919,18,317,48,383
3110920,12,184,15,211
3110921,33,426,62,521
3110922,5,302,19,326
3110923,35,313,8,356
3110924,15,306,24,345
3110925,18,225,18,261
3110926,15,334,47,396
3110927,6,177,7,190
3110928,18,413,66,497
3110929,3,523,28,554
3110930,6,336,9,351
3110931,15,277,4,296
3111001,15,217,41,273
3111002,6,364,34,404
3111003,0,716,87,803
3111004,21,315,24,360
3111005,13,745,53,811
3111006,0,181,15,196
3111007,24,637,131,792
3111008,9,434,50,493
3111009,15,335,65,415
3111010,10,327,55,392
3111011,6,416,64,486
3111101,3,232,45,280
3111102,0,453,57,510
3111103,0,335,29,364
3111104,0,176,25,201
3111105,9,414,64,487
3111106,0,379,74,453
3111107,10,489,74,573
3111108,6,342,45,393
3111109,24,480,60,564
3111110,0,436,101,537
3111111,12,292,26,330
3111112,3,262,57,322
3111113,16,406,185,607
3111201,12,725,78,815
3111202,20,264,36,320
3111203,12,332,9,353
3111204,12,355,18,385
3111205,13,275,27,315
3111206,30,342,28,400
3111207,14,219,24,257
3111208,14,317,15,346
3111209,6,376,17,399
3111210,13,349,45,407
3111211,12,401,53,466
3111212,17,490,21,528
3111213,4,284,27,315
3111214,7,1040,164,1211
3111215,12,406,41,459
3111216,6,393,25,424
3111217,12,396,22,430
3111218,5,206,16,227
3111301,3,364,5,372
3111302,19,499,27,545
3111303,7,353,11,371
3111304,10,339,20,369
3111305,4,279,18,301
3111306,9,500,17,526
3111307,11,420,23,454
3111308,0,266,15,281
3111309,6,254,0,260
3111310,6,326,4,336
3111401,133,227,18,378
3111402,3,400,20,423
3111403,16,449,18,483
3111404,18,451,6,475
3111405,6,380,18,404
3111406,6,396,30,432
3111407,9,377,17,403
3111408,8,374,28,410
3111409,7,599,15,621
3111410,6,592,62,660
3111411,6,387,22,415
3111412,6,437,11,454
3111413,10,351,24,385
3111501,3,253,39,295
3111502,3,362,74,439
3111503,0,479,22,501
3111504,7,396,53,456
3111505,18,412,38,468
3111506,12,284,17,313
3111507,0,503,61,564
3111508,4,299,96,399
3111509,8,439,65,512
3111510,12,408,18,438
3111511,8,276,31,315
3111512,11,434,30,475
3111513,14,380,28,422
3111601,6,285,3,294
3111602,4,371,21,396
3111603,0,218,8,226
3111604,9,474,20,503
3111605,9,325,3,337
3111606,9,425,77,511
3111607,0,514,17,531
3111608,10,564,144,718
3111609,4,202,22,228
3111610,6,439,37,482
3111611,12,491,36,539
3111701,3,277,15,295
3111702,3,241,22,266
3111703,0,201,16,217
3111704,6,349,24,379
3111705,32,517,16,565
3111706,6,282,9,297
3111707,19,453,29,501
3111708,0,5,0,5
3111709,6,272,3,281
3111710,4,378,30,412
3111711,32,286,26,344
3111712,9,316,21,346
3111713,9,246,6,261
3111714,12,441,12,465
3111715,21,582,15,618
3111716,18,587,31,636
3111717,10,394,15,419
3111718,9,407,10,426
3111719,3,479,27,509
3111720,18,438,6,462
3111721,5,299,12,316
3111722,0,0,0,0
3111723,12,297,9,318
3111724,26,229,18,273
3111725,6,334,12,352
3111726,6,269,6,281
3111727,16,422,25,463
3111728,3,288,21,312
3111729,0,0,0,0
3111730,12,272,0,284
3111731,9,326,15,350
3111732,18,411,36,465
3111733,6,278,20,304
3111801,3,142,3,148
3111802,9,210,0,219
3111803,16,483,28,527
3111804,6,440,0,446
3111805,0,404,9,413
3111806,8,548,8,564
3111807,3,331,13,347
3111808,4,305,19,328
3111809,3,500,40,543
3111810,6,404,25,435
3111811,6,507,21,534
3111812,12,395,28,435
3111813,6,231,9,246
3111814,13,487,35,535
3111815,6,223,37,266
3111901,0,0,0,0
3111902,3,180,15,198
3111903,0,352,12,364
3111904,24,255,10,289
3111905,9,318,29,356
3111906,9,290,3,302
3111907,27,394,41,462
3111908,12,527,38,577
3112001,6,346,3,355
3112002,18,273,12,303
3112003,3,292,3,298
3112004,9,395,10,414
3112005,9,397,15,421
3112006,22,431,17,470
3112007,19,537,21,577
3112008,12,216,21,249
3112009,15,321,29,365
3112010,19,354,21,394
3112011,28,462,28,518
3112012,15,371,6,392
3112013,3,241,6,250
3112014,0,0,0,0
3112015,5,279,8,292
3112016,3,387,9,399
3112101,5,321,11,337
3112102,4,451,15,470
3112103,9,417,12,438
3112104,20,480,35,535
3112105,18,406,37,461
3112106,3,421,43,467
3112107,10,565,38,613
3112108,6,301,24,331
3112109,18,454,22,494
3112110,15,375,27,417
3112111,21,573,9,603
3112112,0,0,0,0
3112201,3,499,26,528
3112202,9,480,45,534
3112203,31,505,18,554
3112204,35,338,22,395
3112205,6,337,6,349
3112206,6,335,23,364
3112207,13,469,25,507
3112208,0,301,13,314
3112209,6,196,17,219
3112210,4,208,7,219
3112211,7,461,3,471
3112212,15,366,21,402
3112213,9,414,15,438
3112214,9,478,24,511
3112215,5,553,19,577
3112216,6,444,21,471
3112217,22,390,17,429
3112218,9,297,26,332
3112219,14,396,48,458
3112220,10,267,24,301
3112221,12,235,3,250
3112222,3,390,18,411
3112223,34,481,38,553
3112224,3,380,30,413
3112301,13,496,18,527
3112302,34,487,10,531
3112303,6,337,16,359
3112304,3,213,0,216
3112305,9,341,9,359
3112306,4,413,30,447
3112307,16,495,12,523
3112308,9,422,9,440
3112309,24,434,18,476
3112310,12,273,6,291
3112401,0,209,11,220
3112402,3,470,50,523
3112403,3,291,16,310
3112404,11,369,42,422
3112405,12,396,47,455
3112406,46,443,12,501
3112407,14,531,41,586
3112408,4,370,31,405
3112409,7,397,27,431
3112410,0,210,8,218
3112411,0,398,9,407
3112412,3,224,7,234
3112501,6,215,24,245
3112502,17,504,43,564
3112503,8,215,26,249
3112504,10,367,24,401
3112505,0,12,0,12
3112506,6,273,21,300
3112507,3,299,24,326
3112508,19,448,6,473
3112509,3,245,16,264
3112510,0,270,20,290
3112511,10,386,7,403
3112512,9,329,11,349
3112513,18,479,44,541
3112601,6,273,9,288
3112602,7,546,31,584
3112603,3,315,17,335
3112604,0,421,11,432
3112605,7,528,23,558
3112606,0,324,21,345
3112607,0,276,9,285
3112608,6,455,20,481
3112609,3,279,44,326
3112610,13,440,18,471
3112611,9,458,12,479
3112612,3,392,6,401
3112613,7,396,24,427
3112614,34,455,36,525
3112615,122,1633,151,1906
3112616,0,0,0,0
3112701,13,589,24,626
3112702,9,411,0,420
3112703,12,490,50,552
3112704,18,535,26,579
3112705,3,292,9,304
3112706,8,517,20,545
3112707,58,197,12,267
3112708,9,336,16,361
3112709,3,329,8,340
3112710,9,431,13,453
3112801,6,433,81,520
3112802,3,488,96,587
3112803,5,523,56,584
3112804,4,285,40,329
3112805,24,369,68,461
3112806,14,381,23,418
3112807,6,337,13,356
3112808,9,435,24,468
3112809,0,349,34,383
3112810,0,15,0,15
3112811,0,148,3,151
3112812,3,415,21,439
3112813,12,317,11,340
3112814,23,269,19,311
3112815,3,388,44,435
3112816,0,127,17,144
3112817,3,180,12,195
3112818,7,579,61,647
3112819,9,459,32,500
3112901,15,544,27,586
3112902,6,361,13,380
3112903,4,291,12,307
3112904,12,346,15,373
3112905,0,303,21,324
3112906,13,537,21,571
3112907,9,321,9,339
3112908,9,420,42,471
3112909,22,282,12,316
3112910,0,203,3,206
3113001,24,273,15,312
3113002,16,283,8,307
3113003,6,287,12,305
3113004,9,590,22,621
3113005,6,302,0,308
3113006,0,307,11,318
3113007,38,341,23,402
3113008,16,333,16,365
3113009,8,333,10,351
3113010,8,446,18,472
3113011,3,354,9,366
3113012,6,270,12,288
3113013,16,489,20,525
3113014,64,381,10,455
3113015,12,454,9,475
3113016,12,480,21,513
3113101,80,467,10,557
3113102,3,351,12,366
3113103,16,457,11,484
3113104,12,334,9,355
3113105,6,366,24,396
3113106,12,352,18,382
3113107,18,334,12,364
3113108,3,200,20,223
3113109,12,241,15,268
3113110,14,457,29,500
3113111,6,235,23,264
3113112,4,319,39,362
3113113,67,406,41,514
3113114,21,413,48,482
3113115,14,310,22,346
3113116,6,201,4,211
3113117,5,326,32,363
3113118,12,496,29,537
3113119,3,264,9,276
3113120,15,532,19,566
3113121,6,384,12,402
3113122,10,464,44,518
3113201,8,449,12,469
3113202,0,277,13,290
3113203,3,230,9,242
3113204,14,491,9,514
3113205,6,354,24,384
3113206,3,327,11,341
3113207,0,467,24,491
3113208,9,763,8,780
3113209,9,397,6,412
3113210,6,286,26,318
3113211,9,436,15,460
3113212,3,356,20,379
3113213,4,344,13,361
3113214,0,364,15,379
3113215,9,367,6,382
3113216,12,280,23,315
3113217,9,278,6,293
3113218,21,408,14,443
3113219,12,383,3,398
3113220,6,407,10,423
3113221,9,325,3,337
3113222,9,263,60,332
3113223,6,310,12,328
3113224,27,438,15,480
3113225,20,542,18,580
3113226,13,517,18,548
3113227,9,563,27,599
3113228,12,413,4,429
3113229,7,394,18,419
3113230,0,403,22,425
3113231,3,329,28,360
3113301,11,427,12,450
3113302,0,233,3,236
3113303,0,376,9,385
3113304,5,572,20,597
3113305,12,389,6,407
3113306,6,264,15,285
3113307,4,334,43,381
3113308,0,379,25,404
3113309,12,395,54,461
3113310,0,443,25,468
3113311,9,448,20,477
3113312,6,339,12,357
3113313,6,434,7,447
3113401,18,361,15,394
3113402,14,338,30,382
3113403,3,255,24,282
3113404,21,416,6,443
3113405,7,374,12,393
3113406,7,355,12,374
3113407,12,393,15,420
3113408,6,459,31,496
3113409,12,533,25,570
3113410,12,597,18,627
3113411,4,427,10,441
3113412,12,334,15,361
3113413,11,429,9,449
3113414,6,320,8,334
3113415,9,396,3,408
3113416,3,238,10,251
3113417,0,342,21,363
3113418,4,401,14,419
3113419,44,494,24,562
3113420,6,535,19,560
3113421,10,476,5,491
3113422,4,241,7,252
3113501,5,242,12,259
3113502,12,341,15,368
3113503,6,367,20,393
3113504,6,323,12,341
3113505,7,301,7,315
3113506,9,303,18,330
3113507,27,404,12,443
3113508,3,362,25,390
3113509,7,287,6,300
3113510,15,426,21,462
3113511,10,431,21,462
3113512,6,331,16,353
3113513,0,276,12,288
3113514,12,428,34,474
3113515,6,557,41,604
3113516,3,283,13,299
3113517,15,429,9,453
3113518,9,572,7,588
3113519,9,265,11,285
3113520,12,436,86,534
3113521,9,460,21,490
3113522,10,360,26,396
3113523,45,510,32,587
3113524,6,191,18,215
3113525,6,333,27,366
3113601,6,232,9,247
3113602,3,277,55,335
3113603,3,473,9,485
3113604,49,271,30,350
3113605,6,249,11,266
3113606,12,448,16,476
3113607,16,498,37,551
3113608,9,572,19,600
3113609,15,413,21,449
3113610,6,262,3,271
3113611,9,344,15,368
3113612,7,307,34,348
3113613,15,438,32,485
3113614,6,266,51,323
3113615,0,0,0,0
3113701,9,270,9,288
3113702,0,532,51,583
3113703,0,288,42,330
3113704,0,221,18,239
3113705,6,304,58,368
3113706,15,369,34,418
3113707,9,498,9,516
3113708,59,205,20,284
3113709,6,536,19,561
3113710,0,232,7,239
3113711,12,384,18,414
3113712,12,374,30,416
3113713,9,424,30,463
3113714,3,454,21,478
3113715,0,390,19,409
3113716,3,298,23,324
3113717,6,423,25,454
3113718,12,472,55,539
3113719,0,516,31,547
3113720,6,453,10,469
3113721,0,448,35,483
3113722,3,352,6,361
3113723,15,424,40,479
3113724,12,472,26,510
3113725,6,300,14,320
3113801,8,391,17,416
3113802,12,364,9,385
3113803,18,469,15,502
3113804,3,303,14,320
3113805,12,395,15,422
3113806,0,189,12,201
3113807,3,282,9,294
3113808,6,196,12,214
3113809,0,273,9,282
3113810,14,441,8,463
3113811,6,202,12,220
3113812,10,392,27,429
3113813,6,755,39,800
3113814,9,276,6,291
3113901,18,432,12,462
3113902,24,477,97,598
3113903,22,395,72,489
3113904,12,347,13,372
3113905,0,391,18,409
3113906,12,478,21,511
3113907,19,512,20,551
3113908,25,767,63,855
3113909,6,211,18,235
3113910,12,608,35,655
3113911,6,427,22,455
3113912,9,606,31,646
3113913,15,385,4,404
3113914,18,500,16,534
3113915,21,694,32,747
3113916,9,268,6,283
3113917,12,423,24,459
3113918,9,100,0,109
3113919,3,413,12,428
3113920,16,328,12,356
3113921,21,349,15,385
3113922,0,15,3,18
3114001,5,471,22,498
3114002,4,288,16,308
3114003,24,414,8,446
3114004,3,18,6,27
3114005,4,242,18,264
3114006,32,512,40,584
3114007,19,522,15,556
3114008,23,509,27,559
3114009,18,352,19,389
3114010,0,0,0,0
3114101,14,352,18,384
3114102,3,304,5,312
3114103,12,336,8,356
3114104,9,229,4,242
3114105,3,245,15,263
3114106,3,262,3,268
3114107,6,229,9,244
3114108,21,338,6,365
3114109,12,556,20,588
3114110,0,582,26,608
3114111,17,662,23,702
3114112,4,205,9,218
3114113,11,627,22,660
3114114,9,453,5,467
3114115,6,254,9,269
3114116,19,815,27,861
3114117,6,301,22,329
3114118,18,338,28,384
3114119,7,259,6,272
3114120,0,0,0,0
3114121,6,186,10,202
3114122,53,240,145,438
3114123,4,549,27,580
3114124,3,362,11,376
3114125,3,167,6,176
3114126,12,445,10,467
3114127,3,216,0,219
3114128,9,296,17,322
3114129,0,466,12,478
3114130,0,3,0,3
3114131,9,385,48,442
3114201,19,502,51,572
3114202,12,175,12,199
3114203,13,581,70,664
3114204,21,604,57,682
3114205,12,245,3,260
3114206,25,428,27,480
3114207,9,279,27,315
3114208,7,402,45,454
3114209,18,380,57,455
3114210,5,259,25,289
3114211,22,1124,76,1222
3114212,18,240,18,276
3114213,8,211,10,229
3114214,12,450,20,482
3114215,12,397,13,422
3114216,27,585,33,645
3114217,0,32,0,32
3114218,0,555,11,566
3114219,0,58,3,61
3114220,33,536,32,601
3114221,8,297,16,321
3114222,0,0,0,0
3114223,12,270,33,315
3114224,12,316,12,340
3114225,16,427,67,510
3114226,6,271,65,342
3114227,3,157,18,178
3114301,0,0,0,0
3114302,0,0,0,0
3114303,8,387,40,435
3114304,15,365,37,417
3114305,22,298,27,347
3114306,9,187,18,214
3114307,15,361,41,417
3114308,10,340,29,379
3114309,21,381,23,425
3114310,9,256,30,295
3114311,15,271,15,301
3114312,6,231,15,252
3114313,0,0,0,0
3114314,22,267,21,310
3114315,23,425,28,476
3114316,7,361,38,406
3114317,21,505,32,558
3114318,11,302,36,349
3114319,9,385,22,416
3114401,15,448,36,499
3114402,17,423,31,471
3114403,15,354,29,398
3114404,15,361,21,397
3114405,29,516,70,615
3114406,16,360,13,389
3114407,11,534,15,560
3114408,18,312,30,360
3114409,12,393,29,434
3114410,12,314,20,346
3114411,9,202,25,236
3114412,9,259,34,302
3114413,6,648,33,687
3114414,6,196,28,230
3114415,4,441,58,503
3114416,7,305,56,368
3114417,7,193,4,204
3114418,5,404,15,424
3114501,9,381,54,444
3114502,23,548,101,672
3114503,0,191,199,390
3114504,9,418,61,488
3114505,33,614,180,827
3114506,19,715,132,866
3114507,19,150,43,212
3114508,13,293,62,368
3114509,24,312,78,414
3114510,7,256,67,330
3114511,9,370,45,424
3114512,6,324,24,354
3114513,21,633,56,710
3114514,26,527,113,666
3114515,0,208,43,251
3114516,7,303,53,363
3114517,3,149,36,188
3114518,10,478,132,620
3114519,18,467,183,668
3114520,33,237,22,292
3114521,12,227,53,292
3114601,19,499,37,555
3114602,18,471,13,502
3114603,70,577,106,753
3114604,12,352,58,422
3114605,36,389,31,456
3114606,15,528,25,568
3114607,26,425,10,461
3114608,39,316,38,393
3114609,8,278,3,289
3114610,15,459,16,490
3114611,0,280,3,283
3114612,8,217,6,231
3114613,12,395,24,431
3114614,14,382,12,408
3114615,28,626,23,677
3114616,15,520,34,569
3114617,10,473,16,499
3114701,24,656,69,749
3114702,28,313,58,399
3114703,22,342,78,442
3114704,9,205,6,220
3114705,6,202,18,226
3114706,12,290,27,329
3114707,24,507,12,543
3114708,12,325,46,383
3114709,24,292,35,351
3114710,9,258,24,291
3114711,16,209,33,258
3114712,24,337,10,371
3114713,23,370,23,416
3114714,24,651,39,714
3114715,9,355,4,368
3114716,15,437,42,494
3114717,26,999,63,1088
3114718,24,894,62,980
3114719,20,324,20,364
3114720,12,245,47,304
3114721,21,447,36,504
3114722,6,137,9,152
3114801,12,140,16,168
3114802,12,446,41,499
3114803,6,102,6,114
3114804,27,382,34,443
3114805,16,402,27,445
3114806,18,347,28,393
3114807,15,270,18,303
3114808,10,230,29,269
3114809,12,408,29,449
3114810,10,428,51,489
3114811,5,192,16,213
3114812,13,297,15,325
3114813,13,306,9,328
3114814,17,223,28,268
3114815,64,435,27,526
3114816,19,202,0,221
3114817,20,352,34,406
3114818,11,217,3,231
3114819,33,356,15,404
3114820,9,249,18,276
3114821,5,153,5,163
3114822,15,662,33,710
3114823,9,365,28,402
3114901,17,516,18,551
3114902,19,441,17,477
3114903,5,394,7,406
3114904,6,309,6,321
3114905,0,139,6,145
3114906,6,387,46,439
3114907,6,561,34,601
3114908,0,332,37,369
3114909,0,0,0,0
3114910,0,251,34,285
3114911,3,272,13,288
3114912,3,84,6,93
3114913,18,398,35,451
3114914,24,348,61,433
3114915,3,368,43,414
3114916,0,198,12,210
3114917,18,317,20,355
3114918,15,620,24,659
3114919,29,513,28,570
3114920,15,338,24,377
3114921,21,335,18,374
3114922,11,295,30,336
3114923,18,368,29,415
3114924,30,495,58,583
3115001,0,0,0,0
3115101,3,240,55,298
3115102,15,469,33,517
3115103,15,294,41,350
3115104,23,256,59,338
3115105,30,457,48,535
3115106,24,406,37,467
3115107,15,204,9,228
3115108,24,283,6,313
3115109,51,402,28,481
3115110,20,242,19,281
3115111,25,432,82,539
3115112,9,281,43,333
3115113,19,227,3,249
3115114,6,233,39,278
3115115,11,385,90,486
3115201,6,245,38,289
3115202,29,395,84,508
3115203,27,252,11,290
3115204,9,235,88,332
3115205,21,268,111,400
3115206,9,204,35,248
3115207,12,409,59,480
3115208,15,192,22,229
3115209,9,268,25,302
3115210,21,221,20,262
3115211,28,410,22,460
3115212,13,255,12,280
3115213,32,396,9,437
3115214,18,396,37,451
3115301,9,453,20,482
3115302,13,504,20,537
3115303,9,391,20,420
3115304,15,368,29,412
3115305,12,473,13,498
3115306,18,623,22,663
3115307,0,0,0,0
3115308,14,300,21,335
3115309,10,427,26,463
3115310,15,494,24,533
3115311,0,284,21,305
3115312,16,515,6,537
3115313,20,293,39,352
3115314,15,363,30,408
3115315,8,319,68,395
3115316,22,560,49,631
3115317,0,244,13,257
3115318,6,297,9,312
3115319,17,408,9,434
3115401,10,208,45,263
3115402,25,525,97,647
3115403,10,395,79,484
3115404,18,248,55,321
3115405,40,181,9,230
3115406,13,242,30,285
3115407,18,282,32,332
3115408,16,228,33,277
3115409,216,199,31,446
3115410,15,832,174,1021
3115411,16,337,82,435
3115412,17,400,93,510
3115413,21,256,38,315
3115414,20,220,44,284
3115415,21,385,47,453
3115501,19,385,78,482
3115502,12,168,10,190
3115503,15,357,20,392
3115504,13,503,57,573
3115505,21,362,31,414
3115506,24,236,19,279
3115507,19,370,32,421
3115508,18,331,17,366
3115509,79,285,12,376
3115510,0,0,0,0
3115511,14,500,67,581
3115512,13,365,35,413
3115601,0,240,21,261
3115602,9,424,17,450
3115603,4,261,11,276
3115604,15,443,33,491
3115605,15,235,6,256
3115606,7,183,20,210
3115607,23,293,25,341
3115608,18,377,15,410
3115609,19,337,26,382
3115610,9,289,28,326
3115611,15,402,51,468
3115612,0,0,0,0
3115613,7,231,13,251
3115614,18,451,57,526
3115615,6,184,12,202
3115616,12,273,0,285
3115617,7,422,24,453
3115618,10,287,41,338
3115619,15,464,18,497
3115620,12,255,15,282
3115621,12,482,37,531
3115622,24,521,31,576
3115623,107,114,24,245
3115701,25,602,121,748
3115702,88,342,54,484
3115703,0,273,15,288
3115704,13,369,25,407
3115705,17,392,65,474
3115706,21,313,40,374
3115707,15,258,35,308
3115708,10,327,65,402
3115709,12,252,7,271
3115710,0,0,0,0
3115711,19,421,57,497
3115712,22,439,111,572
3115801,5,122,6,133
3115802,12,228,12,252
3115803,3,175,8,186
3115804,21,256,9,286
3115805,27,406,42,475
3115806,18,173,15,206
3115807,49,375,25,449
3115808,11,327,24,362
3115809,4,186,0,190
3115810,6,304,17,327
3115811,12,130,12,154
3115812,6,174,24,204
3115813,11,227,28,266
3115814,9,187,23,219
3115815,21,186,14,221
3115816,14,169,21,204
3115901,27,371,17,415
3115902,9,289,6,304
3115903,4,108,11,123
3115904,22,222,5,249
3115905,6,183,12,201
3115906,18,279,30,327
3115907,3,321,25,349
3115908,8,198,17,223
3115909,129,114,15,258
3115910,9,166,13,188
3115911,10,207,26,243
3115912,12,278,39,329
3115913,22,352,38,412
3115914,55,253,26,334
3115915,29,471,27,527
3115916,18,393,14,425
3115917,17,380,22,419
3115918,11,287,20,318
3115919,21,218,15,254
3115920,12,227,6,245
3115921,18,219,21,258
3115922,24,335,15,374
3115923,9,112,0,121
3115924,6,237,3,246
3115925,17,379,24,420
3115926,18,254,12,284
3115927,9,176,15,200
3115928,29,348,27,404
3115929,19,208,34,261
3115930,34,441,32,507
3116001,21,356,18,395
3116002,18,284,6,308
3116003,11,263,24,298
3116004,9,343,16,368
3116005,14,353,22,389
3116006,22,452,29,503
3116007,15,382,14,411
3116008,18,264,7,289
3116009,18,360,15,393
3116010,10,201,9,220
3116011,25,487,16,528
3116012,0,14,0,14
3116013,0,0,0,0
3116014,18,226,10,254
3116015,10,142,21,173
3116016,0,0,0,0
3116017,21,291,22,334
3116018,28,367,15,410
3116019,19,389,5,413
3116020,19,492,19,530
3116021,24,295,3,322
3116022,15,486,40,541
3116023,0,195,22,217
3116024,15,195,18,228
3116101,8,273,16,297
3116102,0,168,0,168
3116103,18,321,51,390
3116104,0,16,3,19
3116105,3,154,24,181
3116106,0,0,0,0
3116107,12,166,10,188
3116108,0,0,0,0
3116109,12,298,20,330
3116110,15,227,18,260
3116111,18,458,37,513
3116112,10,393,12,415
3116113,9,264,20,293
3116114,15,314,23,352
3116115,0,0,3,3
3116116,45,384,37,466
3116117,12,178,15,205
3116118,11,230,25,266
3116119,13,208,18,239
3116120,9,370,16,395
3116121,18,265,35,318
3116122,18,383,21,422
3116123,16,264,20,300
3116124,6,358,15,379
3116125,3,175,27,205
3116126,25,392,22,439
3116127,3,202,17,222
3116128,0,265,0,265
3116129,46,186,6,238
3116130,9,357,28,394
3116131,6,118,3,127
3116132,0,196,3,199
3116133,8,344,9,361
3116134,9,331,15,355
3116135,15,335,6,356
3116136,3,136,3,142
3116137,0,0,0,0
3116138,0,0,0,0
3116139,0,0,0,0
3116140,13,222,11,246
3116141,9,181,41,231
3116201,0,3,3,6
3116301,44,1282,12,1338
3116302,28,1032,7,1067
3116401,18,135,30,183
3116402,17,218,24,259
3116403,19,263,45,327
3116404,25,332,30,387
3116405,9,313,37,359
3116406,18,501,25,544
3116407,16,300,10,326
3116408,10,89,0,99
3116409,18,259,36,313
3116410,16,350,18,384
3116411,21,307,36,364
3116412,16,202,30,248
3116413,18,368,30,416
3116414,19,397,9,425
3116415,15,302,9,326
3116416,9,329,24,362
3116417,9,292,27,328
3116418,0,3,0,3
3116419,9,200,10,219
3116420,4,127,16,147
3116501,3,223,5,231
3116502,4,188,44,236
3116503,6,234,58,298
3116504,83,606,47,736
3116505,6,415,34,455
3116506,0,320,20,340
3116507,9,550,103,662
3116508,15,458,98,571
3116509,0,163,44,207
3116510,6,273,21,300
3116511,6,242,80,328
3116512,15,335,58,408
3116601,4,353,19,376
3116602,12,353,10,375
3116603,22,488,39,549
3116604,29,352,114,495
3116605,35,309,34,378
3116606,33,475,17,525
3116607,11,244,31,286
3116608,32,358,22,412
3116609,33,424,29,486
3116610,20,425,15,460
3116611,15,411,9,435
3116612,14,265,24,303
3116613,26,405,14,445
3116614,16,409,27,452
3116615,30,373,43,446
3116616,22,338,32,392
3116617,12,383,6,401
3116618,12,241,0,253
3116619,12,179,10,201
3116620,12,212,10,234
3116621,26,570,13,609
3116622,13,297,21,331
3116623,8,377,7,392
3116624,12,406,9,427
3116625,19,439,24,482
3116701,19,225,27,271
3116702,18,165,10,193
3116703,35,338,26,399
3116704,28,436,27,491
3116705,45,471,63,579
3116706,14,266,40,320
3116707,14,258,26,298
3116708,25,313,9,347
3116709,16,276,0,292
3116710,30,248,15,293
3116711,29,310,38,377
3116712,8,257,19,284
3116713,21,285,25,331
3116714,9,170,13,192
3116715,17,210,18,245
3116716,42,501,36,579
3116801,0,0,0,0
3116802,0,0,0,0
3116803,12,229,25,266
3116804,0,9,0,9
3116805,18,317,48,383
3116806,13,324,21,358
3116807,3,398,35,436
3116808,20,339,7,366
3116809,23,331,3,357
3116810,4,243,7,254
3116811,16,518,13,547
3116812,23,455,96,574
3116813,16,312,50,378
3116814,6,139,20,165
3116815,3,243,8,254
3116901,18,229,12,259
3116902,12,218,12,242
3116903,10,217,20,247
3116904,12,295,16,323
3116905,19,337,25,381
3116906,15,415,36,466
3116907,8,209,9,226
3116908,0,116,3,119
3116909,25,142,54,221
3116910,14,438,29,481
3116911,15,368,34,417
3116912,0,0,0,0
3116913,3,274,6,283
3116914,13,247,18,278
3116915,12,131,13,156
3116916,5,265,22,292
3116917,8,138,10,156
3116918,15,184,26,225
3116919,12,346,15,373
3116920,19,232,24,275
3116921,12,141,24,177
3116922,7,191,6,204
3116923,24,528,34,586
3116924,11,236,24,271
3116925,18,228,10,256
3116926,0,144,9,153
3116927,3,169,11,183
3116928,3,213,16,232
3116929,15,135,3,153
3116930,14,394,15,423
3117001,20,663,37,720
3117002,32,368,17,417
3117003,19,492,27,538
3117004,23,269,16,308
3117005,15,362,6,383
3117006,13,308,0,321
3117007,9,184,9,202
3117008,10,215,9,234
3117009,12,186,9,207
3117010,21,404,16,441
3117011,34,449,49,532
3117012,30,244,26,300
3117013,12,179,4,195
3117014,17,412,23,452
3117015,26,437,43,506
3117016,42,492,80,614
3117017,12,497,14,523
3117018,6,225,12,243
3117019,24,419,31,474
3117020,21,428,41,490
3117021,83,395,53,531
3117022,33,414,45,492
3117023,23,530,41,594
3117024,23,417,17,457
3117101,13,438,40,491
3117102,22,366,15,403
3117103,18,272,15,305
3117104,15,395,32,442
3117105,15,337,16,368
3117106,10,251,31,292
3117107,6,306,30,342
3117108,22,388,33,443
3117109,16,295,27,338
3117110,12,360,9,381
3117111,5,244,13,262
3117112,3,370,27,400
3117113,0,234,12,246
3117114,0,0,0,0
3117201,17,356,9,382
3117202,18,373,18,409
3117203,15,248,12,275
3117204,9,323,54,386
3117205,11,499,21,531
3117206,19,679,26,724
3117207,25,340,34,399
3117208,4,177,15,196
3117209,19,453,24,496
3117210,12,228,22,262
3117211,3,409,37,449
3117212,3,232,21,256
3117213,21,374,31,426
3117214,10,230,13,253
3117215,12,378,14,404
3117216,6,295,12,313
3117217,6,183,21,210
3117218,63,621,36,720
3117301,6,241,31,278
3117302,0,308,18,326
3117303,15,341,50,406
3117304,13,189,33,235
3117305,9,171,21,201
3117306,22,273,30,325
3117307,18,232,32,282
3117308,21,410,43,474
3117309,3,209,27,239
3117310,16,282,34,332
3117311,10,429,24,463
3117312,6,267,28,301
3117313,12,172,12,196
3117314,6,360,30,396
3117315,18,550,41,609
3117316,6,312,18,336
3117317,58,319,34,411
3117318,11,301,34,346
3117319,14,218,23,255
3117401,16,220,20,256
3117402,15,180,17,212
3117403,18,333,20,371
3117404,45,364,36,445
3117405,9,233,6,248
3117406,6,346,7,359
3117407,3,210,6,219
3117408,0,183,4,187
3117409,4,390,24,418
3117410,0,242,33,275
3117411,9,262,16,287
3117412,35,467,13,515
3117413,27,351,9,387
3117501,10,300,15,325
3117502,6,195,16,217
3117503,17,362,38,417
3117504,46,488,28,562
3117505,6,164,21,191
3117506,18,291,18,327
3117507,9,328,24,361
3117508,23,282,25,330
3117509,5,272,27,304
3117510,0,88,6,94
3117511,12,237,0,249
3117512,10,388,30,428
3117601,3,204,23,230
3117602,0,327,48,375
3117603,21,511,45,577
3117604,4,330,46,380
3117605,6,319,45,370
3117606,12,237,36,285
3117607,16,288,20,324
3117608,4,325,31,360
3117609,12,331,35,378
3117610,15,309,21,345
3117611,9,347,18,374
3117612,6,362,62,430
3117613,7,263,22,292
3117614,21,301,82,404
3117615,12,283,49,344
3117616,34,344,88,466
3117617,69,342,40,451
3117618,27,423,75,525
3117701,0,252,18,270
3117702,9,188,18,215
3117703,15,240,10,265
3117704,14,270,4,288
3117705,24,221,21,266
3117706,10,358,31,399
3117707,4,189,7,200
3117708,22,349,55,426
3117709,6,299,7,312
3117710,0,298,10,308
3117711,6,233,11,250
3117712,9,466,58,533
3117713,12,335,17,364
3117714,19,120,0,139
3117715,20,356,24,400
3117716,18,333,47,398
3117717,3,182,5,190
3117718,9,526,55,590
3117719,12,333,13,358
3117801,62,317,18,397
3117802,28,411,17,456
3117803,41,294,26,361
3117804,21,180,15,216
3117805,34,208,36,278
3117806,89,370,44,503
3117807,23,293,36,352
3117808,41,288,12,341
3117809,9,225,20,254
3117810,18,287,17,322
3117811,3,288,21,312
3117812,12,330,9,351
3117901,39,315,19,373
3117902,39,246,20,305
3117903,23,200,7,230
3117904,29,393,0,422
3117905,116,488,34,638
3117906,12,251,15,278
3117907,28,213,12,253
3117908,28,392,24,444
3117909,15,328,24,367
3117910,14,239,17,270
3117911,21,203,3,227
3117912,5,205,28,238
3117913,36,226,17,279
3117914,28,282,13,323
3117915,18,227,28,273
3117916,18,358,15,391
3117917,14,329,19,362
3117918,15,378,55,448
3117919,15,305,27,347
3117920,4,309,27,340
3117921,13,191,3,207
3117922,18,349,46,413
3117923,9,262,27,298
3117924,9,326,6,341
3118001,3,185,0,188
3118002,4,208,3,215
3118003,39,466,13,518
3118004,6,224,3,233
3118005,24,380,47,451
3118006,9,280,18,307
3118007,24,336,43,403
3118008,23,240,51,314
3118009,17,366,27,410
3118010,40,119,19,178
3118011,6,190,0,196
3118012,15,335,32,382
3118013,13,174,9,196
3118014,75,207,7,289
3118015,15,227,18,260
3118016,9,211,0,220
3118017,5,229,12,246
3118018,9,314,6,329
3118019,6,372,12,390
3118020,10,367,6,383
3118021,13,317,47,377
3118022,3,299,24,326
3118023,9,165,3,177
3118024,3,308,48,359
3118101,24,215,17,256
3118102,24,392,11,427
3118103,12,188,6,206
3118104,12,392,33,437
3118105,31,201,3,235
3118106,3,133,15,151
3118107,3,274,6,283
3118108,6,177,6,189
3118109,46,303,73,422
3118110,4,194,3,201
3118111,9,262,27,298
3118201,6,205,6,217
3118202,12,224,9,245
3118203,15,221,23,259
3118204,15,243,9,267
3118205,0,244,31,275
3118206,0,228,28,256
3118207,15,257,12,284
3118208,24,377,18,419
3118209,9,230,7,246
3118210,0,209,12,221
3118211,10,279,12,301
3118212,23,467,12,502
3118213,24,401,10,435
3118214,19,496,12,527
3118215,63,247,28,338
3118216,12,226,9,247
3118217,0,250,12,262
3118301,0,186,57,243
3118302,10,236,30,276
3118303,12,344,50,406
3118304,9,262,34,305
3118305,10,262,14,286
3118306,26,314,17,357
3118307,9,252,21,282
3118308,25,335,13,373
3118309,45,349,63,457
3118310,9,232,3,244
3118311,51,425,43,519
3118312,17,218,13,248
3118313,3,192,0,195
3118314,15,286,18,319
3118315,15,435,13,463
3118316,41,457,66,564
3118317,6,242,9,257
3118318,24,498,45,567
3118319,12,246,47,305
3118320,6,302,32,340
3118321,12,502,19,533
3118322,17,525,35,577
3118323,10,380,31,421
3118324,3,344,17,364
3118325,12,225,103,340
3118326,13,447,45,505
3118327,6,296,44,346
3118328,12,184,38,234
3118329,14,225,39,278
3118330,44,194,8,246
3118331,9,234,24,267
3118332,26,282,33,341
3118333,12,321,84,417
3118334,25,236,15,276
3118335,19,225,3,247
3118336,18,562,44,624
3118337,26,344,37,407
3118338,6,264,21,291
3118339,3,239,24,266
3118340,12,436,53,501
3118341,6,270,10,286
3118342,15,286,74,375
3118343,19,245,7,271
3118344,12,395,38,445
3118345,15,656,24,695
3118401,15,379,12,406
3118402,27,257,21,305
3118403,60,270,21,351
3118404,15,147,6,168
3118405,43,305,15,363
3118406,9,184,0,193
3118407,24,435,24,483
3118408,24,441,26,491
3118409,6,300,4,310
3118410,15,221,0,236
3118411,14,326,15,355
3118412,16,472,28,516
3118413,11,332,18,361
3118501,20,435,12,467
3118502,10,261,16,287
3118503,26,305,21,352
3118504,18,250,3,271
3118505,12,306,18,336
3118506,9,196,9,214
3118507,12,179,4,195
3118508,55,347,15,417
3118509,25,329,3,357
3118510,15,217,3,235
3118511,8,189,0,197
3118512,6,342,24,372
3118513,13,208,0,221
3118514,3,157,12,172
3118601,42,379,37,458
3118602,45,337,49,431
3118603,5,354,24,383
3118604,11,307,3,321
3118605,12,422,12,446
3118606,14,210,6,230
3118607,8,403,24,435
3118608,18,243,22,283
3118609,18,323,6,347
3118610,15,233,29,277
3118611,23,328,11,362
3118612,35,360,19,414
3118701,15,285,32,332
3118702,23,272,3,298
3118703,18,263,18,299
3118704,14,264,24,302
3118705,24,181,9,214
3118706,19,225,20,264
3118707,38,485,18,541
3118708,23,205,4,232
3118709,28,208,12,248
3118710,34,414,22,470
3118711,108,119,9,236
3118712,30,242,12,284
3118713,19,252,0,271
3118714,9,207,3,219
3118715,15,282,0,297
3118716,9,215,6,230
3118717,9,195,4,208
3118718,68,354,19,441
3118801,20,293,4,317
3118802,12,435,0,447
3118803,15,332,4,351
3118804,9,131,15,155
3118805,15,279,9,303
3118806,19,403,12,434
3118807,24,402,27,453
3118808,21,430,14,465
3118809,51,428,30,509
3118810,23,286,22,331
3118811,23,408,53,484
3118812,26,418,24,468
3118813,21,218,9,248
3118814,31,446,33,510
3118901,5,256,3,264
3118902,9,333,15,357
3118903,41,366,45,452
3118904,26,271,15,312
3118905,30,302,9,341
3118906,15,308,21,344
3118907,24,542,14,580
3118908,12,424,15,451
3118909,31,396,15,442
3118910,16,642,19,677
3118911,15,274,0,289
3118912,17,348,0,365
3118913,18,578,9,605
3118914,35,689,22,746
3118915,25,238,7,270
3118916,3,6,3,12
3118917,29,378,47,454
3118918,43,699,24,766
3118919,6,235,9,250
3118920,54,205,63,322
3118921,30,426,16,472
3118922,21,241,21,283
3118923,28,394,15,437
3118924,0,200,15,215
3118925,7,184,10,201
3118926,12,172,9,193
3118927,12,317,8,337
3118928,20,207,6,233
3118929,27,415,12,454
3118930,66,225,8,299
3118931,27,447,30,504
3118932,33,389,35,457
3118933,9,237,4,250
3118934,34,269,24,327
3118935,12,346,21,379
3118936,25,192,16,233
3118937,17,324,12,353
3118938,25,345,23,393
3118939,29,223,22,274
3119001,0,191,13,204
3119002,6,229,25,260
3119003,9,201,9,219
3119004,6,312,3,321
3119005,12,351,34,397
3119006,9,304,30,343
3119007,3,297,23,323
3119008,25,886,25,936
3119009,9,317,10,336
3119010,3,230,61,294
3119011,0,300,10,310
3119012,6,418,16,440
3119013,6,260,15,281
3119014,7,306,19,332
3119015,3,202,20,225
3119016,6,251,43,300
3119017,3,309,28,340
3119018,3,181,53,237
3119019,0,261,22,283
3119020,6,224,34,264
3119021,0,247,31,278
3119022,9,327,32,368
3119023,3,240,21,264
3119101,3,117,7,127
3119102,6,342,15,363
3119103,42,428,86,556
3119104,88,436,100,624
3119105,6,425,113,544
3119106,3,200,12,215
3119107,21,308,9,338
3119108,9,194,14,217
3119109,9,253,24,286
3119110,0,205,6,211
3119111,4,356,24,384
3119112,3,175,24,202
3119113,3,420,38,461
3119114,6,194,28,228
3119115,9,480,40,529
3119116,11,440,35,486
3119117,13,401,23,437
3119118,9,457,64,530
3119119,6,264,8,278
3119120,0,178,7,185
3119121,6,167,25,198
3119122,3,225,0,228
3119123,5,462,25,492
3119124,0,207,15,222
3119125,26,359,66,451
3119126,12,89,6,107
3119201,6,713,44,763
3119202,12,675,9,696
3119203,6,520,52,578
3119204,12,246,18,276
3119205,0,365,41,406
3119206,0,298,27,325
3119207,15,542,14,571
3119208,0,393,19,412
3119209,5,470,14,489
3119210,4,402,35,441
3119211,0,330,44,374
3119212,6,214,39,259
3119213,6,276,48,330
3119214,3,498,77,578
3119215,0,196,14,210
3119216,9,262,12,283
3119217,3,342,96,441
3119218,45,373,23,441
3119219,3,283,55,341
3119220,9,271,65,345
3119221,0,202,24,226
3119222,7,268,21,296
3119223,6,298,22,326
3119224,3,376,23,402
3119225,3,315,29,347
3119226,3,452,33,488
3119227,19,515,56,590
3119228,9,246,17,272
3119229,9,577,32,618
3119230,6,253,3,262
3119231,12,520,52,584
3119232,5,207,22,234
3119301,23,405,41,469
3119302,0,9,4,13
3119303,15,230,18,263
3119304,15,241,13,269
3119305,13,219,16,248
3119306,33,366,30,429
3119307,37,337,19,393
3119308,15,307,7,329
3119309,23,375,24,422
3119310,0,6,0,6
3119311,13,200,11,224
3119312,40,384,24,448
3119313,42,277,24,343
3119314,18,382,45,445
3119315,0,129,0,129
3119316,9,267,11,287
3119317,6,67,3,76
3119318,62,480,43,585
3119319,9,130,14,153
3119401,4,266,8,278
3119402,9,199,3,211
3119403,10,250,18,278
3119404,18,442,42,502
3119405,18,401,13,432
3119406,24,226,12,262
3119407,17,249,3,269
3119408,40,256,21,317
3119409,0,218,0,218
3119410,6,277,6,289
3119411,5,236,3,244
3119412,6,340,19,365
3119413,12,181,6,199
3119414,3,208,12,223
3119415,6,363,5,374
3119416,0,245,6,251
3119417,6,214,6,226
3119418,3,143,11,157
3119419,12,325,6,343
3119420,0,214,12,226
3119421,0,275,19,294
3119422,9,222,9,240
3119423,6,125,9,140
3119424,0,273,35,308
3119425,3,273,30,306
3119426,0,192,3,195
3119427,10,191,12,213
3119428,19,197,18,234
3119429,0,218,12,230
3119430,0,0,0,0
3119431,9,277,9,295
3119432,18,413,21,452
3119501,3,548,22,573
3119502,10,542,21,573
3119503,9,209,16,234
3119504,14,410,22,446
3119505,16,355,17,388
3119506,9,310,8,327
3119507,9,168,19,196
3119508,9,289,28,326
3119509,57,157,21,235
3119510,6,238,10,254
3119511,6,293,34,333
3119512,7,384,24,415
3119513,7,240,18,265
3119514,6,368,26,400
3119515,4,302,34,340
3119516,0,8,0,8
3119517,0,0,0,0
3119518,15,281,19,315
3119519,0,177,8,185
3119520,3,75,0,78
3119601,17,528,21,566
3119602,11,257,10,278
3119603,17,525,27,569
3119604,6,338,61,405
3119605,12,480,41,533
3119606,10,475,39,524
3119607,12,444,21,477
3119608,15,586,27,628
3119609,3,380,24,407
3119610,9,338,71,418
3119611,48,464,29,541
3119612,12,283,17,312
3119613,9,287,14,310
3119614,16,607,22,645
3119615,12,374,48,434
3119616,19,383,12,414
3119617,6,433,34,473
3119618,9,374,24,407
3119619,12,265,42,319
3119620,0,0,0,0
3119621,17,703,47,767
3119622,3,229,4,236
3119701,0,51,0,51
3119801,0,0,0,0
3119802,8,661,37,706
3119803,9,409,42,460
3119804,24,376,8,408
3119805,8,412,57,477
3119806,0,338,14,352
3119807,0,9,0,9
3119808,6,293,21,320
3119809,10,350,18,378
3119810,9,247,26,282
3119811,7,320,5,332
3119812,6,207,12,225
3119813,23,453,22,498
3119814,8,357,4,369
3119815,18,526,14,558
3119816,9,395,15,419
3119817,12,409,30,451
3119818,6,289,27,322
3119819,6,397,21,424
3119820,12,402,45,459
3119821,17,540,52,609
3119822,15,529,19,563
3119823,4,423,28,455
3119824,55,218,17,290
3119825,9,393,24,426
3119826,21,482,29,532
3119827,10,321,33,364
3119828,17,340,23,380
3119901,0,3,0,3
3119902,11,405,29,445
3119903,24,407,29,460
3119904,26,346,46,418
3119905,3,210,46,259
3119906,0,0,0,0
3119907,11,362,27,400
3119908,18,276,113,407
3119909,9,393,122,524
3119910,0,15,3,18
3119911,12,422,162,596
3119912,18,465,59,542
3119913,19,387,55,461
3119914,17,312,44,373
3119915,13,504,75,592
3119916,3,415,12,430
3119917,36,312,33,381
3120001,12,419,19,450
3120002,7,360,21,388
3120003,16,374,29,419
3120004,6,322,36,364
3120005,18,199,27,244
3120006,18,242,18,278
3120007,3,287,13,303
3120008,9,123,6,138
3120009,15,337,27,379
3120010,9,687,15,711
3120011,14,508,28,550
3120012,11,388,31,430
3120013,15,527,33,575
3120014,15,469,24,508
3120015,6,265,15,286
3120016,6,207,12,225
3120017,26,498,20,544
3120018,14,394,54,462
3120019,64,219,9,292
3120020,9,291,15,315
3120021,10,274,16,300
3120022,0,507,40,547
3120023,9,581,40,630
3120024,3,291,18,312
3120025,12,321,40,373
3120026,16,347,6,369
3120101,10,344,12,366
3120102,13,546,39,598
3120103,10,437,56,503
3120104,13,466,14,493
3120105,10,431,31,472
3120106,11,416,64,491
3120107,19,230,0,249
3120108,6,255,18,279
3120109,3,305,42,350
3120110,12,294,46,352
3120201,0,0,0,0
3120301,9,327,40,376
3120302,3,303,30,336
3120303,12,446,21,479
3120304,21,362,22,405
3120305,11,426,14,451
3120306,21,460,33,514
3120307,8,396,55,459
3120308,15,211,28,254
3120309,23,384,44,451
3120310,53,798,60,911
3120311,15,323,32,370
3120312,0,210,27,237
3120313,6,290,24,320
3120401,18,456,35,509
3120402,15,229,21,265
3120403,24,654,73,751
3120404,0,0,0,0
3120405,7,311,81,399
3120406,31,461,80,572
3120407,12,347,45,404
3120408,3,249,35,287
3120409,21,473,32,526
3120410,15,375,18,408
3120411,0,256,34,290
3120412,24,377,30,431
3120413,11,316,34,361
3120501,16,377,26,419
3120502,18,411,21,450
3120503,36,472,49,557
3120504,48,502,16,566
3120505,27,242,29,298
3120506,36,330,35,401
3120507,27,234,22,283
3120508,22,336,72,430
3120509,16,411,42,469
3120510,24,326,38,388
3120511,6,232,43,281
3120512,9,262,36,307
3120513,17,297,61,375
3120514,24,389,66,479
3120515,18,294,47,359
3120516,0,6,0,6
3120517,36,417,45,498
3120518,19,327,45,391
3120519,24,262,12,298
3120601,10,301,49,360
3120602,19,304,16,339
3120603,6,387,40,433
3120604,35,466,42,543
3120605,12,184,9,205
3120701,14,288,18,320
3120702,10,287,6,303
3120703,3,156,12,171
3120704,41,388,35,464
3120705,14,287,30,331
3120706,36,537,58,631
3120707,98,654,125,877
3120708,18,401,11,430
3120709,30,425,30,485
3120710,27,468,27,522
3120801,18,325,29,372
3120802,9,185,32,226
3120803,9,192,17,218
3120804,26,516,28,570
3120805,9,342,24,375
3120806,13,335,34,382
3120807,12,497,42,551
3120808,9,357,9,375
3120809,15,528,9,552
3120810,6,265,24,295
3120811,15,361,15,391
3120812,28,336,21,385
3120813,9,207,3,219
3120814,23,342,19,384
3120815,3,84,3,90
3120816,51,355,44,450
3120817,12,263,27,302
3120818,30,456,22,508
3120819,9,216,10,235
3120820,20,489,24,533
3120821,6,247,3,256
3120822,7,441,52,500
3120823,0,286,12,298
3120824,15,294,12,321
3120825,15,440,20,475
3120901,15,469,21,505
3120902,22,647,19,688
3120903,12,532,16,560
3120904,19,374,8,401
3120905,4,280,19,303
3120906,4,219,12,235
3120907,0,112,4,116
3120908,9,251,8,268
3120909,4,306,8,318
3120910,12,344,13,369
3120911,4,248,32,284
3120912,0,3,381,384
3120913,0,0,49,49
3121001,10,408,35,453
3121002,8,306,21,335
3121003,9,343,27,379
3121004,6,435,34,475
3121005,4,321,15,340
3121006,18,375,36,429
3121007,19,359,43,421
3121008,22,536,29,587
3121009,23,976,51,1050
3121010,10,211,15,236
3121011,0,0,0,0
3121012,16,299,21,336
3121013,63,166,15,244
3121014,24,411,38,473
3121015,4,136,21,161
3121016,14,407,13,434
3121017,9,514,44,567
3121018,29,521,23,573
3121019,25,1213,129,1367
3121101,10,242,20,272
3121102,9,247,3,259
3121103,21,357,25,403
3121104,15,295,33,343
3121105,21,472,35,528
3121106,18,481,15,514
3121107,30,455,24,509
3121108,9,211,12,232
3121109,25,493,59,577
3121110,34,561,60,655
3121111,3,401,31,435
3121112,9,258,27,294
3121113,0,40,0,40
3121201,0,0,0,0
3121202,40,359,44,443
3121203,58,292,47,397
3121204,36,258,18,312
3121205,17,235,23,275
3121206,6,165,9,180
3121207,23,149,30,202
3121208,38,310,37,385
3121209,49,444,52,545
3121210,22,211,38,271
3121301,17,414,42,473
3121302,10,364,28,402
3121303,12,304,9,325
3121304,24,482,35,541
3121305,5,294,6,305
3121306,15,611,23,649
3121307,21,735,60,816
3121308,3,365,33,401
3121309,27,516,37,580
3121310,22,430,29,481
3121311,11,457,21,489
3121312,28,480,38,546
3121313,22,513,37,572
3121314,13,471,20,504
3121315,21,341,42,404
3121316,20,418,45,483
3121317,114,685,67,866
3121401,28,260,90,378
3121402,27,414,39,480
3121403,22,385,37,444
3121404,13,227,24,264
3121405,35,491,28,554
3121406,21,457,14,492
3121407,20,299,36,355
3121408,15,379,22,416
3121409,24,363,36,423
3121410,11,299,24,334
3121411,25,484,17,526
3121412,10,371,37,418
3121413,0,258,23,281
3121501,3,167,23,193
3121502,79,342,12,433
3121503,3,118,16,137
3121504,10,582,26,618
3121505,9,432,66,507
3121506,18,266,99,383
3121507,9,104,98,211
3121508,33,423,16,472
3121509,25,422,13,460
3121510,20,288,27,335
3121511,30,346,28,404
3121512,28,437,18,483
3121513,17,335,4,356
3121514,14,339,18,371
3121515,15,465,16,496
3121516,11,235,9,255
3121517,7,355,24,386
3121601,15,427,40,482
3121602,115,295,33,443
3121603,21,469,42,532
3121604,0,6,0,6
3121605,15,171,30,216
3121606,0,0,0,0
3121607,25,250,35,310
3121608,0,0,0,0
3121609,4,109,0,113
3121610,11,232,46,289
3121611,9,204,38,251
3121612,13,118,0,131
3121613,21,327,21,369
3121614,14,223,15,252
3121615,15,423,28,466
3121616,30,412,12,454
3121617,30,483,56,569
3121618,10,368,20,398
3121619,4,306,28,338
3121620,13,199,11,223
3121621,13,292,10,315
3121701,18,288,12,318
3121702,6,110,6,122
3121703,10,172,20,202
3121704,23,294,48,365
3121705,31,387,85,503
3121706,27,317,40,384
3121707,33,419,64,516
3121708,22,417,39,478
3121709,24,335,38,397
3121710,21,296,26,343
3121801,21,417,35,473
3121802,12,234,38,284
3121803,15,196,4,215
3121804,18,271,13,302
3121805,9,231,24,264
3121806,9,236,9,254
3121807,19,389,9,417
3121808,10,228,21,259
3121809,6,185,9,200
3121810,10,172,5,187
3121811,15,228,22,265
3121901,0,164,22,186
3121902,0,0,0,0
3121903,13,380,74,467
3121904,9,259,45,313
3121905,8,184,14,206
3121906,13,224,25,262
3121907,0,31,6,37
3121908,15,312,37,364
3121909,9,151,15,175
3121910,18,365,9,392
3121911,9,207,12,228
3121912,3,228,22,253
3121913,23,196,13,232
3121914,6,219,15,240
3121915,0,0,0,0
3121916,21,392,24,437
3121917,6,213,21,240
3122001,6,244,6,256
3122002,6,288,12,306
3122003,9,195,16,220
3122004,18,267,19,304
3122005,0,293,7,300
3122006,9,384,37,430
3122007,10,454,42,506
3122008,6,321,36,363
3122101,3,6,3,12
3122201,24,376,6,406
3122202,12,260,10,282
3122203,6,383,14,403
3122204,31,194,19,244
3122205,18,396,17,431
3122206,19,293,18,330
3122207,13,253,18,284
3122208,8,305,17,330
3122209,15,405,12,432
3122210,10,365,19,394
3122211,12,279,17,308
3122212,14,412,6,432
3122213,26,502,67,595
3122214,24,314,15,353
3122215,20,208,113,341
3122216,32,334,167,533
3122217,8,265,41,314
3122218,37,364,67,468
3122219,9,218,12,239
3122220,29,470,50,549
3122221,6,232,33,271
3122222,26,286,17,329
3122301,16,298,12,326
3122302,6,260,9,275
3122303,12,572,30,614
3122304,6,317,30,353
3122305,15,404,25,444
3122306,15,557,76,648
3122307,12,580,21,613
3122308,31,396,35,462
3122309,9,186,25,220
3122310,15,325,12,352
3122311,18,430,24,472
3122312,6,239,28,273
3122313,0,274,8,282
3122314,9,319,18,346
3122315,60,636,37,733
3122316,4,319,8,331
3122317,3,430,14,447
3122318,16,218,24,258
3122319,4,383,21,408
3122320,77,364,45,486
3122321,18,281,21,320
3122322,5,323,31,359
3122323,18,257,21,296
3122324,24,460,26,510
3122325,9,238,0,247
3122326,21,294,9,324
3122327,6,211,12,229
3122328,6,202,23,231
3122329,21,395,33,449
3122330,22,268,25,315
3122331,25,277,31,333
3122332,15,217,26,258
3122333,5,275,17,297
3122334,10,292,24,326
3122335,0,310,10,320
3122336,10,344,31,385
3122337,24,683,31,738
3122338,25,390,39,454
3122339,28,219,17,264
3122340,28,377,50,455
3122341,18,426,25,469
3122342,18,404,26,448
3122401,14,394,33,441
3122402,9,244,4,257
3122403,11,419,10,440
3122404,16,320,12,348
3122405,16,319,42,377
3122406,4,314,25,343
3122407,24,403,11,438
3122408,16,270,19,305
3122409,9,198,24,231
3122410,24,459,124,607
3122411,12,298,89,399
3122412,16,439,45,500
3122413,21,375,42,438
3122414,6,284,46,336
3122415,18,244,18,280
3122416,15,262,18,295
3122417,22,414,91,527
3122418,11,241,43,295
3122419,15,168,23,206
3122420,18,432,31,481
3122501,18,222,21,261
3122502,12,179,15,206
3122503,18,244,15,277
3122504,0,273,14,287
3122505,11,267,24,302
3122506,12,193,163,368
3122507,3,3,0,6
3122508,12,383,18,413
3122509,10,394,20,424
3122510,3,176,10,189
3122511,34,303,12,349
3122512,21,233,42,296
3122513,9,480,27,516
3122514,16,292,62,370
3122515,18,359,42,419
3122516,22,441,71,534
3122517,11,273,14,298
3122518,24,777,112,913
3122519,18,324,44,386
3122520,21,394,48,463
3122521,20,214,29,263
3122522,20,422,20,462
3122523,0,49,0,49
3122601,26,492,17,535
3122602,27,386,32,445
3122603,13,378,14,405
3122604,15,400,14,429
3122605,16,393,9,418
3122606,15,502,20,537
3122607,18,357,9,384
3122608,32,514,13,559
3122609,21,444,34,499
3122610,9,186,18,213
3122611,21,305,16,342
3122612,16,312,18,346
3122613,22,578,23,623
3122614,18,232,4,254
3122615,19,506,7,532
3122616,17,308,3,328
3122617,0,0,0,0
3122618,27,423,27,477
3122619,23,388,20,431
3122620,8,353,20,381
3122621,5,236,21,262
3122622,15,413,28,456
3122623,6,328,9,343
3122624,15,390,6,411
3122625,33,439,7,479
3122626,34,796,58,888
3122627,141,526,72,739
3122628,18,247,24,289
3122629,19,324,15,358
3122630,20,304,6,330
3122631,15,277,10,302
3122632,18,362,9,389
3122633,16,444,10,470
3122701,28,359,54,441
3122702,13,422,61,496
3122703,16,434,31,481
3122704,0,329,29,358
3122705,6,277,87,370
3122706,6,243,12,261
3122707,9,342,49,400
3122708,15,557,86,658
3122709,12,571,55,638
3122710,13,236,21,270
3122711,18,598,140,756
3122712,13,478,101,592
3122713,19,517,68,604
3122714,12,503,55,570
3122715,6,452,57,515
3122716,13,403,39,455
3122717,60,487,52,599
3122718,3,308,27,338
3122719,12,495,46,553
3122720,17,414,31,462
3122721,18,411,92,521
3122801,0,200,30,230
3122802,7,243,3,253
3122803,3,257,40,300
3122804,0,351,42,393
3122805,3,256,20,279
3122806,16,393,32,441
3122807,13,340,30,383
3122808,21,309,58,388
3122809,19,340,17,376
3122810,22,436,23,481
3122811,18,356,34,408
3122812,29,454,26,509
3122813,36,388,43,467
3122814,22,322,26,370
3122815,14,406,23,443
3122816,0,0,0,0
3122817,23,376,32,431
3122818,24,248,30,302
3122819,34,408,33,475
3122820,21,467,52,540
3122821,7,190,9,206
3122822,8,376,13,397
3122823,19,485,21,525
3122824,16,304,22,342
3122825,13,465,56,534
3122826,26,383,34,443
3122827,19,442,57,518
3122828,18,365,31,414
3122829,20,404,27,451
3122830,22,441,12,475
3122901,28,345,19,392
3122902,12,149,12,173
3122903,29,404,15,448
3122904,3,369,29,401
3122905,17,367,44,428
3122906,16,294,49,359
3122907,7,328,105,440
3122908,8,388,126,522
3122909,22,359,40,421
3122910,20,357,46,423
3122911,7,304,58,369
3122912,21,494,121,636
3122913,22,354,39,415
3122914,13,495,62,570
3122915,0,0,0,0
3122916,19,332,19,370
3123001,35,324,72,431
3123002,21,235,26,282
3123003,18,382,30,430
3123004,15,337,57,409
3123005,16,391,67,474
3123006,21,332,78,431
3123007,30,434,33,497
3123008,18,330,75,423
3123009,16,424,25,465
3123010,21,319,100,440
3123011,37,466,40,543
3123012,131,224,18,373
3123101,7,217,19,243
3123102,5,287,31,323
3123103,7,322,28,357
3123104,14,544,39,597
3123105,21,339,42,402
3123106,16,350,41,407
3123107,10,187,37,234
3123108,21,248,16,285
3123109,14,306,54,374
3123110,20,500,36,556
3123111,15,222,9,246
3123112,12,338,32,382
3123113,0,8,0,8
3123114,25,354,25,404
3123115,55,939,61,1055
3123116,11,434,39,484
3123117,8,190,13,211
3123118,12,262,23,297
3123119,30,426,39,495
3123120,27,571,32,630
3123121,17,394,33,444
3123122,17,381,8,406
3123123,13,461,30,504
3123124,19,409,30,458
3123125,10,257,39,306
3123126,12,294,17,323
3123201,20,269,11,300
3123202,34,359,31,424
3123203,17,326,21,364
3123204,19,274,22,315
3123205,16,290,15,321
3123206,25,481,12,518
3123207,6,405,27,438
3123208,6,284,9,299
3123209,6,380,4,390
3123210,12,506,22,540
3123211,51,249,126,426
3123212,3,207,7,217
3123213,21,339,23,383
3123214,25,463,7,495
3123215,10,235,13,258
3123216,21,337,29,387
3123217,13,337,8,358
3123218,3,187,25,215
3123219,12,260,15,287
3123220,21,483,26,530
3123221,0,21,3,24
3123222,9,343,18,370
3123223,0,14,0,14
3123224,5,287,12,304
3123225,17,360,16,393
3123226,12,277,18,307
3123301,9,369,6,384
3123302,9,252,15,276
3123303,10,398,0,408
3123304,15,309,9,333
3123305,6,320,6,332
3123306,15,268,10,293
3123307,12,431,7,450
3123308,15,515,12,542
3123309,8,567,31,606
3123310,25,560,23,608
3123311,15,277,12,304
3123312,15,241,3,259
3123313,15,282,9,306
3123314,12,208,0,220
3123315,21,351,10,382
3123316,33,341,10,384
3123317,13,308,44,365
3123318,49,273,9,331
3123319,18,503,41,562
3123320,3,267,15,285
3123321,0,310,30,340
3123322,13,444,9,466
3123323,26,271,15,312
3123324,22,400,8,430
3123325,6,330,27,363
3123326,0,0,0,0
3123327,0,0,0,0
3123328,12,296,26,334
3123329,7,453,20,480
3123330,32,463,21,516
3123331,9,191,7,207
3123332,25,511,38,574
3123333,0,0,0,0
3123401,6,246,14,266
3123402,6,235,3,244
3123403,12,210,20,242
3123404,11,450,53,514
3123405,21,340,14,375
3123406,33,464,51,548
3123407,4,268,39,311
3123408,32,549,19,600
3123409,22,483,27,532
3123410,0,0,0,0
3123411,21,250,17,288
3123412,13,298,9,320
3123413,30,488,65,583
3123414,40,536,28,604
3123415,32,669,89,790
3123416,22,431,55,508
3123417,27,477,39,543
3123418,21,408,26,455
3123419,9,411,12,432
3123420,20,409,5,434
3123421,12,275,15,302
3123422,21,418,13,452
3123423,32,543,13,588
3123424,17,392,3,412
3123425,22,439,14,475
3123426,30,501,32,563
3123427,18,514,24,556
3123428,22,535,17,574
3123429,22,377,18,417
3123430,14,293,15,322
3123431,12,199,34,245
3123432,12,424,20,456
3123501,17,367,29,413
3123502,0,287,15,302
3123503,0,0,0,0
3123504,4,346,56,406
3123505,3,214,0,217
3123506,5,327,18,350
3123507,16,550,18,584
3123508,18,473,17,508
3123509,17,351,16,384
3123510,0,3,0,3
3123511,0,0,0,0
3123512,21,438,36,495
3123513,7,337,0,344
3123514,3,253,21,277
3123515,20,598,28,646
3123516,5,332,16,353
3123517,16,364,34,414
3123518,10,412,26,448
3123519,18,312,33,363
3123520,26,386,35,447
3123521,23,255,68,346
3123522,132,255,37,424
3123523,19,539,69,627
3123524,9,312,24,345
3123525,9,232,7,248
3123526,23,565,31,619
3123601,0,0,0,0
3123602,15,590,83,688
3123603,0,8,0,8
3123604,13,452,45,510
3123605,18,212,33,263
3123606,66,192,15,273
3123607,19,383,20,422
3123608,7,363,41,411
3123609,25,295,9,329
3123610,18,301,41,360
3123611,18,435,52,505
3123612,24,439,47,510
3123613,27,466,45,538
3123614,33,596,22,651
3123615,30,163,0,193
3123616,18,630,39,687
3123701,41,300,27,368
3123702,100,773,70,943
3123703,6,199,3,208
3123704,0,0,0,0
3123705,0,0,0,0
3123706,12,235,0,247
3123707,21,289,20,330
3123708,60,396,23,479
3123709,29,270,15,314
3123710,6,410,43,459
3123711,17,536,14,567
3123712,14,427,34,475
3123713,40,475,27,542
3123714,55,269,25,349
3123715,24,374,59,457
3123716,22,342,3,367
3123717,17,432,30,479
3123718,21,365,12,398
3123719,24,486,46,556
3123720,21,342,10,373
3123721,21,380,9,410
3123722,16,428,25,469
3123723,25,289,6,320
3123724,15,326,6,347
3123725,59,251,19,329
3123801,16,239,6,261
3123802,19,494,30,543
3123803,21,396,66,483
3123804,31,351,30,412
3123805,16,284,30,330
3123806,29,333,20,382
3123807,9,211,18,238
3123808,24,293,17,334
3123809,31,308,32,371
3123810,21,468,37,526
3123811,4,223,16,243
3123812,24,325,21,370
3123813,20,382,27,429
3123814,113,358,31,502
3123815,21,246,10,277
3123816,17,331,51,399
3123817,16,319,26,361
3123818,21,316,37,374
3123819,25,501,42,568
3123820,34,393,15,442
3123821,158,98,0,256
3123822,21,250,6,277
3123823,11,393,20,424
3123824,52,684,108,844
3123825,22,331,99,452
3123826,12,448,30,490
3123827,14,281,11,306
3123828,29,381,22,432
3123829,24,382,16,422
3123830,16,328,20,364
3123831,17,409,48,474
3123832,6,329,49,384
3123833,26,427,54,507
3123834,31,383,99,513
3123835,159,416,32,607
3123836,16,343,16,375
3123837,12,233,17,262
3123838,12,378,17,407
3123839,24,330,39,393
3123840,21,275,42,338
3123841,3,14,0,17
3123901,22,408,13,443
3123902,16,345,25,386
3123903,18,295,18,331
3123904,27,473,40,540
3123905,11,301,11,323
3123906,16,350,7,373
3123907,27,451,34,512
3123908,18,375,13,406
3123909,31,453,38,522
3123910,4,316,20,340
3123911,3,619,18,640
3123912,12,446,40,498
3123913,32,507,82,621
3123914,24,638,31,693
3123915,25,376,14,415
3123916,15,311,24,350
3123917,15,344,15,374
3123918,22,298,30,350
3123919,31,437,32,500
3124001,18,266,10,294
3124002,7,237,6,250
3124003,0,0,0,0
3124004,12,347,30,389
3124005,14,375,19,408
3124006,9,325,25,359
3124007,5,242,0,247
3124008,24,345,14,383
3124009,6,242,37,285
3124010,23,392,9,424
3124011,18,411,34,463
3124012,16,432,23,471
3124013,38,581,58,677
3124014,81,474,101,656
3124015,18,313,24,355
3124016,6,243,0,249
3124017,17,390,27,434
3124018,21,274,29,324
3124019,34,733,109,876
3124020,12,258,7,277
3124021,16,460,14,490
3124022,11,372,13,396
3124023,14,170,12,196
3124101,24,222,24,270
3124102,0,0,0,0
3124103,18,332,12,362
3124104,0,186,106,292
3124105,16,361,8,385
3124106,13,374,23,410
3124107,13,239,30,282
3124108,14,243,24,281
3124109,13,354,24,391
3124110,7,344,36,387
3124111,9,328,18,355
3124112,13,337,7,357
3124113,4,206,12,222
3124201,13,319,43,375
3124202,24,279,12,315
3124203,19,272,24,315
3124204,13,248,18,279
3124205,7,353,7,367
3124206,9,428,9,446
3124207,15,428,6,449
3124208,6,281,4,291
3124209,11,237,12,260
3124210,12,233,5,250
3124211,24,511,8,543
3124212,4,154,6,164
3124213,12,305,21,338
3124214,24,438,16,478
3124215,15,372,6,393
3124216,11,389,15,415
3124217,27,356,9,392
3124218,19,290,11,320
3124219,0,119,7,126
3124220,3,422,16,441
3124221,12,273,15,300
3124222,22,353,28,403
3124223,9,183,3,195
3124224,9,239,3,251
3124225,15,295,20,330
3124226,3,213,5,221
3124227,5,378,3,386
3124228,41,214,15,270
3124229,12,504,21,537
3124230,24,440,13,477
3124231,3,202,12,217
3124232,18,203,6,227
3124233,27,513,36,576
3124234,23,347,0,370
3124235,21,339,0,360
3124236,8,410,12,430
3124237,8,254,18,280
3124238,10,307,13,330
3124301,8,364,19,391
3124302,15,286,23,324
3124303,9,538,18,565
3124304,0,41,6,47
3124305,66,237,18,321
3124306,21,562,34,617
3124307,24,534,28,586
3124308,9,267,15,291
3124309,4,425,19,448
3124310,13,355,28,396
3124311,68,335,0,403
3124312,9,371,30,410
3124313,9,338,37,384
3124314,12,211,26,249
3124315,24,394,15,433
3124316,21,304,27,352
3124317,0,257,8,265
3124318,10,315,7,332
3124401,3,144,9,156
3124402,10,195,13,218
3124403,18,288,12,318
3124404,5,140,10,155
3124405,27,396,30,453
3124406,30,405,22,457
3124407,12,392,10,414
3124408,12,453,18,483
3124409,3,297,6,306
3124410,0,0,0,0
3124411,0,0,0,0
3124412,20,289,8,317
3124413,24,416,10,450
3124414,16,504,34,554
3124415,4,197,6,207
3124416,12,523,14,549
3124417,6,279,26,311
3124418,12,253,12,277
3124419,16,319,10,345
3124420,15,528,75,618
3124421,7,432,26,465
3124422,13,225,7,245
3124423,18,504,39,561
3124424,19,428,10,457
3124425,27,488,0,515
3124426,7,293,6,306
3124427,12,349,21,382
3124428,24,313,9,346
3124429,12,682,50,744
3124430,12,824,24,860
3124431,19,417,25,461
3124432,15,428,9,452
3124433,11,423,6,440
3124434,12,320,3,335
3124435,25,495,31,551
3124436,15,331,7,353
3124437,5,230,12,247
3124438,27,445,0,472
3124439,12,316,34,362
3124440,7,291,0,298
3124441,10,284,6,300
3124442,12,274,29,315
3124443,18,521,21,560
3124444,8,322,19,349
3124445,23,393,10,426
3124501,19,1133,32,1184
3124502,3,178,22,203
3124503,18,549,25,592
3124504,7,381,39,427
3124505,18,499,18,535
3124506,6,402,35,443
3124507,12,252,15,279
3124508,15,896,43,954
3124509,45,569,32,646
3124510,15,623,27,665
3124511,9,326,36,371
3124512,18,508,41,567
3124601,3,28,0,31
3124602,10,340,49,399
3124603,16,668,22,706
3124604,12,329,6,347
3124605,5,287,17,309
3124606,0,15,0,15
3124607,18,691,32,741
3124608,6,287,9,302
3124609,15,381,35,431
3124610,16,419,22,457
3124611,13,529,21,563
3124612,9,200,9,218
3124613,14,382,24,420
3124614,28,221,23,272
3124615,4,116,20,140
3124616,18,322,17,357
3124617,14,670,39,723
3124618,15,237,22,274
3124619,12,270,29,311
3124620,6,275,19,300
3124621,22,335,24,381
3124622,16,194,10,220
3124623,15,586,42,643
3124624,29,651,30,710
3124625,18,317,34,369
3124626,21,415,18,454
3124627,10,430,31,471
3124628,25,531,27,583
3124629,7,365,39,411
3124630,0,0,0,0
3124631,0,8,0,8
3124701,15,387,46,448
3124702,12,276,9,297
3124703,9,347,32,388
3124704,18,485,24,527
3124705,19,518,18,555
3124706,9,334,9,352
3124707,22,488,27,537
3124708,23,430,30,483
3124709,6,248,18,272
3124710,12,316,14,342
3124711,24,375,17,416
3124712,11,225,4,240
3124713,6,265,4,275
3124714,12,206,24,242
3124715,23,339,0,362
3124716,3,268,13,284
3124717,15,240,49,304
3124718,37,439,10,486
3124719,0,0,0,0
3124720,17,213,29,259
3124721,15,437,29,481
3124722,12,272,26,310
3124723,9,324,25,358
3124724,4,236,15,255
3124801,9,198,6,213
3124802,9,180,12,201
3124803,23,323,13,359
3124804,218,384,42,644
3124805,0,8,0,8
3124806,27,440,24,491
3124807,51,430,18,499
3124808,23,572,36,631
3124809,17,361,23,401
3124810,21,282,19,322
3124811,38,392,15,445
3124812,6,191,27,224
3124813,12,286,12,310
3124814,11,405,15,431
3124815,63,204,28,295
3124816,17,752,26,795
3124817,22,596,35,653
3124818,27,481,30,538
3124819,9,456,33,498
3124820,13,301,12,326
3124821,28,507,44,579
3124822,30,376,6,412
3124823,11,339,16,366
3124824,27,506,13,546
3124825,16,421,29,466
3124826,12,272,7,291
3124827,0,0,0,0
3124828,16,433,34,483
3124829,21,515,43,579
3124830,16,251,14,281
3124831,27,440,29,496
3124832,24,665,73,762
3124833,18,454,19,491
3124834,21,328,15,364
3124835,15,309,25,349
3124836,23,234,43,300
3124837,18,370,57,445
3124838,23,260,24,307
3124839,50,415,40,505
3124840,35,456,29,520
3124841,12,225,6,243
3124842,6,338,12,356
3124843,18,432,20,470
3124844,5,283,9,297
3124845,0,0,0,0
3124846,15,340,21,376
3124847,15,226,28,269
3124901,5,254,20,279
3124902,4,294,18,316
3124903,17,315,23,355
3124904,12,284,28,324
3124905,14,316,33,363
3124906,21,261,12,294
3124907,15,431,46,492
3124908,3,336,18,357
3124909,24,483,48,555
3124910,13,745,52,810
3124911,31,845,85,961
3124912,27,737,26,790
3124913,3,403,13,419
3124914,10,553,31,594
3124915,6,414,15,435
3124916,15,504,34,553
3124917,11,325,24,360
3124918,9,279,22,310
3124919,3,245,3,251
3124920,8,477,13,498
3124921,13,403,24,440
3124922,13,464,17,494
3124923,23,592,25,640
3124924,12,439,11,462
3124925,13,516,18,547
3124926,22,1000,30,1052
3124927,15,648,19,682
3124928,12,1158,75,1245
3124929,3,296,18,317
3124930,12,531,12,555
3124931,21,578,13,612
3125001,18,367,58,443
3125002,21,382,43,446
3125003,9,360,69,438
3125004,9,458,43,510
3125005,3,312,28,343
3125006,27,516,35,578
3125007,10,413,24,447
3125008,18,330,18,366
3125009,38,270,127,435
3125010,23,373,0,396
3125011,19,449,10,478
3125012,3,466,19,488
3125013,4,180,7,191
3125014,18,495,15,528
3125015,12,408,34,454
3125016,17,282,12,311
3125017,9,542,19,570
3125101,32,2170,211,2413
3125102,18,573,46,637
3125103,18,1175,16,1209
3125104,27,361,40,428
3125105,12,856,47,915
3125106,0,288,17,305
3125107,10,525,26,561
3125108,12,358,30,400
3125109,19,375,15,409
3125110,9,478,58,545
3125111,9,492,56,557
3125112,6,380,27,413
3125201,15,382,11,408
3125202,73,280,16,369
3125203,20,398,20,438
3125204,10,350,17,377
3125205,3,242,17,262
3125206,9,295,0,304
3125207,18,532,25,575
3125208,0,716,9,725
3125209,24,730,64,818
3125210,11,497,22,530
3125211,15,377,11,403
3125212,3,27,3,33
3125213,9,453,6,468
3125214,24,506,13,543
3125215,14,328,3,345
3125216,12,413,21,446
3125217,0,226,5,231
3125218,3,346,22,371
3125219,6,259,6,271
3125220,13,422,17,452
3125221,0,0,0,0
3125222,15,342,4,361
3125223,9,220,9,238
3125224,12,400,15,427
3125225,13,358,18,389
3125226,24,312,9,345
3125227,15,340,6,361
3125228,7,437,7,451
3125229,18,229,0,247
3125230,36,478,62,576
3125231,21,149,72,242
3125232,38,513,18,569
3125233,21,331,9,361
3125234,15,384,43,442
3125235,6,519,27,552
3125236,13,643,9,665
3125237,23,302,14,339
3125238,14,513,24,551
3125239,15,458,12,485
3125301,6,154,6,166
3125302,3,230,39,272
3125303,0,411,51,462
3125304,44,326,36,406
3125305,3,266,18,287
3125306,12,398,18,428
3125307,6,403,18,427
3125308,6,348,59,413
3125309,0,0,0,0
3125310,9,361,47,417
3125311,64,365,43,472
3125312,9,458,35,502
3125313,21,710,61,792
3125314,10,221,12,243
3125315,0,12,0,12
3125316,3,342,43,388
3125317,12,706,84,802
3125318,21,410,48,479
3125319,3,322,24,349
3125320,10,384,28,422
3125321,6,218,34,258
3125322,22,452,14,488
3125323,4,70,26,100
3125401,0,0,0,0
3125402,19,402,18,439
3125403,23,503,12,538
3125404,12,247,12,271
3125405,26,493,9,528
3125406,6,192,3,201
3125407,16,308,22,346
3125408,6,209,19,234
3125409,28,405,29,462
3125410,3,270,6,279
3125501,6,196,3,205
3125502,6,210,13,229
3125503,3,285,19,307
3125504,18,535,18,571
3125505,6,167,0,173
3125506,3,595,49,647
3125507,16,411,14,441
3125508,9,366,0,375
3125509,12,312,3,327
3125510,12,212,6,230
3125511,6,416,18,440
3125512,12,376,0,388
3125513,10,414,23,447
3125514,7,367,12,386
3125515,19,549,12,580
3125516,15,461,15,491
3125517,9,427,12,448
3125518,15,716,30,761
3125519,10,428,15,453
3125520,0,370,10,380
3125521,3,22,9,34
3125522,18,777,38,833
3125523,4,294,9,307
3125524,10,478,18,506
3125525,15,926,15,956
3125526,3,34,3,40
3125527,6,188,11,205
3125528,13,212,12,237
3125529,6,298,12,316
3125530,18,563,20,601
3125531,7,200,10,217
3125532,21,1013,118,1152
3125533,24,811,49,884
3125534,90,435,16,541
3125535,15,461,21,497
3125536,0,283,18,301
3125601,5,359,18,382
3125602,0,326,12,338
3125603,0,0,0,0
3125604,21,388,20,429
3125605,4,316,6,326
3125606,0,0,0,0
3125607,0,0,0,0
3125608,12,227,10,249
3125609,4,430,21,455
3125610,10,481,12,503
3125611,18,715,24,757
3125612,22,562,31,615
3125613,18,493,28,539
3125614,18,845,62,925
3125615,9,489,21,519
3125616,14,548,30,592
3125617,6,307,27,340
3125618,9,306,21,336
3125619,12,332,28,372
3125620,8,405,16,429
3125621,14,417,16,447
3125622,12,415,21,448
3125623,15,456,12,483
3125624,20,401,9,430
3125625,12,368,9,389
3125626,9,333,11,353
3125627,27,867,44,938
3125628,18,413,24,455
3125629,22,384,18,424
3125630,23,383,15,421
3125631,22,317,16,355
3125632,21,241,12,274
3125633,22,341,18,381
3125634,21,425,25,471
3125701,89,210,5,304
3125702,12,350,35,397
3125703,7,253,23,283
3125704,34,703,58,795
3125705,31,1328,72,1431
3125801,21,474,23,518
3125802,18,408,31,457
3125803,18,335,32,385
3125804,14,462,34,510
3125805,7,334,18,359
3125806,6,191,4,201
3125807,12,238,54,304
3125808,13,285,22,320
3125809,4,432,27,463
3125810,16,473,21,510
3125811,6,282,24,312
3125812,21,908,42,971
3125813,14,890,21,925
3125814,9,439,30,478
3125815,6,219,6,231
3125816,12,352,21,385
3125817,0,272,12,284
3125818,0,261,3,264
3125819,3,367,6,376
3125820,52,1430,86,1568
3125821,34,1028,36,1098
3125822,18,399,15,432
3125823,7,248,15,270
3125824,15,613,63,691
3125825,4,258,15,277
3125826,3,325,24,352
3125827,7,283,9,299
3125828,17,595,36,648
3125829,3,355,12,370
3125830,13,275,21,309
3125831,7,372,54,433
3125832,19,427,8,454
3125833,16,479,21,516
3125834,20,471,33,524
3125835,17,630,52,699
3125836,16,653,13,682
3125837,130,587,25,742
3125838,12,378,11,401
3125839,9,377,12,398
3125840,30,680,15,725
3125841,30,1259,44,1333
3125842,10,445,33,488
3125843,18,471,38,527
3125844,10,259,32,301
3125845,15,155,6,176
3125846,11,571,54,636
3125847,15,280,21,316
3125901,13,384,24,421
3125902,104,103,11,218
3125903,16,440,37,493
3125904,15,283,21,319
3125905,10,446,23,479
3125906,17,421,26,464
3125907,18,294,9,321
3125908,21,345,29,395
3125909,3,452,25,480
3125910,13,355,29,397
3126001,21,375,20,416
3126002,15,631,142,788
3126003,8,443,75,526
3126004,9,294,39,342
3126005,6,279,24,309
3126006,102,427,34,563
3126007,24,416,12,452
3126008,9,493,35,537
3126009,9,271,32,312
3126010,35,428,33,496
3126011,7,397,66,470
3126012,3,336,18,357
3126013,19,376,8,403
3126014,16,309,15,340
3126101,18,269,12,299
3126102,6,520,24,550
3126103,19,538,7,564
3126104,9,381,10,400
3126105,8,507,80,595
3126106,37,382,40,459
3126107,23,283,33,339
3126108,12,291,21,324
3126109,10,248,0,258
3126110,6,443,26,475
3126111,23,508,21,552
3126112,33,545,79,657
3126113,6,422,44,472
3126114,17,507,26,550
3126115,28,526,15,569
3126116,18,357,3,378
3126117,10,335,69,414
3126118,15,366,31,412
3126119,3,338,21,362
3126120,104,423,44,571
3126121,4,354,30,388
3126122,7,330,3,340
3126123,3,294,14,311
3126124,12,497,19,528
3126125,7,303,32,342
3126126,15,353,20,388
3126127,21,514,22,557
3126128,3,222,12,237
3126129,9,267,26,302
3126130,0,323,0,323
3126131,15,257,32,304
3126132,0,149,6,155
3126133,12,376,6,394
3126134,9,302,0,311
3126135,24,398,0,422
3126136,26,446,47,519
3126137,6,291,13,310
3126138,24,334,15,373
3126139,0,345,52,397
3126140,12,342,12,366
3126141,15,254,26,295
3126142,15,309,24,348
3126143,14,283,23,320
3126144,0,271,9,280
3126145,5,323,13,341
3126146,27,426,27,480
3126147,12,381,11,404
3126148,15,420,9,444
3126149,16,401,35,452
3126150,17,234,12,263
3126151,18,357,50,425
3126201,22,509,31,562
3126202,22,436,15,473
3126203,14,398,25,437
3126204,11,758,12,781
3126205,0,246,9,255
3126206,12,340,3,355
3126207,13,538,7,558
3126208,187,721,47,955
3126209,9,434,141,584
3126210,22,460,28,510
3126211,8,312,44,364
3126212,15,251,24,290
3126213,14,411,33,458
3126214,47,690,51,788
3126215,35,489,48,572
3126216,24,560,30,614
3126217,26,526,27,579
3126218,15,264,21,300
3126219,15,483,32,530
3126220,10,219,6,235
3126221,17,443,28,488
3126222,13,762,17,792
3126223,7,506,37,550
3126224,3,145,3,151
3126225,18,398,59,475
3126226,15,312,79,406
3126227,9,674,86,769
3126228,12,498,18,528
3126301,4,310,13,327
3126302,6,225,23,254
3126303,11,211,0,222
3126304,9,439,21,469
3126305,6,307,27,340
3126306,24,352,28,404
3126307,16,351,19,386
3126308,8,443,21,472
3126309,18,332,18,368
3126310,12,204,18,234
3126311,19,378,18,415
3126312,30,333,12,375
3126313,18,479,19,516
3126314,3,324,15,342
3126315,14,348,21,383
3126316,15,428,54,497
3126317,18,287,18,323
3126318,15,343,135,493
3126319,21,315,30,366
3126320,13,426,31,470
3126321,7,271,9,287
3126322,175,297,36,508
3126323,76,633,59,768
3126324,0,5,0,5
3126325,13,275,9,297
3126326,15,202,15,232
3126327,11,561,34,606
3126328,15,415,22,452
3126329,27,445,28,500
3126330,15,275,18,308
3126401,6,359,4,369
3126402,15,537,31,583
3126403,0,6,0,6
3126404,12,518,35,565
3126405,13,516,48,577
3126406,23,374,17,414
3126407,15,424,33,472
3126408,24,439,21,484
3126409,16,777,47,840
3126410,15,347,33,395
3126411,16,337,38,391
3126412,34,540,36,610
3126413,49,392,61,502
3126414,0,3,0,3
3126501,12,363,21,396
3126502,12,519,5,536
3126503,12,656,17,685
3126504,15,385,31,431
3126505,10,398,10,418
3126506,15,322,10,347
3126507,14,402,6,422
3126508,3,271,16,290
3126509,18,423,44,485
3126510,9,395,40,444
3126511,20,674,33,727
3126512,19,654,25,698
3126513,8,323,13,344
3126514,16,535,29,580
3126515,9,388,28,425
3126516,6,250,22,278
3126517,13,292,15,320
3126518,21,578,10,609
3126601,13,255,24,292
3126602,10,298,65,373
3126603,22,242,20,284
3126604,0,0,0,0
3126605,15,347,17,379
3126606,30,445,30,505
3126607,0,184,18,202
3126608,9,453,12,474
3126609,30,535,42,607
3126610,3,213,27,243
3126611,9,261,8,278
3126612,23,424,30,477
3126613,24,424,45,493
3126614,70,285,39,394
3126615,26,491,43,560
3126616,23,344,39,406
3126617,31,802,75,908
3126618,84,766,74,924
3126619,34,399,47,480
3126620,27,468,30,525
3126621,21,241,22,284
3126622,10,465,53,528
3126623,96,310,40,446
3126624,9,302,62,373
3126625,20,477,68,565
3126626,5,207,16,228
3126627,53,398,160,611
3126628,24,275,26,325
3126629,25,489,92,606
3126630,15,338,44,397
3126631,24,379,91,494
3126632,16,265,47,328
3126633,27,318,33,378
3126634,48,580,112,740
3126635,19,540,22,581
3126636,32,339,45,416
3126637,63,1410,196,1669
3126638,24,790,60,874
3126639,4,524,52,580
3126640,42,317,24,383
3126641,115,194,9,318
3126642,30,369,29,428
3126643,15,423,21,459
3126644,15,278,15,308
3126645,7,317,6,330
3126646,7,174,19,200
3126647,11,263,22,296
3126648,0,3,0,3
3126649,28,490,43,561
3126650,36,374,63,473
3126651,15,385,53,453
3126652,145,239,46,430
3126653,30,395,47,472
3126654,16,284,49,349
3126655,17,274,58,349
3126656,15,415,49,479
3126657,19,272,18,309
3126658,29,308,40,377
3126659,15,512,100,627
3126660,12,460,15,487
3126661,15,311,33,359
3126662,13,367,24,404
3126663,15,225,17,257
3126701,12,704,54,770
3126702,10,359,33,402
3126703,15,295,3,313
3126704,16,368,8,392
3126705,16,349,18,383
3126706,18,428,26,472
3126707,9,300,16,325
3126708,19,469,13,501
3126709,10,389,27,426
3126710,18,421,21,460
3126711,6,199,3,208
3126712,9,264,20,293
3126713,12,427,42,481
3126714,3,233,17,253
3126715,132,203,21,356
3126716,15,400,24,439
3126717,6,400,38,444
3126718,17,443,12,472
3126719,18,262,3,283
3126720,9,288,6,303
3126801,15,256,26,297
3126802,6,199,6,211
3126803,13,307,12,332
3126804,18,507,44,569
3126805,9,401,10,420
3126806,18,236,19,273
3126807,6,170,25,201
3126808,24,506,32,562
3126809,16,419,26,461
3126810,0,4,0,4
3126811,13,293,13,319
3126812,16,504,24,544
3126901,9,251,83,343
3126902,6,236,67,309
3126903,3,217,62,282
3126904,11,444,80,535
3126905,6,320,93,419
3126906,6,256,84,346
3126907,9,268,36,313
3126908,21,450,55,526
3126909,13,285,121,419
3127001,9,225,10,244
3127002,9,453,29,491
3127003,26,271,103,400
3127004,6,426,29,461
3127005,12,461,101,574
3127006,12,449,89,550
3127007,6,350,71,427
3127008,12,332,42,386
3127009,3,170,3,176
3127010,12,297,3,312
3127011,15,397,22,434
3127012,18,317,72,407
3127013,27,346,69,442
3127014,12,201,38,251
3127015,10,326,75,411
3127016,20,517,168,705
3127017,10,384,84,478
3127018,21,301,197,519
3127019,7,294,101,402
3127020,12,239,24,275
3127021,10,399,39,448
3127022,24,613,90,727
3127023,14,503,63,580
3127024,6,221,70,297
3127025,16,350,41,407
3127026,18,346,26,390
3127027,18,352,51,421
3127028,15,477,59,551
3127029,0,424,67,491
3127030,15,412,36,463
3127031,21,492,72,585
3127032,7,322,24,353
3127033,4,285,0,289
3127034,6,292,3,301
3127035,35,364,53,452
3127036,29,472,17,518
3127037,11,286,46,343
3127038,12,249,40,301
3127039,6,199,125,330
3127040,9,401,160,570
3127041,4,247,64,315
3127042,15,386,54,455
3127043,6,377,100,483
3127044,16,472,97,585
3127045,8,264,60,332
3127046,12,273,40,325
3127101,28,314,37,379
3127102,6,12,3,21
3127103,13,428,6,447
3127104,13,529,21,563
3127105,13,498,23,534
3127106,0,3,0,3
3127107,20,321,27,368
3127108,0,4,4,8
3127109,0,0,0,0
3127110,9,276,50,335
3127111,31,420,28,479
3127112,33,376,11,420
3127113,39,430,56,525
3127114,0,0,0,0
3127115,21,259,16,296
3127201,0,0,0,0
3127202,15,338,21,374
3127203,98,378,48,524
3127204,34,357,9,400
3127205,30,488,24,542
3127206,26,484,29,539
3127207,27,276,27,330
3127208,16,280,15,311
3127209,28,464,39,531
3127210,15,268,9,292
3127211,18,297,12,327
3127212,18,364,9,391
3127213,24,377,14,415
3127214,21,406,18,445
3127215,46,448,41,535
3127216,12,528,50,590
3127217,0,10,0,10
3127301,12,268,12,292
3127302,3,250,30,283
3127303,19,629,18,666
3127304,12,258,6,276
3127305,21,380,9,410
3127306,12,525,15,552
3127307,25,526,19,570
3127308,11,457,7,475
3127309,3,297,17,317
3127310,9,369,13,391
3127311,13,385,3,401
3127312,12,265,28,305
3127313,13,471,28,512
3127314,21,617,26,664
3127315,14,422,24,460
3127316,15,391,15,421
3127317,6,348,16,370
3127318,23,450,72,545
3127319,0,292,31,323
3127320,0,77,0,77
3127321,15,538,22,575
3127322,21,211,6,238
3127323,22,523,21,566
3127324,6,323,4,333
3127325,19,360,3,382
3127326,10,308,10,328
3127327,13,283,9,305
3127328,15,579,36,630
3127329,21,328,21,370
3127330,9,305,6,320
3127331,12,445,27,484
3127332,8,275,4,287
3127333,6,350,11,367
3127334,15,353,9,377
3127335,18,326,6,350
3127336,9,317,9,335
3127337,15,507,16,538
3127338,6,287,6,299
3127339,10,557,24,591
3127340,18,466,24,508
3127341,12,490,25,527
3127342,15,304,21,340
3127343,26,297,15,338
3127344,12,390,21,423
3127345,9,427,6,442
3127346,16,513,8,537
3127347,18,286,121,425
3127348,20,525,9,554
3127349,15,565,17,597
3127350,4,429,9,442
3127351,0,417,10,427
3127352,0,326,12,338
3127353,31,1095,55,1181
3127354,9,284,7,300
3127355,21,425,9,455
3127356,5,443,8,456
3127357,17,300,18,335
3127358,5,252,3,260
3127359,4,232,3,239
3127360,9,238,15,262
3127401,23,516,34,573
3127402,0,0,3,3
3127403,13,250,18,281
3127404,29,332,18,379
3127405,9,226,16,251
3127406,21,443,24,488
3127407,26,393,49,468
3127408,18,508,48,574
3127409,35,291,51,377
3127410,27,324,45,396
3127411,31,275,34,340
3127412,32,279,27,338
3127413,10,214,42,266
3127414,15,350,24,389
3127415,24,436,81,541
3127416,30,437,40,507
3127417,30,256,33,319
3127418,19,273,27,319
3127419,29,350,52,431
3127420,42,513,57,612
3127421,19,406,35,460
3127422,19,313,21,353
3127423,44,436,24,504
3127424,14,217,26,257
3127425,25,381,31,437
3127426,25,261,32,318
3127427,25,337,17,379
3127428,52,356,30,438
3127429,54,417,35,506
3127430,41,388,58,487
3127431,11,233,19,263
3127432,24,378,27,429
3127433,18,214,3,235
3127434,33,502,50,585
3127435,24,287,24,335
3127436,63,531,37,631
3127437,16,216,35,267
3127438,38,496,38,572
3127439,12,104,9,125
3127501,12,575,31,618
3127502,15,377,9,401
3127503,24,224,141,389
3127504,21,408,6,435
3127505,33,505,42,580
3127506,19,462,16,497
3127507,9,166,18,193
3127508,9,436,26,471
3127509,6,236,16,258
3127510,9,426,17,452
3127511,3,80,19,102
3127512,17,504,24,545
3127513,9,272,6,287
3127514,10,248,34,292
3127515,23,296,25,344
3127516,30,634,35,699
3127517,29,316,9,354
3127601,18,326,61,405
3127602,3,82,15,100
3127603,0,0,0,0
3127604,8,255,19,282
3127605,22,0,0,22
3127606,19,198,17,234
3127607,49,43,256,348
3127608,0,0,878,878
3127609,25,392,47,464
3127610,29,388,111,528
3127611,30,463,89,582
3127612,0,23,3,26
3127613,0,0,1075,1075
3127701,23,377,12,412
3127702,14,285,11,310
3127703,12,238,6,256
3127704,28,460,18,506
3127705,28,378,9,415
3127706,33,461,11,505
3127707,35,692,37,764
3127708,19,402,16,437
3127709,7,204,3,214
3127710,24,314,6,344
3127711,15,189,6,210
3127712,21,180,12,213
3127713,13,288,10,311
3127714,6,279,13,298
3127715,8,251,13,272
3127716,120,257,18,395
3127717,28,354,13,395
3127718,15,420,10,445
3127719,9,380,25,414
3127720,7,353,32,392
3127721,24,342,26,392
3127722,15,386,28,429
3127723,22,236,10,268
3127724,15,288,21,324
3127725,15,336,18,369
3127726,12,372,13,397
3127727,30,429,30,489
3127728,17,407,11,435
3127729,7,41,13,61
3127730,6,248,12,266
3127801,65,261,3,329
3127802,17,178,12,207
3127803,42,391,26,459
3127804,18,219,16,253
3127805,5,206,17,228
3127806,37,263,16,316
3127807,39,434,31,504
3127808,28,449,19,496
3127809,15,268,23,306
3127810,20,168,18,206
3127811,17,224,9,250
3127812,19,317,8,344
3127813,12,231,24,267
3127814,12,162,15,189
3127815,36,376,9,421
3127901,0,4,0,4
3128001,42,411,14,467
3128002,48,357,22,427
3128003,27,371,26,424
3128004,27,542,49,618
3128005,18,295,21,334
3128006,34,243,25,302
3128007,18,333,3,354
3128008,23,780,42,845
3128009,4,246,6,256
3128010,9,215,0,224
3128011,15,164,9,188
3128012,8,192,30,230
3128013,23,291,21,335
3128014,21,300,34,355
3128015,15,262,27,304
3128016,16,265,34,315
3128017,27,198,9,234
3128018,99,229,32,360
3128019,39,496,72,607
3128020,21,360,46,427
3128021,17,233,9,259
3128022,13,257,10,280
3128023,6,242,9,257
3128024,12,338,111,461
3128025,9,217,12,238
3128026,18,164,51,233
3128027,21,261,3,285
3128028,23,283,29,335
3128029,10,277,17,304
3128030,30,295,34,359
3128031,6,171,21,198
3128032,24,270,30,324
3128033,18,215,8,241
3128034,84,311,12,407
3128035,47,364,43,454
3128036,28,484,17,529
3128037,15,234,9,258
3128038,25,183,26,234
3128039,15,243,20,278
3128040,21,198,46,265
3128041,6,242,17,265
3128042,25,342,37,404
3128043,18,188,13,219
3128044,22,291,21,334
3128045,26,397,45,468
3128046,12,276,21,309
3128047,20,350,44,414
3128048,18,321,31,370
3128049,19,328,47,394
3128050,19,236,9,264
3128051,16,266,19,301
3128101,25,223,4,252
3128102,29,209,39,277
3128103,7,153,29,189
3128104,22,509,31,562
3128105,74,244,7,325
3128106,12,305,6,323
3128107,19,302,9,330
3128108,24,307,41,372
3128109,30,253,27,310
3128110,22,197,18,237
3128111,30,327,12,369
3128112,14,172,7,193
3128113,46,458,43,547
3128114,19,393,34,446
3128115,12,175,10,197
3128116,24,332,24,380
3128117,36,554,36,626
3128118,41,519,30,590
3128119,19,357,13,389
3128120,16,172,9,197
3128121,18,450,30,498
3128122,20,448,9,477
3128123,9,150,18,177
3128124,7,314,18,339
3128125,30,595,16,641
3128126,10,352,26,388
3128127,12,177,21,210
3128128,18,378,33,429
3128129,7,166,3,176
3128130,51,311,12,374
3128131,17,145,16,178
3128132,18,371,18,407
3128133,23,564,38,625
3128201,10,206,18,234
3128202,4,184,6,194
3128203,22,375,18,415
3128204,15,338,24,377
3128205,24,184,9,217
3128206,15,248,12,275
3128207,91,291,39,421
3128208,32,380,15,427
3128209,6,182,16,204
3128210,12,218,10,240
3128211,19,330,12,361
3128212,6,208,10,224
3128213,21,298,69,388
3128214,19,393,92,504
3128215,6,238,24,268
3128216,13,228,41,282
3128217,18,377,20,415
3128218,12,319,513,844
3128219,19,317,20,356
3128220,18,322,19,359
3128221,8,219,9,236
3128222,22,470,57,549
3128223,21,566,28,615
3128224,38,643,47,728
3128225,9,35,3,47
3128226,24,448,15,487
3128227,7,284,0,291
3128228,12,233,0,245
3128229,33,667,26,726
3128230,3,241,36,280
3128231,24,433,23,480
3128301,20,490,41,551
3128302,37,382,22,441
3128303,37,374,17,428
3128304,0,0,0,0
3128305,12,252,6,270
3128306,0,0,0,0
3128307,24,218,12,254
3128308,21,725,54,800
3128309,30,499,34,563
3128310,22,292,16,330
3128311,22,319,9,350
3128312,0,270,8,278
3128313,12,308,13,333
3128314,17,408,6,431
3128315,11,230,4,245
3128316,70,480,12,562
3128317,40,415,15,470
3128318,11,223,19,253
3128319,26,300,12,338
3128320,11,230,9,250
3128321,15,503,18,536
3128322,21,352,0,373
3128323,94,204,3,301
3128324,9,816,47,872
3128401,33,315,30,378
3128402,21,243,9,273
3128403,27,235,33,295
3128404,21,284,17,322
3128405,18,244,35,297
3128406,34,437,53,524
3128407,15,295,12,322
3128408,30,470,35,535
3128409,15,225,7,247
3128410,18,441,40,499
3128411,17,483,16,516
3128412,21,266,30,317
3128413,24,443,28,495
3128414,27,393,20,440
3128415,30,529,9,568
3128416,38,307,31,376
3128417,22,372,28,422
3128418,18,226,27,271
3128419,17,236,15,268
3128420,39,432,36,507
3128501,17,433,20,470
3128502,14,265,3,282
3128503,3,301,25,329
3128504,26,497,33,556
3128505,31,441,30,502
3128506,41,493,24,558
3128507,17,228,15,260
3128508,18,441,23,482
3128509,16,433,25,474
3128510,30,518,21,569
3128511,8,419,18,445
3128512,15,270,43,328
3128513,12,377,25,414
3128514,25,211,15,251
3128601,120,199,24,343
3128602,30,389,42,461
3128603,6,215,12,233
3128604,21,327,9,357
3128605,29,232,24,285
3128606,16,351,32,399
3128607,17,329,11,357
3128608,45,447,44,536
3128609,0,0,0,0
3128610,16,203,19,238
3128611,22,355,76,453
3128612,16,349,19,384
3128613,16,419,32,467
3128614,0,6,0,6
3128615,0,9,6,15
3128616,13,342,48,403
3128617,9,407,17,433
3128618,12,341,22,375
3128619,16,261,10,287
3128620,9,209,8,226
3128621,21,376,16,413
3128701,34,295,25,354
3128702,45,556,46,647
3128703,26,372,13,411
3128704,32,396,18,446
3128705,39,231,26,296
3128706,24,347,24,395
3128707,45,258,7,310
3128708,9,253,13,275
3128709,6,260,7,273
3128710,7,233,3,243
3128711,22,324,9,355
3128712,13,279,8,300
3128713,34,449,18,501
3128714,34,338,10,382
3128715,24,392,22,438
3128716,16,384,38,438
3128717,12,223,18,253
3128718,39,383,17,439
3128719,18,293,12,323
3128720,26,349,27,402
3128721,10,314,39,363
3128722,25,494,20,539
3128723,52,538,9,599
3128724,18,219,10,247
3128725,21,369,3,393
3128726,24,324,34,382
3128727,13,254,12,279
3128728,10,278,12,300
3128729,40,396,22,458
3128730,20,360,21,401
3128731,7,202,24,233
3128732,6,216,18,240
3128733,20,272,10,302
3128734,80,517,46,643
3128735,23,308,18,349
3128736,22,328,17,367
3128737,19,327,23,369
3128738,16,366,36,418
3128739,24,314,20,358
3128740,11,219,10,240
3128741,16,324,15,355
3128742,15,249,15,279
3128743,42,218,65,325
3128744,18,303,28,349
3128745,8,259,7,274
3128746,33,264,15,312
3128801,12,313,12,337
3128802,21,616,25,662
3128803,0,220,0,220
3128804,9,343,3,355
3128805,14,270,12,296
3128806,21,370,20,411
3128807,12,326,14,352
3128808,18,281,9,308
3128809,26,375,16,417
3128810,6,623,22,651
3128811,13,255,12,280
3128901,12,257,10,279
3128902,25,370,7,402
3128903,6,403,0,409
3128904,8,436,10,454
3128905,5,252,3,260
3128906,12,597,32,641
3128907,7,467,13,487
3128908,11,488,17,516
3128909,6,294,14,314
3128910,12,256,0,268
3128911,6,431,27,464
3128912,18,239,18,275
3129001,15,397,16,428
3129002,6,374,6,386
3129003,3,206,3,212
3129004,15,498,10,523
3129005,16,541,15,572
3129006,12,545,30,587
3129007,6,300,3,309
3129008,15,369,15,399
3129009,3,394,15,412
3129010,4,222,12,238
3129011,11,376,9,396
3129012,6,235,15,256
3129013,12,465,6,483
3129014,3,357,15,375
3129015,6,369,3,378
3129101,68,571,52,691
3129102,29,424,45,498
3129103,51,350,20,421
3129104,33,410,13,456
3129105,27,286,37,350
3129106,43,443,50,536
3129107,0,33,6,39
3129108,3,172,11,186
3129109,10,265,10,285
3129110,23,346,4,373
3129111,31,387,36,454
3129112,36,289,76,401
3129113,15,445,12,472
3129114,17,383,19,419
3129115,34,501,22,557
3129116,55,483,27,565
3129117,0,9,0,9
3129201,20,204,28,252
3129202,0,0,0,0
3129203,12,204,12,228
3129204,31,374,10,415
3129205,22,383,44,449
3129206,105,129,19,253
3129207,7,204,12,223
3129208,9,218,5,232
3129209,21,209,8,238
3129210,15,297,24,336
3129211,12,316,19,347
3129212,37,371,41,449
3129213,15,266,21,302
3129214,28,324,40,392
3129215,12,187,19,218
3129216,21,341,22,384
3129217,9,175,12,196
3129218,8,273,27,308
3129219,70,648,27,745
3129220,18,327,10,355
3129301,12,247,0,259
3129302,6,423,12,441
3129303,15,320,20,355
3129304,7,286,0,293
3129305,6,371,6,383
3129306,10,399,15,424
3129307,13,480,62,555
3129308,37,434,63,534
3129309,24,391,9,424
3129310,28,410,9,447
3129311,24,368,25,417
3129312,68,267,24,359
3129313,9,202,7,218
3129314,18,504,21,543
3129315,12,246,15,273
3129316,12,480,3,495
3129317,13,337,11,361
3129318,17,315,0,332
3129319,3,12,0,15
3129320,15,383,12,410
3129321,28,434,12,474
3129322,6,167,7,180
3129323,19,276,0,295
3129324,100,329,35,464
3129325,15,413,18,446
3129326,18,309,19,346
3129327,3,220,5,228
3129328,15,448,18,481
3129329,7,190,3,200
3129330,34,779,64,877
3129331,0,18,0,18
3129332,13,327,7,347
3129333,32,401,23,456
3129334,27,340,35,402
3129335,26,361,15,402
3129336,81,909,58,1048
3129401,27,430,7,464
3129402,11,314,4,329
3129403,9,316,6,331
3129404,4,316,21,341
3129405,9,205,15,229
3129406,9,304,9,322
3129407,0,379,5,384
3129408,6,398,30,434
3129501,148,338,21,507
3129502,26,286,46,358
3129503,0,15,0,15
3129504,10,196,11,217
3129505,27,347,59,433
3129506,51,404,55,510
3129507,21,241,12,274
3129508,24,358,12,394
3129509,25,411,97,533
3129510,0,0,0,0
3129601,0,43,0,43
3129602,9,477,17,503
3129603,24,885,19,928
3129604,3,767,39,809
3129605,6,622,21,649
3129606,21,546,46,613
3129607,11,339,16,366
3129608,16,270,14,300
3129609,18,371,18,407
3129610,16,529,74,619
3129611,24,338,25,387
3129612,8,412,40,460
3129613,0,18,0,18
3129614,12,229,13,254
3129615,21,335,26,382
3129616,21,326,31,378
3129617,16,483,17,516
3129618,15,300,24,339
3129619,3,472,23,498
3129701,32,296,35,363
3129702,36,304,42,382
3129703,24,358,74,456
3129704,18,433,29,480
3129705,6,217,12,235
3129706,6,195,9,210
3129707,21,463,45,529
3129708,9,316,7,332
3129709,24,446,15,485
3129710,16,237,0,253
3129711,14,175,0,189
3129712,23,556,33,612
3129713,9,304,12,325
3129714,0,0,0,0
3129715,3,236,18,257
3129716,18,300,18,336
3129717,18,372,30,420
3129718,22,389,37,448
3129719,8,516,25,549
3129720,16,551,32,599
3129721,15,412,15,442
3129722,17,341,19,377
3129723,12,291,21,324
3129724,21,400,18,439
3129801,0,9,0,9
3129901,17,249,7,273
3129902,8,229,6,243
3129903,12,287,15,314
3129904,10,264,6,280
3129905,26,447,24,497
3129906,24,475,5,504
3129907,9,395,10,414
3129908,6,309,22,337
3129909,15,386,30,431
3129910,6,339,6,351
3129911,18,211,18,247
3129912,16,426,3,445
3129913,45,260,27,332
3129914,15,880,47,942
3129915,24,460,18,502
3129916,6,506,47,559
3129917,0,6,0,6
3129918,0,0,0,0
3129919,0,0,0,0
3129920,3,27,3,33
3129921,18,210,6,234
3129922,10,182,15,207
3129923,8,300,10,318
3129924,12,265,9,286
3130001,12,296,13,321
3130002,14,423,50,487
3130003,37,390,43,470
3130004,24,440,15,479
3130005,35,645,40,720
3130006,24,402,25,451
3130007,15,184,10,209
3130008,15,432,22,469
3130009,13,295,6,314
3130010,13,292,8,313
3130011,13,156,36,205
3130012,14,203,21,238
3130013,19,393,24,436
3130014,31,231,24,286
3130015,42,443,49,534
3130016,16,607,24,647
3130017,19,370,16,405
3130018,23,401,13,437
3130019,31,750,70,851
3130020,36,404,44,484
3130021,30,418,42,490
3130101,0,0,0,0
3130201,20,624,38,682
3130202,0,6,0,6
3130203,16,634,36,686
3130204,34,887,32,953
3130205,21,408,47,476
3130206,3,30,0,33
3130207,27,454,41,522
3130208,19,347,17,383
3130209,17,382,12,411
3130210,12,381,24,417
3130211,20,315,8,343
3130212,12,302,24,338
3130213,28,1000,123,1151
3130214,28,1387,126,1541
3130215,20,500,28,548
3130216,16,431,28,475
3130217,36,620,79,735
3130218,22,538,38,598
3130219,13,311,27,351
3130220,21,319,9,349
3130221,20,548,15,583
3130222,20,292,18,330
3130223,18,338,14,370
3130224,18,304,27,349
3130225,11,295,21,327
3130226,16,252,0,268
3130227,26,506,33,565
3130228,6,242,14,262
3130229,29,450,21,500
3130230,13,392,13,418
3130301,24,401,16,441
3130302,15,539,35,589
3130303,11,495,3,509
3130304,12,255,9,276
3130305,12,480,15,507
3130306,24,895,35,954
3130307,4,241,0,245
3130308,3,451,17,471
3130309,24,564,25,613
3130310,12,673,39,724
3130311,20,453,20,493
3130312,0,273,26,299
3130313,10,463,7,480
3130314,0,9,0,9
3130401,8,636,15,659
3130402,12,937,35,984
3130403,3,411,19,433
3130404,16,1271,62,1349
3130405,0,4,0,4
3130406,9,402,18,429
3130407,4,371,5,380
3130408,0,271,24,295
3130409,11,561,14,586
3130410,9,610,7,626
3130411,18,369,6,393
3130412,4,359,7,370
3130413,10,326,30,366
3130414,21,377,15,413
3130415,13,338,5,356
3130416,6,366,7,379
3130417,3,89,15,107
3130418,10,285,12,307
3130419,14,650,6,670
3130420,9,706,37,752
3130421,10,348,38,396
3130501,6,237,14,257
3130502,24,251,0,275
3130503,23,447,32,502
3130504,23,211,0,234
3130505,130,299,30,459
3130506,33,501,35,569
3130507,23,308,26,357
3130508,42,461,22,525
3130509,29,352,10,391
3130510,35,566,33,634
3130511,101,890,65,1056
3130512,26,406,24,456
3130513,13,282,10,305
3130514,16,783,23,822
3130515,12,249,9,270
3130516,24,577,21,622
3130517,15,429,15,459
3130518,10,290,7,307
3130519,7,162,9,178
3130520,38,517,31,586
3130521,31,306,24,361
3130522,15,173,17,205
3130523,12,231,27,270
3130524,15,394,21,430
3130525,10,179,12,201
3130526,7,251,32,290
3130527,18,425,21,464
3130528,12,210,14,236
3130529,0,138,81,219
3130530,41,362,20,423
3130601,0,15,0,15
3130602,15,202,15,232
3130603,30,426,26,482
3130604,24,391,48,463
3130605,6,220,30,256
3130606,21,332,51,404
3130607,12,250,16,278
3130608,28,533,63,624
3130609,24,425,73,522
3130610,33,288,46,367
3130611,30,509,59,598
3130612,12,232,82,326
3130613,12,228,40,280
3130614,43,367,109,519
3130615,13,431,33,477
3130616,12,292,11,315
3130617,43,462,59,564
3130618,60,387,29,476
3130619,66,151,27,244
3130620,36,258,37,331
3130621,19,215,6,240
3130622,0,3,0,3
3130623,10,217,0,227
3130701,34,395,33,462
3130702,25,414,62,501
3130703,42,399,42,483
3130704,12,354,15,381
3130705,0,77,8,85
3130706,0,28,3,31
3130707,42,321,36,399
3130708,81,637,29,747
3130709,27,984,108,1119
3130710,34,568,35,637
3130711,9,159,20,188
3130712,27,603,37,667
3130713,37,404,29,470
3130714,50,786,73,909
3130715,22,323,21,366
3130716,69,372,21,462
3130717,27,416,26,469
3130718,22,388,79,489
3130719,49,491,34,574
3130720,12,154,33,199
3130721,34,383,52,469
3130722,30,360,43,433
3130723,43,435,31,509
3130724,21,225,18,264
3130725,29,552,89,670
3130801,14,346,24,384
3130802,19,638,24,681
3130803,6,289,28,323
3130804,12,451,26,489
3130805,15,443,35,493
3130806,13,371,8,392
3130807,15,440,18,473
3130808,11,334,18,363
3130809,6,299,25,330
3130810,12,216,16,244
3130811,12,285,8,305
3130812,36,676,60,772
3130813,79,356,32,467
3130814,21,453,37,511
3130815,9,336,14,359
3130901,20,475,27,522
3130902,0,320,10,330
3130903,14,474,9,497
3130904,25,176,12,213
3130905,15,476,18,509
3130906,16,320,15,351
3130907,4,310,9,323
3130908,23,287,22,332
3130909,39,404,40,483
3130910,13,296,18,327
3130911,19,258,21,298
3130912,6,202,18,226
3130913,22,368,25,415
3130914,10,207,0,217
3130915,9,391,18,418
3130916,5,187,7,199
3131001,8,271,14,293
3131002,15,526,20,561
3131003,21,508,19,548
3131004,24,643,29,696
3131005,21,433,6,460
3131006,13,254,25,292
3131007,9,577,32,618
3131008,16,514,11,541
3131009,9,302,15,326
3131010,12,583,50,645
3131011,15,295,16,326
3131101,11,337,16,364
3131102,15,402,22,439
3131103,25,488,39,552
3131104,14,549,29,592
3131105,18,448,21,487
3131106,35,563,19,617
3131107,20,393,46,459
3131108,23,373,12,408
3131109,59,628,58,745
3131110,6,183,21,210
3131111,7,237,39,283
3131112,13,182,0,195
3131113,15,254,32,301
3131114,12,376,30,418
3131115,10,353,7,370
3131116,8,282,22,312
3131117,143,312,21,476
3131118,12,280,18,310
3131119,32,259,4,295
3131120,7,227,30,264
3131121,0,0,0,0
3131122,114,582,32,728
3131123,8,282,7,297
3131124,23,392,9,424
3131125,6,331,28,365
3131126,19,434,27,480
3131127,27,499,30,556
3131128,23,506,16,545
3131129,5,202,6,213
3131201,18,443,12,473
3131202,0,196,6,202
3131203,10,240,31,281
3131204,16,293,3,312
3131205,16,332,27,375
3131206,18,466,30,514
3131207,24,445,19,488
3131208,22,320,38,380
3131209,0,0,0,0
3131210,6,297,30,333
3131211,18,479,16,513
3131212,132,902,53,1087
3131213,15,460,15,490
3131214,23,352,20,395
3131215,24,413,21,458
3131216,15,349,10,374
3131301,15,230,3,248
3131302,11,272,16,299
3131303,12,182,3,197
3131304,18,255,19,292
3131305,31,572,21,624
3131306,13,344,12,369
3131307,6,187,25,218
3131308,6,303,13,322
3131309,12,461,20,493
3131310,21,406,13,440
3131311,6,256,9,271
3131401,27,409,20,456
3131402,17,319,21,357
3131403,12,308,23,343
3131404,18,312,35,365
3131405,42,379,12,433
3131406,20,359,17,396
3131407,32,694,21,747
3131408,13,444,25,482
3131409,0,0,0,0
3131410,29,421,35,485
3131411,20,464,25,509
3131412,0,0,0,0
3131413,12,405,27,444
3131414,18,499,41,558
3131415,12,333,6,351
3131416,14,446,20,480
3131417,16,367,20,403
3131418,10,299,5,314
3131419,22,393,27,442
3131420,26,483,42,551
3131421,20,405,26,451
3131422,30,315,14,359
3131423,20,390,50,460
3131424,11,277,29,317
3131425,42,436,25,503
3131426,0,318,15,333
3131427,18,613,33,664
3131501,0,0,0,0
3131601,81,384,18,483
3131602,9,347,4,360
3131603,12,223,0,235
3131604,25,514,11,550
3131605,15,433,11,459
3131606,15,224,6,245
3131607,12,311,19,342
3131608,37,482,40,559
3131609,16,435,32,483
3131610,14,357,16,387
3131611,18,342,41,401
3131612,6,284,27,317
3131613,0,3,3,6
3131614,3,378,26,407
3131615,7,431,6,444
3131616,3,258,6,267
3131617,15,588,14,617
3131618,4,443,20,467
3131619,6,379,21,406
3131620,9,285,18,312
3131701,11,189,8,208
3131702,28,684,134,846
3131703,18,514,88,620
3131704,29,243,24,296
3131705,46,604,76,726
3131706,33,505,32,570
3131707,5,456,19,480
3131708,25,865,85,975
3131709,15,405,14,434
3131710,27,283,12,322
3131711,33,425,47,505
3131712,29,300,27,356
3131713,18,194,23,235
3131714,9,222,18,249
3131715,28,469,39,536
3131716,38,666,48,752
3131717,26,431,24,481
3131718,9,186,21,216
3131719,27,544,12,583
3131720,9,255,20,284
3131721,11,293,14,318
3131722,11,241,11,263
3131723,25,501,33,559
3131724,15,414,37,466
3131725,15,188,12,215
3131726,0,0,0,0
3131801,5,270,7,282
3131802,7,339,17,363
3131803,9,187,3,199
3131804,0,245,6,251
3131805,15,277,21,313
3131806,10,247,16,273
3131807,16,373,13,402
3131808,21,377,21,419
3131809,6,353,4,363
3131810,8,395,23,426
3131811,9,347,9,365
3131812,22,328,8,358
3131813,7,265,9,281
3131814,22,267,4,293
3131901,11,244,37,292
3131902,12,412,18,442
3131903,4,279,7,290
3131904,11,456,8,475
3131905,4,254,6,264
3131906,15,430,10,455
3131907,12,422,3,437
3131908,12,561,21,594
3131909,12,466,15,493
3131910,9,392,30,431
3131911,10,381,25,416
3131912,19,608,27,654
3131913,24,399,3,426
3131914,18,393,28,439
3131915,24,327,6,357
3131916,12,366,10,388
3131917,16,435,12,463
3131918,32,491,16,539
3131919,14,638,27,679
3131920,34,1249,132,1415
3131921,14,396,28,438
3131922,9,315,8,332
3131923,4,237,6,247
3131924,18,377,13,408
3131925,24,477,27,528
3131926,18,467,30,515
3131927,0,0,0,0
3131928,12,556,37,605
3131929,12,397,43,452
3131930,16,439,35,490
3131931,15,424,43,482
3131932,0,3,0,3
3131933,18,356,15,389
3131934,3,270,0,273
3131935,12,406,12,430
3132001,12,238,31,281
3132002,15,280,21,316
3132003,7,409,39,455
3132004,24,1032,35,1091
3132005,7,241,0,248
3132006,12,243,25,280
3132007,6,180,9,195
3132008,12,539,12,563
3132009,6,216,15,237
3132010,21,315,25,361
3132011,3,94,28,125
3132012,15,297,13,325
3132013,26,493,28,547
3132014,13,330,9,352
3132015,18,494,19,531
3132016,21,225,9,255
3132017,9,452,16,477
3132018,21,878,19,918
3132019,18,389,15,422
3132020,8,625,32,665
3132021,18,349,18,385
3132022,7,245,8,260
3132023,10,209,21,240
3132024,18,361,6,385
3132025,0,0,0,0
3132026,13,423,0,436
3132027,14,329,15,358
3132028,12,320,6,338
3132029,16,726,9,751
3132101,15,340,53,408
3132102,9,268,13,290
3132103,10,366,17,393
3132104,11,362,40,413
3132105,16,466,25,507
3132106,17,401,19,437
3132107,18,389,21,428
3132108,14,423,10,447
3132109,6,211,9,226
3132110,18,371,15,404
3132111,15,272,11,298
3132112,24,537,10,571
3132113,17,326,7,350
3132114,34,889,44,967
3132115,3,254,24,281
3132116,15,560,27,602
3132117,28,643,18,689
3132118,34,981,42,1057
3132119,16,405,12,433
3132120,12,270,22,304
3132121,35,699,9,743
3132122,26,521,35,582
3132123,8,358,21,387
3132124,12,237,6,255
3132125,22,581,12,615
3132126,13,281,34,328
3132127,10,562,25,597
3132128,15,235,3,253
3132129,21,456,15,492
3132130,4,382,7,393
3132131,0,186,16,202
3132132,18,347,22,387
3132133,21,350,24,395
3132134,15,249,6,270
3132135,0,227,8,235
3132136,13,289,9,311
3132137,15,429,25,469
3132138,9,255,9,273
3132139,21,278,3,302
3132140,19,420,20,459
3132141,12,386,24,422
3132142,11,360,12,383
3132143,14,391,9,414
3132144,16,484,8,508
3132145,16,515,10,541
3132201,8,209,32,249
3132202,13,325,42,380
3132203,5,358,4,367
3132204,8,290,7,305
3132205,21,461,15,497
3132206,14,337,13,364
3132207,14,301,22,337
3132208,22,367,30,419
3132209,12,153,34,199
3132210,6,255,41,302
3132211,3,266,29,298
3132212,21,285,19,325
3132213,7,259,10,276
3132214,13,424,10,447
3132215,9,196,33,238
3132216,15,213,12,240
3132217,6,202,14,222
3132218,12,327,43,382
3132301,0,172,55,227
3132302,59,233,17,309
3132303,20,273,122,415
3132304,33,386,21,440
3132305,18,312,32,362
3132306,39,522,39,600
3132307,30,434,24,488
3132308,15,506,25,546
3132309,18,366,20,404
3132310,112,353,48,513
3132311,36,245,102,383
3132312,44,348,67,459
3132313,17,786,30,833
3132314,13,197,8,218
3132315,0,0,0,0
3132316,19,407,24,450
3132317,14,142,6,162
3132318,6,213,16,235
3132319,19,445,24,488
3132320,0,626,51,677
3132321,22,244,40,306
3132401,9,265,3,277
3132402,4,227,15,246
3132403,0,333,21,354
3132404,10,429,12,451
3132405,15,333,12,360
3132406,15,434,12,461
3132407,10,299,12,321
3132408,0,211,18,229
3132409,4,273,15,292
3132410,4,284,4,292
3132411,9,185,14,208
3132412,15,375,11,401
3132413,10,288,19,317
3132414,27,520,5,552
3132415,0,396,27,423
3132416,18,167,20,205
3132417,49,137,7,193
3132418,6,296,3,305
3132419,15,333,0,348
3132420,8,399,21,428
3132421,17,469,30,516
3132422,19,426,19,464
3132423,6,365,12,383
3132501,13,511,12,536
3132502,13,372,8,393
3132503,18,336,13,367
3132504,4,261,7,272
3132505,18,369,10,397
3132506,16,263,0,279
3132507,13,310,11,334
3132508,7,437,16,460
3132509,9,269,6,284
3132510,6,261,16,283
3132511,9,277,3,289
3132512,3,150,5,158
3132513,5,331,9,345
3132514,12,572,23,607
3132515,23,472,24,519
3132516,30,508,30,568
3132517,13,282,9,304
3132518,12,349,17,378
3132519,0,0,0,0
3132520,13,508,70,591
3132521,24,686,36,746
3132522,5,538,34,577
3132523,8,556,12,576
3132524,3,285,24,312
3132525,0,0,0,0
3132526,9,515,15,539
3132527,15,341,39,395
3132528,9,191,0,200
3132601,6,208,7,221
3132602,21,285,27,333
3132603,29,492,26,547
3132604,12,353,12,377
3132605,10,321,28,359
3132606,25,390,42,457
3132607,15,420,28,463
3132608,35,459,42,536
3132609,37,476,57,570
3132610,30,329,39,398
3132611,22,292,35,349
3132612,70,434,77,581
3132613,19,441,40,500
3132614,45,609,43,697
3132615,15,459,25,499
3132616,21,450,18,489
3132617,0,0,0,0
3132618,24,428,30,482
3132619,0,30,0,30
3132620,35,319,45,399
3132621,0,0,0,0
3132622,22,555,12,589
3132623,3,406,27,436
3132701,21,561,13,595
3132702,4,376,0,380
3132703,6,367,15,388
3132704,12,369,9,390
3132705,9,441,3,453
3132706,6,170,0,176
3132707,6,360,12,378
3132708,12,427,9,448
3132709,9,422,4,435
3132710,23,399,9,431
3132711,24,204,15,243
3132712,18,272,21,311
3132713,12,287,21,320
3132714,6,199,12,217
3132715,10,526,12,548
3132716,6,337,3,346
3132717,3,439,3,445
3132718,3,353,9,365
3132719,16,578,15,609
3132720,12,241,7,260
3132721,12,425,9,446
3132722,8,361,11,380
3132723,17,416,12,445
3132724,18,358,0,376
3132725,11,388,0,399
3132726,0,325,9,334
3132727,18,442,3,463
3132728,18,198,6,222
3132729,13,452,28,493
3132801,15,262,10,287
3132802,36,475,30,541
3132803,22,530,30,582
3132804,33,502,27,562
3132805,16,186,12,214
3132806,64,367,20,451
3132807,26,558,33,617
3132808,23,809,23,855
3132809,3,184,18,205
3132810,21,493,12,526
3132811,22,210,25,257
3132812,39,489,52,580
3132813,25,455,43,523
3132814,29,242,15,286
3132815,25,454,53,532
3132901,12,376,14,402
3132902,15,244,18,277
3132903,17,386,29,432
3132904,3,263,9,275
3132905,9,352,22,383
3132906,0,721,38,759
3132907,18,438,12,468
3132908,3,454,21,478
3132909,21,241,4,266
3132910,0,0,0,0
3132911,3,451,8,462
3132912,18,369,0,387
3132913,15,366,20,401
3132914,10,320,4,334
3132915,12,355,3,370
3132916,15,268,4,287
3132917,6,247,10,263
3133001,25,338,66,429
3133002,18,306,31,355
3133003,38,398,44,480
3133004,23,391,54,468
3133005,36,363,66,465
3133006,21,336,42,399
3133007,0,0,3,3
3133008,23,394,106,523
3133009,11,265,32,308
3133010,7,308,32,347
3133011,20,331,36,387
3133012,18,400,34,452
3133013,23,316,33,372
3133014,39,510,58,607
3133015,29,420,58,507
3133016,26,508,33,567
3133017,21,261,25,307
3133018,26,481,66,573
3133019,0,129,27,156
3133020,32,453,18,503
3133021,22,428,66,516
3133022,15,335,18,368
3133023,26,341,43,410
3133024,13,241,23,277
3133025,0,6,6,12
3133026,22,331,31,384
3133101,0,223,15,238
3133102,24,431,33,488
3133103,0,80,9,89
3133104,32,425,96,553
3133105,15,198,36,249
3133106,35,511,50,596
3133107,31,396,54,481
3133108,19,309,13,341
3133109,26,374,109,509
3133110,39,443,52,534
3133111,22,286,60,368
3133112,21,323,19,363
3133113,21,554,30,605
3133114,36,406,37,479
3133115,21,322,30,373
3133201,5,244,17,266
3133202,10,347,26,383
3133203,15,328,16,359
3133204,12,416,19,447
3133205,12,380,12,404
3133206,18,519,3,540
3133207,22,433,17,472
3133208,12,288,8,308
3133209,48,385,20,453
3133210,15,343,6,364
3133211,16,509,9,534
3133212,0,124,0,124
3133213,6,352,22,380
3133214,0,297,12,309
3133215,15,445,25,485
3133216,12,459,16,487
3133217,6,483,10,499
3133218,13,215,29,257
3133219,3,275,16,294
3133220,0,320,8,328
3133221,8,452,6,466
3133222,8,248,0,256
3133223,17,413,32,462
3133224,4,381,15,400
3133225,13,305,15,333
3133226,12,308,9,329
3133227,6,271,12,289
3133228,17,515,18,550
3133229,6,305,3,314
3133230,9,186,21,216
3133231,3,342,6,351
3133232,18,495,24,537
3133233,6,421,28,455
3133234,5,260,3,268
3133235,13,348,6,367
3133236,9,280,9,298
3133237,22,524,9,555
3133238,12,290,12,314
3133239,7,254,10,271
3133240,9,359,15,383
3133301,18,247,27,292
3133302,10,427,11,448
3133303,13,406,17,436
3133304,36,446,55,537
3133305,0,19,0,19
3133306,20,419,31,470
3133307,35,242,30,307
3133308,4,261,12,277
3133309,21,348,29,398
3133310,15,190,38,243
3133311,20,226,58,304
3133312,7,197,3,207
3133313,7,366,0,373
3133314,15,185,9,209
3133315,51,325,77,453
3133316,31,537,11,579
3133317,18,278,18,314
3133318,27,474,22,523
3133319,34,398,30,462
3133320,16,493,8,517
3133321,19,346,56,421
3133322,40,511,51,602
3133323,20,295,65,380
3133324,18,289,43,350
3133325,31,377,51,459
3133326,14,373,68,455
3133327,18,332,48,398
3133401,24,544,29,597
3133402,14,540,11,565
3133403,3,285,17,305
3133404,6,270,3,279
3133405,12,490,35,537
3133406,8,406,23,437
3133407,15,424,15,454
3133408,12,315,6,333
3133409,71,395,33,499
3133410,17,552,15,584
3133411,10,534,16,560
3133412,3,228,9,240
3133413,8,330,6,344
3133414,7,344,21,372
3133415,11,449,18,478
3133416,8,473,4,485
3133417,18,504,13,535
3133418,9,255,0,264
3133419,9,266,19,294
3133420,9,261,9,279
3133421,9,230,12,251
3133422,15,275,18,308
3133501,22,888,39,949
3133502,22,386,35,443
3133503,6,349,12,367
3133504,9,397,22,428
3133505,0,250,18,268
3133506,0,4,0,4
3133507,6,348,7,361
3133508,9,342,6,357
3133509,0,261,27,288
3133510,15,634,35,684
3133511,6,159,0,165
3133512,16,475,49,540
3133513,10,436,21,467
3133601,33,442,32,507
3133602,36,466,32,534
3133603,25,375,84,484
3133604,42,562,49,653
3133605,17,262,14,293
3133606,10,214,23,247
3133607,18,373,45,436
3133608,13,372,50,435
3133609,15,307,15,337
3133610,12,440,20,472
3133611,35,359,47,441
3133612,30,205,3,238
3133613,26,341,38,405
3133614,24,437,24,485
3133615,9,255,43,307
3133616,9,204,13,226
3133617,7,278,25,310
3133618,25,433,51,509
3133619,20,343,42,405
3133620,8,170,39,217
3133621,8,295,24,327
3133622,137,264,15,416
3133623,18,372,24,414
3133624,37,602,65,704
3133625,18,202,26,246
3133626,21,273,46,340
3133627,24,359,24,407
3133628,12,405,49,466
3133629,33,417,43,493
3133630,18,529,29,576
3133631,31,386,58,475
3133701,6,211,26,243
3133702,15,444,36,495
3133703,12,296,31,339
3133704,8,345,17,370
3133705,28,428,73,529
3133706,11,317,52,380
3133707,11,299,59,369
3133708,22,464,56,542
3133709,13,305,40,358
3133710,65,306,46,417
3133711,24,461,75,560
3133712,16,234,52,302
3133713,15,454,30,499
3133714,20,408,52,480
3133715,14,378,23,415
3133716,12,256,9,277
3133717,4,497,35,536
3133718,26,432,83,541
3133719,28,419,87,534
3133720,14,330,43,387
3133721,60,202,8,270
3133801,12,541,101,654
3133802,0,520,52,572
3133803,3,234,18,255
3133804,3,304,15,322
3133805,3,416,13,432
3133806,3,490,67,560
3133807,3,250,92,345
3133808,0,352,39,391
3133809,3,348,28,379
3133810,12,396,210,618
3133811,7,340,50,397
3133812,3,272,32,307
3133813,0,287,11,298
3133814,0,612,60,672
3133815,0,216,85,301
3133816,6,189,36,231
3133817,0,189,32,221
3133818,6,310,40,356
3133819,6,241,23,270
3133820,6,350,70,426
3133821,26,305,66,397
3133822,0,233,24,257
3133823,0,384,91,475
3133824,6,331,12,349
3133825,0,0,0,0
3133826,14,285,18,317
3133827,0,0,0,0
3133828,0,58,6,64
3133901,36,265,29,330
3133902,9,374,23,406
3133903,3,273,5,281
3133904,7,307,35,349
3133905,9,339,23,371
3133906,9,396,37,442
3133907,19,798,67,884
3133908,9,439,13,461
3133909,0,205,17,222
3134001,9,155,32,196
3134002,21,168,55,244
3134003,25,203,18,246
3134004,7,246,44,297
3134005,8,226,37,271
3134006,9,181,54,244
3134007,7,254,82,343
3134008,9,504,53,566
3134009,9,235,21,265
3134010,8,184,29,221
3134011,14,117,9,140
3134012,10,413,35,458
3134013,12,243,35,290
3134014,0,0,0,0
3134015,12,215,36,263
3134101,0,39,5,44
3134102,6,990,25,1021
3134103,3,329,30,362
3134104,7,617,42,666
3134105,0,426,18,444
3134106,6,427,25,458
3134107,0,199,22,221
3134108,0,350,14,364
3134109,9,467,24,500
3134110,3,401,43,447
3134111,0,107,111,218
3134112,6,281,18,305
3134113,3,378,42,423
3134114,0,226,112,338
3134115,6,541,18,565
3134116,7,444,15,466
3134117,0,198,13,211
3134118,0,356,17,373
3134119,9,291,17,317
3134120,6,376,63,445
3134121,0,325,15,340
3134122,9,385,40,434
3134201,18,447,38,503
3134202,26,558,34,618
3134203,7,379,17,403
3134204,6,415,32,453
3134205,13,424,16,453
3134206,0,93,4,97
3134207,6,254,23,283
3134208,0,21,0,21
3134209,18,513,25,556
3134210,15,402,22,439
3134211,9,239,9,257
3134212,9,277,20,306
3134213,11,201,9,221
3134214,10,393,16,419
3134215,18,456,20,494
3134216,7,333,54,394
3134217,9,302,36,347
3134218,9,195,15,219
3134219,12,390,22,424
3134220,38,438,27,503
3134221,34,466,24,524
3134222,24,357,20,401
3134223,19,796,54,869
3134224,6,260,11,277
3134225,0,283,25,308
3134226,16,500,22,538
3134227,9,446,17,472
3134228,11,510,14,535
3134229,15,477,35,527
3134230,19,339,16,374
3134231,39,629,94,762
3134232,0,270,22,292
3134233,48,749,63,860
3134234,12,243,7,262
3134301,9,271,13,293
3134302,16,427,34,477
3134303,0,0,0,0
3134304,6,291,11,308
3134305,0,240,8,248
3134306,0,0,0,0
3134307,27,369,55,451
3134308,22,282,32,336
3134309,8,332,46,386
3134310,7,310,24,341
3134311,3,387,9,399
3134312,175,178,33,386
3134401,9,470,26,505
3134402,3,418,16,437
3134403,7,275,15,297
3134404,3,230,9,242
3134405,0,401,47,448
3134406,18,740,28,786
3134407,9,363,33,405
3134408,8,408,27,443
3134409,13,908,88,1009
3134410,15,571,47,633
3134411,6,369,23,398
3134412,3,578,36,617
3134413,3,317,34,354
3134414,7,663,33,703
3134415,6,227,5,238
3134416,18,459,27,504
3134417,17,798,46,861
3134418,12,384,52,448
3134419,3,303,10,316
3134420,3,228,17,248
3134501,0,3,0,3
3134601,8,366,50,424
3134602,12,280,65,357
3134603,19,290,50,359
3134604,17,322,38,377
3134605,26,372,34,432
3134606,22,435,17,474
3134607,18,473,60,551
3134608,15,456,73,544
3134609,6,132,16,154
3134610,5,323,74,402
3134701,6,456,64,526
3134801,8,214,33,255
3134802,12,290,35,337
3134803,15,358,29,402
3134804,18,304,18,340
3134805,0,235,7,242
3134806,21,583,31,635
3134807,0,205,9,214
3134808,10,229,15,254
3134809,24,1086,53,1163
3134810,117,437,42,596
3134811,30,419,20,469
3134812,12,453,40,505
3134813,49,802,43,894
3134814,6,285,3,294
3134815,14,470,20,504
3134816,3,174,15,192
3134817,18,247,3,268
3134818,0,335,23,358
3134819,12,298,7,317
3134820,9,324,21,354
3134821,12,363,24,399
3134822,3,376,20,399
3134823,9,575,47,631
3134824,7,396,41,444
3134825,3,268,13,284
3134901,13,269,15,297
3134902,9,220,30,259
3134903,3,366,42,411
3134904,13,410,35,458
3134905,3,99,6,108
3134906,21,426,59,506
3134907,29,316,18,363
3134908,21,460,25,506
3134909,14,413,61,488
3134910,34,365,18,417
3134911,9,293,19,321
3134912,81,307,8,396
3134913,6,159,7,172
3134914,19,451,31,501
3134915,3,234,14,251
3134916,18,343,23,384
3134917,16,449,43,508
3134918,14,322,32,368
3134919,0,31,5,36
3135001,3,58,3,64
3135002,12,404,33,449
3135003,15,413,39,467
3135004,12,268,17,297
3135005,18,824,33,875
3135006,7,298,25,330
3135007,17,349,39,405
3135008,6,212,9,227
3135009,19,679,59,757
3135010,4,230,8,242
3135101,5,389,28,422
3135102,11,260,4,275
3135103,12,214,31,257
3135104,12,308,21,341
3135105,18,277,13,308
3135106,13,450,29,492
3135107,18,620,20,658
3135108,21,477,38,536
3135109,5,482,34,521
3135110,12,559,28,599
3135111,21,1125,107,1253
3135112,13,381,14,408
3135113,14,217,5,236
3135114,15,483,17,515
3135115,54,189,19,262
3135201,15,211,12,238
3135202,0,0,0,0
3135203,5,205,9,219
3135204,20,704,47,771
3135205,18,348,39,405
3135206,4,206,19,229
3135207,64,405,46,515
3135208,12,259,21,292
3135209,8,219,21,248
3135210,15,428,23,466
3135211,32,536,40,608
3135212,71,1990,133,2194
3135213,7,234,26,267
3135214,0,246,13,259
3135215,4,164,12,180
3135216,6,303,15,324
3135217,12,556,54,622
3135218,10,147,12,169
3135219,6,317,31,354
3135220,27,622,53,702
3135221,12,447,19,478
3135222,6,524,44,574
3135223,12,280,28,320
3135224,12,320,20,352
3135225,0,0,0,0
3135226,24,711,54,789
3135301,9,105,0,114
3135302,21,218,19,258
3135303,0,160,12,172
3135304,0,0,0,0
3135305,0,93,17,110
3135306,12,203,22,237
3135307,27,380,40,447
3135308,12,130,3,145
3135309,15,254,28,297
3135310,7,388,32,427
3135311,12,398,37,447
3135312,11,221,22,254
3135313,12,458,9,479
3135314,5,340,12,357
3135315,15,249,22,286
3135316,0,287,27,314
3135317,15,249,18,282
3135318,26,393,33,452
3135319,13,232,9,254
3135320,15,292,41,348
3135321,9,211,18,238
3135322,9,338,30,377
3135323,21,462,18,501
3135324,16,264,18,298
3135325,8,381,31,420
3135326,7,360,21,388
3135327,0,288,9,297
3135328,3,223,16,242
3135401,9,463,24,496
3135402,11,534,49,594
3135403,9,248,24,281
3135404,4,413,0,417
3135405,15,611,38,664
3135406,0,358,22,380
3135407,13,730,36,779
3135408,9,185,17,211
3135409,0,94,12,106
3135410,7,348,24,379
3135411,12,381,26,419
3135412,10,274,15,299
3135413,4,299,16,319
3135501,12,190,13,215
3135502,11,360,27,398
3135503,22,220,13,255
3135504,15,263,31,309
3135505,14,412,47,473
3135506,18,400,29,447
3135507,13,444,38,495
3135508,9,188,14,211
3135509,10,323,32,365
3135510,10,423,14,447
3135511,6,216,18,240
3135512,0,3,0,3
3135513,0,0,0,0
3135601,15,374,24,413
3135602,19,309,28,356
3135603,9,264,24,297
3135604,13,416,25,454
3135605,19,374,28,421
3135606,15,597,18,630
3135607,31,562,44,637
3135608,25,397,73,495
3135609,10,412,33,455
3135610,33,413,43,489
3135611,12,334,17,363
3135612,10,323,7,340
3135613,16,287,12,315
3135614,0,0,0,0
3135615,16,296,19,331
3135616,19,358,24,401
3135617,3,324,14,341
3135618,25,354,51,430
3135619,18,214,25,257
3135701,4,128,6,138
3135702,12,315,9,336
3135703,12,247,15,274
3135704,15,395,16,426
3135705,18,330,20,368
3135706,3,355,29,387
3135707,13,405,15,433
3135708,13,253,8,274
3135709,3,444,22,469
3135710,0,219,22,241
3135711,9,365,11,385
3135712,5,448,16,469
3135713,4,196,19,219
3135714,11,275,15,301
3135715,6,233,18,257
3135716,4,337,15,356
3135717,9,318,18,345
3135718,3,243,9,255
3135719,6,291,16,313
3135720,12,496,32,540
3135721,15,305,24,344
3135722,22,415,26,463
3135723,7,764,43,814
3135801,21,371,21,413
3135802,17,403,33,453
3135803,6,232,24,262
3135804,94,388,25,507
3135805,37,448,33,518
3135806,9,313,28,350
3135807,0,19,0,19
3135808,10,379,21,410
3135809,0,250,18,268
3135810,21,474,13,508
3135811,139,318,18,475
3135812,16,532,32,580
3135813,9,240,19,268
3135814,18,278,18,314
3135815,11,234,24,269
3135816,12,463,14,489
3135817,24,361,27,412
3135901,6,196,42,244
3135902,9,169,48,226
3135903,4,262,52,318
3135904,7,254,41,302
3135905,6,861,343,1210
3135906,0,235,72,307
3135907,12,440,13,465
3135908,0,245,42,287
3135909,16,359,82,457
3135910,9,520,93,622
3135911,6,369,51,426
3135912,6,280,25,311
3135913,6,293,40,339
3135914,12,394,61,467
3135915,5,99,34,138
3135916,3,76,8,87
3135917,0,0,0,0
3135918,6,81,8,95
3135919,3,151,19,173
3135920,6,280,35,321
3135921,9,436,31,476
3135922,15,474,51,540
3135923,9,213,24,246
3135924,0,151,35,186
3135925,12,342,57,411
3135926,0,256,87,343
3135927,12,338,28,378
3135928,6,674,56,736
3135929,3,373,55,431
3136001,0,0,0,0
3136101,15,443,41,499
3136102,18,500,36,554
3136103,27,365,3,395
3136104,9,304,6,319
3136105,23,456,15,494
3136106,28,415,15,458
3136107,14,293,17,324
3136108,9,207,11,227
3136109,14,368,31,413
3136110,89,351,32,472
3136111,6,92,0,98
3136112,15,306,7,328
3136113,28,364,29,421
3136114,16,411,47,474
3136115,14,195,21,230
3136116,15,354,34,403
3136117,19,252,15,286
3136118,20,341,12,373
3136119,18,339,15,372
3136120,12,335,15,362
3136121,0,0,0,0
3136122,13,240,9,262
3136123,5,203,9,217
3136201,27,391,24,442
3136202,12,275,22,309
3136203,50,740,118,908
3136204,3,8,0,11
3136205,35,366,15,416
3136206,49,872,38,959
3136207,12,202,16,230
3136208,41,404,16,461
3136209,20,308,36,364
3136210,27,251,30,308
3136211,16,311,9,336
3136212,17,255,0,272
3136213,10,315,7,332
3136214,39,516,26,581
3136215,35,339,22,396
3136216,34,370,9,413
3136217,34,544,27,605
3136218,26,268,8,302
3136219,48,597,28,673
3136220,13,395,11,419
3136221,29,283,19,331
3136222,12,193,15,220
3136223,25,362,19,406
3136224,39,438,9,486
3136225,26,220,6,252
3136226,32,462,15,509
3136227,35,401,21,457
3136228,15,365,19,399
3136229,33,395,21,449
3136230,41,405,51,497
3136231,12,345,34,391
3136232,26,265,46,337
3136301,60,382,30,472
3136302,41,503,8,552
3136303,26,400,18,444
3136304,36,326,23,385
3136305,39,326,17,382
3136306,36,431,21,488
3136307,33,168,12,213
3136308,21,252,35,308
3136309,44,340,17,401
3136310,20,260,48,328
3136311,23,294,38,355
3136312,19,356,16,391
3136313,10,187,7,204
3136314,45,501,27,573
3136315,42,499,4,545
3136316,41,335,43,419
3136317,35,426,29,490
3136318,63,273,30,366
3136319,30,761,39,830
3136320,0,0,3,3
3136321,0,0,0,0
3136322,0,135,6,141
3136323,52,385,23,460
3136324,122,437,33,592
3136325,35,234,7,276
3136326,19,399,9,427
3136327,9,231,3,243
3136328,24,236,15,275
3136329,43,496,51,590
3136330,0,0,0,0
3136331,180,396,30,606
3136332,46,454,19,519
3136333,19,314,38,371
3136334,23,237,23,283
3136335,39,409,21,469
3136336,47,562,44,653
3136337,14,188,9,211
3136338,20,375,14,409
3136339,23,250,21,294
3136340,17,458,11,486
3136341,34,373,45,452
3136342,20,248,15,283
3136343,20,282,23,325
3136344,12,103,0,115
3136345,60,336,23,419
3136401,8,180,39,227
3136402,19,368,24,411
3136403,15,378,41,434
3136404,15,342,45,402
3136405,21,293,3,317
3136406,23,429,38,490
3136407,21,319,15,355
3136408,13,420,23,456
3136409,7,316,41,364
3136410,7,184,22,213
3136501,44,387,37,468
3136502,29,196,167,392
3136503,16,290,36,342
3136504,34,390,62,486
3136505,25,408,47,480
3136506,21,238,12,271
3136507,42,511,70,623
3136508,28,511,27,566
3136509,0,309,18,327
3136510,24,552,27,603
3136511,45,258,27,330
3136512,9,119,15,143
3136513,123,472,33,628
3136514,22,277,9,308
3136515,36,408,24,468
3136516,36,778,108,922
3136517,27,527,44,598
3136518,21,387,30,438
3136519,14,313,13,340
3136520,96,446,20,562
3136521,17,433,13,463
3136522,18,211,12,241
3136523,18,291,13,322
3136524,33,599,38,670
3136525,27,504,21,552
3136526,6,118,12,136
3136527,25,506,19,550
3136528,56,357,33,446
3136529,15,222,44,281
3136530,12,507,48,567
3136531,39,491,57,587
3136532,30,471,57,558
3136533,46,428,99,573
3136534,30,752,106,888
3136535,19,565,38,622
3136536,24,181,27,232
3136537,43,563,86,692
3136538,14,283,60,357
3136539,38,404,29,471
3136540,27,453,23,503
3136541,30,414,15,459
3136542,19,338,8,365
3136543,17,244,180,441
3136544,33,269,24,326
3136545,58,540,66,664
3136546,26,313,30,369
3136547,22,138,10,170
3136548,38,449,37,524
3136601,18,522,29,569
3136602,18,233,18,269
3136603,15,371,43,429
3136604,6,284,33,323
3136605,41,248,13,302
3136606,18,213,6,237
3136607,30,568,60,658
3136608,46,469,46,561
3136609,29,471,45,545
3136610,112,283,15,410
3136611,28,384,24,436
3136612,0,0,0,0
3136613,39,458,32,529
3136614,43,551,23,617
3136615,34,560,46,640
3136616,24,431,39,494
3136617,21,684,42,747
3136618,15,330,16,361
3136619,8,257,28,293
3136620,21,424,38,483
3136621,27,475,40,542
3136622,42,512,25,579
3136623,53,1130,115,1298
3136624,25,363,55,443
3136625,15,345,41,401
3136626,22,305,30,357
3136627,59,460,34,553
3136628,22,319,29,370
3136629,5,233,25,263
3136630,21,334,20,375
3136631,35,577,87,699
3136632,47,957,80,1084
3136633,50,982,34,1066
3136634,21,337,15,373
3136635,15,323,20,358
3136636,33,347,33,413
3136637,34,466,18,518
3136701,22,458,20,500
3136702,23,362,31,416
3136703,18,352,13,383
3136704,13,260,22,295
3136705,15,340,39,394
3136706,9,270,19,298
3136707,18,203,12,233
3136708,12,352,31,395
3136709,17,406,13,436
3136710,4,367,9,380
3136801,15,179,17,211
3136802,21,444,8,473
3136803,26,302,23,351
3136804,27,430,38,495
3136805,21,184,6,211
3136806,12,381,25,418
3136807,26,350,16,392
3136808,26,598,27,651
3136809,26,530,33,589
3136810,11,399,35,445
3136811,37,636,35,708
3136812,22,493,64,579
3136813,51,937,75,1063
3136814,21,520,34,575
3136901,4,196,13,213
3136902,12,231,3,246
3136903,10,264,3,277
3136904,79,344,7,430
3136905,21,402,10,433
3136906,13,442,34,489
3136907,51,798,21,870
3136908,16,568,50,634
3137001,58,338,40,436
3137002,27,277,28,332
3137003,12,276,21,309
3137004,18,293,9,320
3137005,23,406,20,449
3137006,15,512,27,554
3137007,12,239,17,268
3137008,3,238,12,253
3137009,19,488,26,533
3137010,34,270,12,316
3137011,27,378,24,429
3137012,17,301,21,339
3137013,10,270,15,295
3137101,18,326,12,356
3137102,0,0,552,552
3137103,24,266,3,293
3137104,28,480,21,529
3137105,41,478,26,545
3137106,27,395,10,432
3137107,42,692,96,830
3137108,28,644,39,711
3137109,3,52,6,61
3137110,9,155,7,171
3137111,19,444,17,480
3137112,9,138,20,167
3137113,28,498,24,550
3137114,0,132,30,162
3137115,15,264,15,294
3137116,15,282,22,319
3137201,10,191,9,210
3137202,24,504,38,566
3137203,6,283,10,299
3137204,17,388,8,413
3137205,0,0,0,0
3137206,11,241,0,252
3137207,4,265,9,278
3137208,21,232,0,253
3137209,8,221,9,238
3137210,88,615,48,751
3137211,6,306,6,318
3137212,37,332,15,384
3137213,34,208,12,254
3137214,9,193,6,208
3137215,18,449,21,488
3137216,17,310,3,330
3137217,18,352,6,376
3137218,16,238,3,257
3137219,27,448,38,513
3137220,8,296,12,316
3137221,17,401,18,436
3137222,12,193,12,217
3137223,9,382,22,413
3137224,12,344,3,359
3137225,18,403,12,433
3137226,24,462,37,523
3137227,15,360,12,387
3137228,25,423,15,463
3137229,30,514,28,572
3137230,28,430,14,472
3137231,15,213,9,237
3137232,23,631,34,688
3137233,15,249,6,270
3137234,19,400,14,433
3137235,9,345,6,360
3137301,27,472,50,549
3137302,13,302,29,344
3137303,20,212,86,318
3137304,28,484,30,542
3137305,23,565,63,651
3137306,27,403,14,444
3137307,21,299,24,344
3137308,18,228,18,264
3137309,14,383,27,424
3137310,21,239,9,269
3137311,12,345,24,381
3137312,30,696,122,848
3137313,0,0,0,0
3137314,76,487,25,588
3137315,9,199,19,227
3137316,14,259,32,305
3137317,18,176,22,216
3137318,26,535,20,581
3137319,16,439,9,464
3137320,28,532,61,621
3137321,5,263,39,307
3137322,37,427,64,528
3137323,21,484,12,517
3137324,15,325,6,346
3137325,12,262,6,280
3137326,30,248,24,302
3137327,0,0,0,0
3137328,46,263,12,321
3137329,4,88,0,92
3137330,19,373,15,407
3137331,10,331,14,355
3137332,39,479,26,544
3137333,15,602,28,645
3137334,18,312,12,342
3137335,31,297,17,345
3137336,3,167,9,179
3137337,0,0,0,0
3137338,19,240,10,269
3137339,36,409,53,498
3137340,42,273,17,332
3137341,14,320,28,362
3137342,30,388,46,464
3137343,18,330,27,375
3137344,22,275,14,311
3137345,14,281,11,306
3137346,15,218,19,252
3137347,136,533,68,737
3137348,64,351,10,425
3137349,40,387,58,485
3137350,34,531,47,612
3137351,28,492,70,590
3137352,18,256,49,323
3137353,29,337,82,448
3137354,43,317,25,385
3137355,27,345,16,388
3137356,3,301,18,322
3137401,6,242,10,258
3137402,15,258,6,279
3137403,12,434,17,463
3137404,21,327,12,360
3137405,10,242,14,266
3137406,6,278,12,296
3137407,19,375,16,410
3137408,16,293,9,318
3137409,9,297,15,321
3137410,9,274,0,283
3137411,12,387,10,409
3137412,9,320,10,339
3137413,21,299,6,326
3137414,0,280,9,289
3137415,4,186,6,196
3137501,0,368,30,398
3137502,9,637,29,675
3137503,13,400,23,436
3137504,12,301,0,313
3137505,9,409,16,434
3137506,9,205,9,223
3137507,10,301,6,317
3137508,33,1206,65,1304
3137509,10,415,19,444
3137510,13,427,20,460
3137511,12,296,12,320
3137512,30,873,12,915
3137513,21,692,6,719
3137514,22,429,0,451
3137515,28,538,29,595
3137516,6,326,0,332
3137517,12,435,6,453
3137518,18,356,9,383
3137519,18,369,17,404
3137520,9,357,12,378
3137521,18,314,9,341
3137522,15,512,8,535
3137523,21,572,28,621
3137524,12,396,6,414
3137525,17,721,14,752
3137526,15,407,15,437
3137527,13,301,0,314
3137528,12,509,24,545
3137529,12,578,31,621
3137530,11,505,7,523
3137531,3,275,26,304
3137532,0,6,0,6
3137533,10,288,7,305
3137534,24,273,0,297
3137535,6,249,9,264
3137601,0,0,0,0
3137602,12,356,11,379
3137603,7,258,0,265
3137604,13,317,23,353
3137605,13,259,30,302
3137606,12,418,15,445
3137607,9,254,4,267
3137608,25,306,6,337
3137609,16,426,26,468
3137701,0,3,0,3
3137702,0,24,4,28
3137703,0,0,0,0
3137704,18,226,31,275
3137705,25,358,22,405
3137706,23,336,11,370
3137707,20,383,29,432
3137708,38,499,29,566
3137709,31,329,13,373
3137710,18,333,12,363
3137711,72,219,18,309
3137712,18,359,28,405
3137713,24,418,44,486
3137714,33,633,29,695
3137715,21,376,21,418
3137716,72,210,9,291
3137717,21,457,21,499
3137718,6,247,19,272
3137719,30,519,19,568
3137720,22,457,15,494
3137721,25,400,17,442
3137722,12,183,18,213
3137801,18,342,9,369
3137802,9,235,24,268
3137803,24,396,32,452
3137804,38,361,30,429
3137805,6,314,32,352
3137806,29,468,20,517
3137807,20,242,12,274
3137808,12,301,12,325
3137809,27,389,16,432
3137810,12,201,17,230
3137811,18,272,9,299
3137812,18,393,28,439
3137813,36,494,22,552
3137814,22,357,20,399
3137815,30,432,22,484
3137816,27,302,36,365
3137817,21,416,19,456
3137818,18,179,47,244
3137819,34,452,36,522
3137820,32,396,17,445
3137821,27,433,20,480
3137822,33,418,33,484
3137823,27,295,8,330
3137824,11,323,16,350
3137825,22,228,29,279
3137826,29,492,57,578
3137827,20,274,8,302
3137828,40,374,30,444
3137901,15,309,12,336
3137902,18,371,17,406
3137903,6,289,10,305
3137904,18,360,7,385
3137905,21,365,29,415
3137906,12,285,27,324
3137907,48,310,46,404
3137908,8,250,27,285
3137909,19,320,13,352
3137910,46,559,102,707
3137911,20,331,77,428
3137912,20,343,39,402
3137913,40,439,33,512
3137914,37,475,18,530
3137915,25,392,10,427
3137916,29,375,15,419
3137917,10,283,29,322
3137918,32,430,34,496
3137919,0,0,6,6
3137920,47,490,13,550
3137921,11,165,9,185
3137922,15,148,31,194
3137923,29,357,7,393
3137924,37,313,48,398
3138001,22,337,17,376
3138002,9,385,16,410
3138003,156,593,52,801
3138004,28,707,57,792
3138005,34,783,67,884
3138006,25,369,13,407
3138007,23,319,40,382
3138008,82,370,19,471
3138009,66,265,7,338
3138010,36,341,26,403
3138011,14,288,6,308
3138012,21,302,12,335
3138013,32,417,25,474
3138014,26,724,46,796
3138015,23,275,18,316
3138016,16,355,18,389
3138017,26,354,9,389
3138018,26,341,19,386
3138019,30,424,9,463
3138020,21,215,4,240
3138021,24,392,21,437
3138022,12,191,6,209
3138023,15,441,33,489
3138024,15,257,31,303
3138025,18,209,7,234
3138026,51,661,26,738
3138027,28,443,18,489
3138028,15,259,4,278
3138029,36,347,30,413
3138030,31,277,26,334
3138031,22,359,20,401
3138032,22,404,18,444
3138033,226,293,30,549
3138034,22,223,67,312
3138035,28,489,8,525
3138036,25,235,15,275
3138037,0,3,0,3
3138038,30,383,19,432
3138039,0,0,0,0
3138040,0,0,0,0
3138041,6,102,0,108
3138042,11,251,18,280
3138101,17,241,25,283
3138102,9,185,18,212
3138103,18,422,6,446
3138104,21,440,18,479
3138105,9,291,12,312
3138106,18,331,22,371
3138107,15,362,28,405
3138108,25,374,8,407
3138109,132,257,6,395
3138110,6,288,9,303
3138111,16,263,8,287
3138112,0,232,9,241
3138113,16,316,3,335
3138114,11,402,16,429
3138115,9,286,6,301
3138116,0,257,13,270
3138117,9,396,21,426
3138118,24,322,12,358
3138119,6,228,3,237
3138120,18,345,18,381
3138121,18,573,26,617
3138122,36,474,16,526
3138123,24,326,12,362
3138124,21,394,8,423
3138125,24,394,30,448
3138126,18,255,10,283
3138127,21,339,10,370
3138128,30,322,23,375
3138129,9,354,24,387
3138130,31,448,27,506
3138201,6,570,13,589
3138202,0,266,6,272
3138203,12,338,7,357
3138204,9,238,3,250
3138205,6,509,6,521
3138206,3,460,6,469
3138207,12,480,4,496
3138208,6,260,9,275
3138209,16,588,15,619
3138210,9,237,4,250
3138211,4,230,6,240
3138212,0,295,9,304
3138213,30,527,21,578
3138214,17,339,15,371
3138215,18,391,30,439
3138216,0,269,15,284
3138217,6,337,3,346
3138218,12,609,18,639
3138219,125,274,22,421
3138220,18,428,9,455
3138221,6,259,0,265
3138222,15,335,4,354
3138223,0,299,5,304
3138224,0,0,0,0
3138225,7,726,25,758
3138226,4,287,5,296
3138227,3,380,9,392
3138228,12,400,7,419
3138229,4,371,6,381
3138230,7,326,3,336
3138231,15,369,3,387
3138232,12,259,3,274
3138233,8,481,16,505
3138234,14,521,12,547
3138235,6,402,6,414
3138236,3,338,0,341
3138237,6,357,3,366
3138238,6,279,10,295
3138239,15,372,6,393
3138240,12,344,21,377
3138241,0,246,6,252
3138301,16,452,16,484
3138302,9,316,6,331
3138303,12,303,3,318
3138304,9,297,9,315
3138305,3,187,15,205
3138306,9,223,18,250
3138307,12,229,3,244
3138308,30,754,51,835
3138309,12,386,21,419
3138310,9,217,3,229
3138311,9,556,6,571
3138312,9,581,15,605
3138313,21,830,18,869
3138314,6,822,41,869
3138315,12,273,6,291
3138316,9,471,9,489
3138317,6,301,15,322
3138318,9,311,6,326
3138319,18,731,15,764
3138320,9,482,19,510
3138321,6,464,34,504
3138322,12,536,21,569
3138323,6,513,15,534
3138324,9,343,12,364
3138325,6,355,0,361
3138326,12,501,18,531
3138327,0,311,7,318
3138328,15,602,16,633
3138329,18,437,15,470
3138330,8,461,24,493
3138331,4,250,0,254
3138332,9,582,11,602
3138333,6,547,9,562
3138401,11,471,17,499
3138402,6,278,9,293
3138403,21,306,12,339
3138404,3,227,0,230
3138405,10,257,19,286
3138406,5,241,0,246
3138407,11,255,16,282
3138408,0,333,7,340
3138409,3,295,9,307
3138410,15,422,21,458
3138411,3,233,6,242
3138412,8,335,17,360
3138413,9,353,12,374
3138414,18,314,9,341
3138415,10,336,10,356
3138416,6,193,12,211
3138417,18,367,7,392
3138418,12,460,25,497
3138419,10,535,20,565
3138420,3,533,19,555
3138421,25,450,8,483
3138501,5,450,40,495
3138502,8,467,9,484
3138503,3,335,8,346
3138504,0,434,0,434
3138505,3,433,7,443
3138506,0,198,14,212
3138507,0,455,35,490
3138508,3,453,20,476
3138509,0,420,14,434
3138510,3,226,6,235
3138511,7,657,33,697
3138512,6,262,9,277
3138513,9,284,12,305
3138514,13,448,3,464
3138515,8,517,7,532
3138516,7,211,10,228
3138517,9,294,45,348
3138518,3,297,12,312
3138519,12,488,9,509
3138520,3,243,7,253
3138601,17,286,8,311
3138602,22,483,6,511
3138603,21,423,4,448
3138604,6,267,0,273
3138605,17,458,12,487
3138606,0,229,6,235
3138607,9,544,18,571
3138608,7,433,7,447
3138609,15,493,25,533
3138610,21,441,23,485
3138611,3,212,0,215
3138612,27,566,19,612
3138613,10,297,21,328
3138614,4,419,4,427
3138615,6,314,9,329
3138616,20,351,8,379
3138617,21,338,12,371
3138618,16,518,9,543
3138619,3,234,0,237
3138620,10,586,18,614
3138621,11,218,6,235
3138622,15,398,13,426
3138623,6,182,15,203
3138624,9,251,6,266
3138625,13,611,24,648
3138626,0,237,10,247
3138627,0,0,0,0
3138628,0,291,6,297
3138629,0,306,18,324
3138630,8,235,10,253
3138631,0,284,12,296
3138632,5,582,27,614
3138633,12,357,21,390
3138634,8,445,17,470
3138635,3,315,9,327
3138636,9,495,6,510
3138637,4,222,0,226
3138638,3,350,3,356
3138639,12,379,8,399
3138640,13,356,9,378
3138641,0,190,6,196
3138642,21,331,4,356
3138643,12,353,12,377
3138644,6,491,9,506
3138645,20,450,12,482
3138646,15,351,9,375
3138647,20,534,24,578
3138648,19,472,9,500
3138649,6,393,3,402
3138650,12,330,15,357
3138651,0,213,11,224
3138652,6,327,8,341
3138653,11,315,9,335
3138654,9,492,7,508
3138655,6,348,3,357
3138656,3,327,19,349
3138657,0,290,6,296
3138658,9,272,5,286
3138659,12,269,6,287
3138660,106,173,6,285
3138661,0,6,0,6
3138701,7,452,16,475
3138702,17,429,3,449
3138703,6,329,3,338
3138704,6,400,12,418
3138705,3,268,10,281
3138706,11,426,15,452
3138707,0,229,3,232
3138708,3,421,21,445
3138709,0,225,3,228
3138710,8,287,5,300
3138711,3,278,15,296
3138712,5,586,12,603
3138713,3,480,6,489
3138714,0,420,7,427
3138715,18,523,23,564
3138716,13,279,0,292
3138717,3,261,18,282
3138718,12,600,18,630
3138719,3,487,19,509
3138720,9,437,12,458
3138721,9,379,18,406
3138722,11,277,15,303
3138723,16,405,22,443
3138724,5,403,10,418
3138725,7,365,22,394
3138726,6,314,14,334
3138727,6,303,10,319
3138728,3,116,6,125
3138801,18,291,46,355
3138802,16,228,3,247
3138803,28,459,18,505
3138804,18,238,9,265
3138805,21,374,12,407
3138806,12,402,18,432
3138807,10,403,30,443
3138808,21,457,43,521
3138809,17,527,12,556
3138810,27,463,25,515
3138811,3,279,9,291
3138812,12,206,16,234
3138813,15,273,14,302
3138814,12,412,7,431
3138815,0,26,0,26
3138816,20,400,28,448
3138817,81,551,32,664
3138818,4,282,3,289
3138819,24,421,27,472
3138820,21,351,21,393
3138821,21,504,22,547
3138822,6,195,6,207
3138823,9,245,0,254
3138824,29,636,14,679
3138825,34,698,37,769
3138826,25,600,26,651
3138827,33,440,4,477
3138828,9,324,4,337
3138829,37,621,33,691
3138830,106,324,9,439
3138831,41,415,26,482
3138832,22,526,16,564
3138833,14,366,42,422
3138834,18,274,9,301
3138835,24,404,15,443
3138836,19,406,27,452
3138837,6,202,7,215
3138838,15,371,19,405
3138839,40,456,32,528
3138840,9,299,15,323
3138841,24,688,23,735
3138842,6,279,9,294
3138843,6,284,12,302
3138844,12,621,32,665
3138845,71,588,25,684
3138846,24,281,15,320
3138847,6,200,15,221
3138848,10,215,12,237
3138901,12,636,19,667
3138902,7,348,15,370
3138903,7,454,33,494
3138904,9,445,9,463
3138905,7,163,3,173
3138906,4,475,13,492
3138907,7,421,31,459
3138908,23,465,6,494
3138909,9,456,16,481
3138910,19,741,36,796
3138911,20,367,6,393
3138912,13,391,11,415
3138913,18,500,40,558
3138914,9,526,15,550
3138915,159,905,58,1122
3138916,0,455,31,486
3138917,16,276,14,306
3138918,14,308,19,341
3138919,15,260,15,290
3138920,24,494,21,539
3138921,30,1266,35,1331
3138922,21,493,24,538
3139001,12,1027,24,1063
3139002,0,0,0,0
3139003,9,327,6,342
3139004,12,394,3,409
3139005,9,332,12,353
3139006,39,1702,75,1816
3139007,15,579,23,617
3139008,27,1973,83,2083
3139009,0,0,0,0
3139010,6,191,3,200
3139011,13,566,21,600
3139012,76,488,27,591
3139013,9,391,28,428
3139014,6,906,14,926
3139015,14,1315,30,1359
3139016,16,553,12,581
3139017,89,295,110,494
3139018,18,274,9,301
3139019,4,332,13,349
3139020,13,209,6,228
3139021,12,369,6,387
3139022,15,438,15,468
3139023,12,497,13,522
3139024,0,342,18,360
3139025,9,263,0,272
3139026,6,848,16,870
3139027,0,222,6,228
3139028,9,625,16,650
3139029,12,443,7,462
3139030,3,500,9,512
3139031,15,336,15,366
3139032,18,362,30,410
3139033,3,238,12,253
3139034,10,445,12,467
3139035,3,395,3,401
3139101,15,307,18,340
3139102,8,269,0,277
3139103,5,187,3,195
3139104,9,444,24,477
3139105,21,647,26,694
3139106,9,312,0,321
3139107,18,335,3,356
3139108,19,268,15,302
3139109,27,490,11,528
3139110,20,302,12,334
3139111,104,405,15,524
3139112,15,340,24,379
3139113,34,815,24,873
3139114,15,385,14,414
3139115,5,171,10,186
3139116,33,538,24,595
3139117,25,362,24,411
3139118,19,434,10,463
3139119,6,250,3,259
3139120,15,320,9,344
3139121,11,472,21,504
3139122,10,426,15,451
3139123,0,205,12,217
3139124,30,498,19,547
3139201,13,318,51,382
3139202,12,468,21,501
3139203,6,355,6,367
3139204,13,343,6,362
3139205,101,339,19,459
3139206,25,523,13,561
3139207,31,504,24,559
3139208,6,426,12,444
3139209,20,245,24,289
3139210,11,198,9,218
3139211,16,394,7,417
3139212,8,309,0,317
3139213,20,316,13,349
3139214,33,436,18,487
3139301,12,212,0,224
3139302,23,348,11,382
3139303,9,247,9,265
3139304,15,301,13,329
3139305,9,242,6,257
3139306,15,346,13,374
3139307,22,361,7,390
3139308,11,351,6,368
3139309,18,270,27,315
3139310,6,312,9,327
3139311,15,389,4,408
3139312,3,339,6,348
3139313,15,215,9,239
3139314,7,348,14,369
3139315,7,204,28,239
3139316,18,424,12,454
3139317,9,344,18,371
3139318,24,461,8,493
3139319,4,194,6,204
3139320,15,576,18,609
3139321,0,0,0,0
3139322,9,411,9,429
3139323,6,351,15,372
3139324,9,369,13,391
3139325,6,316,12,334
3139401,18,247,17,282
3139402,13,278,13,304
3139403,13,397,22,432
3139404,32,535,28,595
3139405,0,22,0,22
3139406,14,251,10,275
3139407,6,232,8,246
3139408,9,657,24,690
3139409,38,534,19,591
3139410,14,316,13,343
3139411,24,327,9,360
3139412,13,466,31,510
3139413,19,520,27,566
3139414,15,366,21,402
3139415,11,288,3,302
3139416,9,347,15,371
3139417,0,170,5,175
3139418,7,262,17,286
3139419,19,267,12,298
3139420,0,3,0,3
3139421,0,19,0,19
3139422,10,401,36,447
3139423,21,409,27,457
3139424,7,386,12,405
3139425,21,533,23,577
3139426,8,255,12,275
3139427,17,458,20,495
3139428,18,423,15,456
3139429,17,331,26,374
3139430,30,508,27,565
3139501,38,1237,11,1286
3139502,0,6,3,9
3139601,28,918,25,971
3139602,9,141,35,185
3139603,0,69,9,78
3139604,18,347,39,404
3139605,12,253,3,268
3139606,0,97,9,106
3139607,12,354,33,399
3139608,3,6,6,15
3139609,3,184,40,227
3139610,15,247,3,265
3139611,3,34,9,46
3139612,0,13,451,464
3139613,29,823,0,852
3139614,3,456,3,462
3139615,6,39,3,48
3139616,12,281,17,310
3139617,12,286,16,314
3139618,17,297,16,330
3139619,32,370,75,477
3139620,6,462,29,497
3139621,9,161,12,182
3139622,0,15,0,15
3139623,4,130,4,138
3139701,3,225,15,243
3139702,8,310,27,345
3139703,9,271,27,307
3139704,6,277,31,314
3139801,0,0,0,0
3139802,32,981,16,1029
3139803,0,0,0,0
3139804,26,634,4,664
3139901,0,4,0,4
3139902,0,0,0,0
3139903,21,985,38,1044
3139904,7,267,3,277
3139905,6,180,18,204
3139906,3,247,31,281
3139907,4,404,59,467
3139908,0,0,0,0
3139909,0,3,0,3
3139910,0,16,0,16
3140001,4,147,551,702
3140002,9,171,13,193
3140003,16,336,13,365
3140004,29,353,9,391
3140005,19,298,4,321
3140006,7,306,18,331
3140007,9,275,47,331
3140008,7,265,70,342
3140009,13,388,12,413
3140010,9,263,6,278
3140011,7,244,42,293
3140012,6,234,21,261
3140013,45,428,24,497
3140014,14,443,39,496
3140015,9,239,30,278
3140101,0,0,0,0
3140102,0,0,0,0
3140103,0,0,0,0
3140104,0,0,0,0
3140105,23,298,41,362
3140106,3,185,29,217
3140107,9,410,73,492
3140108,3,15,6,24
3140109,23,528,63,614
3140110,3,64,0,67
3140111,0,16,0,16
3140112,0,0,0,0
3140113,0,0,0,0
3140114,15,546,52,613
3140115,9,439,92,540
3140116,3,267,34,304
3140201,6,283,24,313
3140202,8,229,0,237
3140203,5,143,0,148
3140204,12,346,18,376
3140205,6,350,9,365
3140206,9,192,9,210
3140207,6,106,20,132
3140208,3,216,6,225
3140209,4,40,4,48
3140210,6,386,87,479
3140211,19,752,12,783
3140212,3,251,3,257
3140213,0,155,9,164
3140214,12,245,0,257
3140215,6,236,7,249
3140301,0,10,11,21
3140302,10,736,67,813
3140303,6,428,49,483
3140304,15,541,92,648
3140305,0,459,103,562
3140306,3,400,57,460
3140307,0,0,0,0
3140308,6,322,13,341
3140401,0,15,0,15
3140402,31,1057,36,1124
3140403,30,526,33,589
3140404,3,263,83,349
3140405,12,253,29,294
3140406,18,195,40,253
3140407,19,1207,30,1256
3140408,0,235,23,258
3140409,4,315,62,381
3140410,6,156,40,202
3140411,6,230,75,311
3140412,0,0,0,0
3140501,13,499,38,550
3140502,3,231,50,284
3140503,6,329,87,422
3140504,6,196,15,217
3140505,0,252,72,324
3140506,12,386,76,474
3140507,3,368,69,440
3140508,9,236,44,289
3140509,9,364,37,410
3140510,21,514,110,645
3140511,9,358,99,466
3140512,6,324,30,360
3140513,0,386,49,435
3140514,4,333,37,374
3140515,0,178,31,209
3140516,16,417,15,448
3140517,6,372,21,399
3140518,0,237,18,255
3140519,12,466,66,544
3140520,3,315,95,413
3140521,3,386,74,463
3140522,4,358,76,438
3140523,71,443,72,586
3140524,16,414,42,472
3140525,9,543,44,596
3140526,9,250,90,349
3140527,9,444,31,484
3140528,14,461,98,573
3140529,9,434,109,552
3140530,0,88,6,94
3140531,0,469,78,547
3140532,7,243,81,331
3140533,0,0,0,0
3140534,21,392,40,453
3140535,8,355,84,447
3140536,0,333,62,395
3140537,7,224,42,273
3140538,6,249,36,291
3140539,8,299,57,364
3140540,6,357,76,439
3140541,7,394,77,478
3140542,3,407,59,469
3140543,18,291,43,352
3140544,6,309,64,379
3140545,9,381,63,453
3140546,9,395,112,516
3140547,15,396,191,602
3140548,12,453,47,512
3140549,6,281,22,309
3140550,6,138,26,170
3140551,4,194,18,216
3140601,9,367,57,433
3140602,9,245,16,270
3140603,12,322,64,398
3140604,3,269,26,298
3140605,13,146,30,189
3140606,3,332,112,447
3140607,0,384,97,481
3140608,6,218,18,242
3140609,8,298,48,354
3140610,7,278,36,321
3140611,3,384,41,428
3140701,0,3,0,3
3140702,7,171,15,193
3140703,12,242,7,261
3140704,20,265,42,327
3140705,27,306,35,368
3140706,15,188,27,230
3140707,10,247,28,285
3140708,15,313,27,355
3140709,4,317,28,349
3140710,3,293,15,311
3140711,9,258,24,291
3140712,6,331,79,416
3140713,6,275,7,288
3140801,12,327,15,354
3140802,9,316,27,352
3140803,15,380,27,422
3140804,5,287,13,305
3140805,12,274,18,304
3140806,6,193,20,219
3140807,10,330,27,367
3140808,9,310,7,326
3140809,18,272,8,298
3140810,15,310,11,336
3140811,12,227,9,248
3140812,45,412,24,481
3140813,24,459,5,488
3140814,3,223,35,261
3140815,4,360,3,367
3140816,16,240,33,289
3140901,14,373,28,415
3140902,6,372,33,411
3140903,3,138,3,144
3140904,3,176,0,179
3140905,6,437,33,476
3140906,9,339,49,397
3140907,23,417,16,456
3140908,18,257,38,313
3140909,0,171,22,193
3140910,32,434,60,526
3140911,36,302,24,362
3140912,19,283,28,330
3140913,9,233,18,260
3140914,6,141,15,162
3141001,22,359,21,402
3141002,16,205,6,227
3141003,10,211,7,228
3141004,3,227,16,246
3141005,23,293,5,321
3141006,0,362,18,380
3141007,13,321,16,350
3141008,8,265,8,281
3141101,12,300,15,327
3141102,21,211,16,248
3141103,0,0,0,0
3141104,5,375,18,398
3141105,12,272,18,302
3141106,17,296,6,319
3141107,19,310,20,349
3141108,19,187,18,224
3141109,3,177,21,201
3141110,0,187,16,203
3141111,18,196,9,223
3141112,9,410,25,444
3141201,10,178,22,210
3141202,12,288,24,324
3141203,9,215,18,242
3141204,6,243,3,252
3141205,17,439,37,493
3141206,53,306,22,381
3141207,6,293,16,315
3141208,0,205,15,220
3141209,9,198,6,213
3141210,12,316,22,350
3141211,6,244,22,272
3141212,9,299,12,320
3141213,8,315,15,338
3141214,9,249,11,269
3141215,0,0,0,0
3141301,9,297,18,324
3141302,11,438,7,456
3141303,186,342,26,554
3141304,7,343,16,366
3141305,15,367,7,389
3141306,12,467,19,498
3141307,17,387,15,419
3141308,0,249,9,258
3141309,17,471,16,504
3141310,18,285,15,318
3141311,28,429,12,469
3141312,154,373,16,543
3141313,22,434,9,465
3141314,0,436,14,450
3141315,16,192,6,214
3141316,6,389,18,413
3141317,3,310,10,323
3141318,14,626,22,662
3141319,18,481,8,507
3141320,24,382,9,415
3141321,26,488,3,517
3141322,12,398,7,417
3141323,17,379,8,404
3141324,9,521,27,557
3141325,9,276,19,304
3141326,56,373,16,445
3141327,52,511,14,577
3141328,60,243,9,312
3141329,15,360,15,390
3141330,12,240,7,259
3141331,15,496,26,537
3141332,12,446,6,464
3141333,15,646,15,676
3141334,29,531,10,570
3141335,5,253,3,261
3141336,3,21,0,24
3141401,12,382,10,404
3141402,12,326,6,344
3141403,13,390,6,409
3141404,9,441,20,470
3141405,12,536,58,606
3141406,3,299,0,302
3141407,13,451,26,490
3141408,4,264,14,282
3141409,6,368,23,397
3141410,9,353,15,377
3141411,18,650,18,686
3141412,12,456,12,480
3141413,3,233,9,245
3141414,12,342,18,372
3141415,15,384,9,408
3141416,15,459,9,483
3141417,0,0,0,0
3141418,42,197,14,253
3141419,12,244,9,265
3141420,28,571,24,623
3141421,12,279,29,320
3141422,9,600,18,627
3141423,6,274,6,286
3141424,21,497,6,524
3141425,3,213,9,225
3141426,0,215,3,218
3141427,7,388,15,410
3141428,6,290,13,309
3141429,18,452,6,476
3141430,0,0,0,0
3141431,13,212,6,231
3141432,6,319,15,340
3141433,17,837,16,870
3141434,25,798,9,832
3141435,12,342,14,368
3141436,13,411,21,445
3141501,15,467,14,496
3141502,0,385,12,397
3141503,15,545,15,575
3141504,0,469,26,495
3141505,15,546,12,573
3141506,34,623,40,697
3141507,11,377,39,427
3141508,18,500,24,542
3141509,16,491,12,519
3141510,18,245,7,270
3141511,9,245,0,254
3141512,9,319,9,337
3141513,23,343,11,377
3141514,13,997,49,1059
3141515,0,0,0,0
3141601,0,0,0,0
3141602,185,1031,51,1267
3141603,105,372,8,485
3141604,22,454,9,485
3141605,12,262,9,283
3141606,27,556,17,600
3141607,6,396,45,447
3141608,12,393,7,412
3141609,6,449,22,477
3141610,19,525,21,565
3141611,26,481,11,518
3141612,12,391,6,409
3141613,17,497,18,532
3141614,12,453,9,474
3141615,0,314,5,319
3141616,15,407,15,437
3141617,9,401,9,419
3141618,21,893,48,962
3141619,0,15,0,15
3141701,47,448,16,511
3141702,0,300,6,306
3141703,10,200,9,219
3141704,37,323,12,372
3141705,9,242,12,263
3141706,155,373,12,540
3141707,23,463,0,486
3141708,18,301,12,331
3141709,18,285,4,307
3141710,28,490,17,535
3141711,14,369,6,389
3141712,27,528,12,567
3141713,16,242,3,261
3141714,13,355,9,377
3141715,24,425,6,455
3141716,33,394,49,476
3141717,12,194,26,232
3141718,0,3,0,3
3141719,16,268,38,322
3141720,25,407,9,441
3141721,33,507,24,564
3141722,16,521,12,549
3141723,9,252,18,279
3141724,33,398,6,437
3141725,33,401,18,452
3141801,42,373,10,425
3141802,23,383,14,420
3141803,15,319,13,347
3141804,18,216,6,240
3141805,12,331,12,355
3141806,14,233,8,255
3141807,0,444,15,459
3141808,9,413,0,422
3141809,9,223,15,247
3141810,31,467,9,507
3141811,6,221,12,239
3141812,24,472,23,519
3141813,17,364,9,390
3141814,35,445,14,494
3141815,15,369,3,387
3141816,25,409,0,434
3141901,10,295,18,323
3141902,18,311,95,424
3141903,18,408,29,455
3141904,22,417,69,508
3141905,17,395,15,427
3141906,18,379,17,414
3141907,25,518,67,610
3141908,19,308,21,348
3141909,31,344,30,405
3141910,15,160,19,194
3141911,27,253,13,293
3141912,43,211,18,272
3141913,136,374,152,662
3141914,28,306,30,364
3141915,0,0,0,0
3141916,25,346,17,388
3142001,33,612,11,656
3142002,63,331,76,470
3142003,12,334,13,359
3142004,37,420,8,465
3142005,8,476,4,488
3142006,18,701,25,744
3142007,12,525,20,557
3142008,0,3,0,3
3142009,18,284,16,318
3142010,9,229,24,262
3142011,15,238,0,253
3142012,21,279,15,315
3142013,25,381,35,441
3142014,33,838,30,901
3142015,18,603,18,639
3142016,12,461,27,500
3142017,9,653,9,671
3142018,28,243,15,286
3142019,51,316,19,386
3142020,31,581,46,658
3142021,57,446,30,533
3142022,18,324,18,360
3142023,23,1262,28,1313
3142024,24,451,15,490
3142025,14,262,12,288
3142026,20,706,22,748
3142027,12,437,5,454
3142028,36,427,12,475
3142029,11,379,12,402
3142030,46,264,10,320
3142031,0,351,12,363
3142101,26,389,11,426
3142102,25,297,18,340
3142103,41,439,21,501
3142104,16,230,9,255
3142105,11,609,15,635
3142106,13,322,9,344
3142107,27,316,9,352
3142108,26,329,12,367
3142109,104,455,20,579
3142110,16,329,6,351
3142111,4,313,9,326
3142112,49,257,35,341
3142113,20,392,10,422
3142114,0,0,0,0
3142115,23,348,12,383
3142116,22,463,19,504
3142117,19,290,8,317
3142118,10,359,29,398
3142119,18,419,9,446
3142120,19,359,3,381
3142121,20,417,18,455
3142122,0,46,0,46
3142123,34,569,14,617
3142124,5,360,9,374
3142125,5,377,6,388
3142126,18,638,19,675
3142201,6,260,28,294
3142202,11,338,8,357
3142203,6,178,33,217
3142204,13,247,26,286
3142205,25,349,4,378
3142206,15,246,3,264
3142207,18,394,21,433
3142208,36,469,39,544
3142209,20,433,35,488
3142210,17,388,17,422
3142211,12,324,6,342
3142212,17,335,28,380
3142213,25,457,25,507
3142214,26,386,24,436
3142215,7,235,16,258
3142216,18,378,15,411
3142217,75,391,22,488
3142218,12,344,48,404
3142219,50,433,14,497
3142220,71,290,25,386
3142301,0,0,0,0
3142302,9,301,24,334
3142303,14,223,9,246
3142304,18,355,12,385
3142305,6,270,12,288
3142306,21,331,3,355
3142307,19,363,25,407
3142308,8,361,22,391
3142309,26,287,9,322
3142310,12,656,42,710
3142311,27,455,18,500
3142312,22,784,33,839
3142313,13,180,6,199
3142314,15,358,6,379
3142315,3,225,5,233
3142316,0,286,11,297
3142317,19,287,18,324
3142318,13,285,9,307
3142319,23,413,22,458
3142320,25,483,22,530
3142321,181,372,47,600
3142322,0,0,0,0
3142323,30,592,34,656
3142324,0,15,0,15
3142325,14,302,17,333
3142401,37,513,14,564
3142402,28,340,9,377
3142403,32,444,15,491
3142404,15,343,18,376
3142405,42,445,25,512
3142406,10,448,25,483
3142407,18,468,30,516
3142408,21,589,28,638
3142409,30,561,19,610
3142410,33,520,37,590
3142411,9,410,9,428
3142412,6,285,22,313
3142413,0,0,0,0
3142501,19,240,6,265
3142502,63,347,10,420
3142503,25,484,47,556
3142504,13,143,9,165
3142505,16,288,12,316
3142506,9,367,21,397
3142507,28,425,27,480
3142508,15,319,39,373
3142509,10,362,0,372
3142510,75,484,9,568
3142511,10,271,25,306
3142512,20,381,23,424
3142513,3,425,7,435
3142514,9,304,28,341
3142515,15,374,17,406
3142516,15,679,34,728
3142517,11,429,15,455
3142518,15,496,21,532
3142519,7,372,25,404
3142520,6,372,11,389
3142521,14,340,26,380
3142522,3,299,13,315
3142523,15,335,17,367
3142524,15,470,15,500
3142525,12,276,20,308
3142526,11,356,24,391
3142527,120,529,36,685
3142528,17,304,14,335
3142529,0,0,0,0
3142530,4,219,34,257
3142531,16,791,44,851
3142532,15,319,26,360
3142533,0,67,0,67
3142601,18,495,21,534
3142602,9,345,9,363
3142603,14,438,17,469
3142604,16,426,36,478
3142605,19,409,13,441
3142606,12,275,12,299
3142607,4,83,0,87
3142608,12,292,12,316
3142609,0,0,0,0
3142610,5,315,37,357
3142611,7,358,39,404
3142612,13,301,36,350
3142613,12,264,27,303
3142614,11,331,10,352
3142615,33,516,27,576
3142616,25,414,40,479
3142617,8,347,50,405
3142618,9,288,0,297
3142619,9,500,33,542
3142620,26,368,7,401
3142621,18,495,23,536
3142622,39,770,11,820
3142623,12,355,14,381
3142624,12,321,9,342
3142625,3,216,14,233
3142626,12,383,24,419
3142701,20,307,30,357
3142702,18,543,30,591
3142703,13,276,26,315
3142704,21,429,23,473
3142705,6,264,27,297
3142706,0,325,8,333
3142707,29,365,26,420
3142708,16,367,25,408
3142709,18,400,18,436
3142710,37,404,28,469
3142711,23,381,31,435
3142712,43,427,38,508
3142713,15,285,15,315
3142714,19,404,22,445
3142715,14,396,12,422
3142716,18,313,45,376
3142717,27,427,18,472
3142718,114,274,17,405
3142719,10,305,15,330
3142720,21,450,23,494
3142721,18,210,6,234
3142722,27,456,16,499
3142723,30,256,21,307
3142724,0,0,0,0
3142725,10,309,20,339
3142726,13,319,47,379
3142727,16,308,24,348
3142728,15,305,16,336
3142729,36,395,58,489
3142730,17,403,22,442
3142731,9,287,12,308
3142732,12,380,23,415
3142733,18,504,18,540
3142734,6,194,18,218
3142735,55,527,27,609
3142736,17,431,16,464
3142737,46,269,11,326
3142738,14,363,18,395
3142739,22,393,31,446
3142740,10,343,77,430
3142741,24,830,32,886
3142801,18,242,36,296
3142802,16,213,33,262
3142803,27,505,58,590
3142804,12,322,3,337
3142805,13,522,45,580
3142806,13,296,22,331
3142807,11,186,20,217
3142808,8,394,67,469
3142809,7,338,31,376
3142810,9,261,12,282
3142811,11,364,31,406
3142812,14,376,33,423
3142813,21,286,12,319
3142814,3,491,52,546
3142815,6,312,38,356
3142816,15,251,23,289
3142817,5,223,24,252
3142818,3,408,58,469
3142819,9,507,30,546
3142820,15,431,51,497
3142821,129,399,33,561
3142822,11,356,6,373
3142823,7,319,22,348
3142824,13,340,18,371
3142825,10,458,20,488
3142826,18,355,20,393
3142827,13,226,15,254
3142828,14,391,18,423
3142901,3,251,6,260
3142902,6,260,6,272
3142903,9,173,12,194
3142904,3,153,0,156
3142905,5,384,19,408
3142906,23,277,18,318
3142907,9,907,49,965
3142908,15,362,53,430
3142909,22,481,9,512
3142910,106,229,12,347
3142911,12,311,9,332
3142912,12,315,6,333
3142913,19,367,16,402
3142914,3,254,6,263
3142915,12,350,18,380
3142916,80,469,37,586
3142917,40,488,3,531
3142918,0,0,0,0
3142919,0,0,0,0
3143001,19,407,18,444
3143002,9,206,6,221
3143003,12,272,3,287
3143004,7,198,18,223
3143005,7,304,3,314
3143006,0,283,6,289
3143007,34,344,14,392
3143008,14,442,20,476
3143009,9,230,12,251
3143010,6,229,18,253
3143011,3,201,6,210
3143101,20,332,17,369
3143102,9,270,13,292
3143103,33,398,12,443
3143104,15,214,9,238
3143105,14,243,3,260
3143106,27,331,24,382
3143107,13,650,36,699
3143108,10,508,32,550
3143109,12,184,3,199
3143110,17,375,6,398
3143111,12,591,21,624
3143112,21,330,27,378
3143113,21,552,37,610
3143114,16,287,23,326
3143115,7,215,15,237
3143116,11,369,24,404
3143117,12,252,30,294
3143118,10,288,12,310
3143119,30,554,44,628
3143120,34,711,46,791
3143121,9,232,34,275
3143122,18,511,8,537
3143123,3,165,7,175
3143201,30,429,22,481
3143202,238,140,23,401
3143203,29,458,18,505
3143204,22,452,19,493
3143205,8,294,12,314
3143206,9,292,12,313
3143207,50,261,15,326
3143208,23,508,24,555
3143209,8,243,32,283
3143210,20,307,4,331
3143211,9,279,3,291
3143212,52,316,33,401
3143213,28,387,12,427
3143214,15,381,14,410
3143215,4,231,10,245
3143216,12,285,10,307
3143217,15,205,15,235
3143218,11,319,9,339
3143219,6,198,14,218
3143220,22,440,15,477
3143221,29,561,15,605
3143222,18,633,22,673
3143223,15,296,8,319
3143224,12,295,12,319
3143225,46,482,39,567
3143226,15,427,18,460
3143227,21,162,9,192
3143228,21,318,10,349
3143229,20,296,18,334
3143230,24,703,44,771
3143231,31,517,34,582
3143232,35,448,5,488
3143233,40,413,51,504
3143234,11,289,14,314
3143235,16,338,13,367
3143236,14,281,11,306
3143237,33,286,16,335
3143238,97,725,57,879
3143239,34,378,19,431
3143240,50,495,19,564
3143241,18,477,27,522
3143242,35,339,30,404
3143243,76,381,24,481
3143301,15,185,15,215
3143302,3,326,15,344
3143303,15,346,14,375
3143304,12,413,14,439
3143305,24,400,58,482
3143306,3,302,16,321
3143307,7,191,14,212
3143308,19,264,9,292
3143309,13,212,16,241
3143310,13,276,20,309
3143311,6,254,0,260
3143312,9,237,17,263
3143313,29,355,21,405
3143314,77,216,26,319
3143315,20,289,10,319
3143316,15,329,25,369
3143317,19,255,9,283
3143318,3,297,12,312
3143319,9,301,12,322
3143320,12,130,3,145
3143321,25,425,31,481
3143322,27,360,42,429
3143323,27,434,41,502
3143324,15,251,12,278
3143325,25,440,51,516
3143326,12,345,16,373
3143327,12,235,14,261
3143328,42,368,13,423
3143329,12,246,12,270
3143330,7,231,17,255
3143331,9,332,22,363
3143332,7,302,9,318
3143333,28,485,14,527
3143334,13,230,6,249
3143335,14,323,6,343
3143336,10,272,12,294
3143337,5,231,4,240
3143338,15,393,33,441
3143339,5,301,14,320
3143340,9,378,21,408
3143341,18,432,24,474
3143342,24,288,18,330
3143343,3,162,15,180
3143344,15,183,11,209
3143345,16,315,30,361
3143346,12,434,24,470
3143347,20,357,33,410
3143348,6,169,6,181
3143349,4,376,38,418
3143350,22,358,24,404
3143351,3,300,9,312
3143352,12,303,18,333
3143353,9,256,18,283
3143354,6,315,12,333
3143355,10,273,10,293
3143356,0,273,9,282
3143357,14,413,20,447
3143358,32,528,18,578
3143359,19,398,17,434
3143401,85,23,16,124
3143402,6,350,23,379
3143403,24,378,25,427
3143404,12,217,16,245
3143405,6,238,4,248
3143406,5,344,21,370
3143407,19,263,9,291
3143408,0,0,0,0
3143409,0,0,0,0
3143410,11,311,13,335
3143411,15,414,59,488
3143412,12,323,18,353
3143413,12,370,42,424
3143414,13,274,30,317
3143501,0,0,0,0
3143502,21,315,27,363
3143503,21,256,30,307
3143504,17,339,14,370
3143505,6,285,8,299
3143506,7,119,12,138
3143507,15,421,25,461
3143508,14,385,36,435
3143509,91,344,27,462
3143510,3,223,6,232
3143511,0,0,0,0
3143512,21,403,24,448
3143513,17,456,80,553
3143514,25,494,96,615
3143515,21,349,9,379
3143516,9,285,19,313
3143517,16,386,18,420
3143518,10,294,17,321
3143519,30,606,27,663
3143520,0,38,0,38
3143521,0,142,3,145
3143522,0,0,0,0
3143523,0,0,0,0
3143524,26,719,14,759
3143601,27,1301,63,1391
3143602,6,313,12,331
3143603,15,417,7,439
3143604,15,874,21,910
3143605,9,302,10,321
3143606,5,311,4,320
3143607,9,424,13,446
3143608,6,267,12,285
3143609,18,471,38,527
3143610,6,303,20,329
3143611,0,277,48,325
3143612,15,431,33,479
3143613,0,12,0,12
3143614,34,377,12,423
3143615,9,582,49,640
3143616,17,558,15,590
3143701,13,260,18,291
3143702,12,191,3,206
3143703,12,334,18,364
3143704,9,475,10,494
3143705,9,245,0,254
3143706,12,393,24,429
3143707,12,364,21,397
3143708,19,563,24,606
3143709,6,313,6,325
3143710,10,471,30,511
3143711,0,0,0,0
3143712,0,168,11,179
3143713,0,0,0,0
3143714,15,418,61,494
3143715,0,0,0,0
3143716,3,370,31,404
3143717,0,154,21,175
3143718,3,316,36,355
3143719,13,310,8,331
3143720,6,229,23,258
3143721,12,249,14,275
3143801,15,189,6,210
3143802,10,395,22,427
3143803,18,199,10,227
3143804,18,356,14,388
3143805,30,562,21,613
3143806,13,381,29,423
3143807,13,287,10,310
3143808,13,227,23,263
3143809,14,357,26,397
3143810,22,228,15,265
3143811,25,471,18,514
3143812,59,346,19,424
3143813,18,336,16,370
3143814,24,377,22,423
3143815,9,204,21,234
3143816,214,300,31,545
3143817,22,405,18,445
3143818,9,341,12,362
3143819,9,361,15,385
3143820,38,456,8,502
3143821,45,352,11,408
3143822,6,218,9,233
3143823,12,286,13,311
3143824,12,263,18,293
3143825,0,0,0,0
3143826,0,0,0,0
3143827,120,298,11,429
3143828,16,263,13,292
3143829,33,308,12,353
3143901,23,414,15,452
3143902,20,436,36,492
3143903,12,290,12,314
3143904,9,345,22,376
3143905,6,275,19,300
3143906,32,576,72,680
3143907,40,491,27,558
3143908,109,368,12,489
3143909,48,807,48,903
3143910,15,379,6,400
3143911,53,1216,38,1307
3143912,12,248,8,268
3143913,27,329,25,381
3143914,15,254,19,288
3144001,15,292,21,328
3144002,6,223,9,238
3144003,12,259,7,278
3144004,38,606,27,671
3144005,3,221,24,248
3144006,28,659,37,724
3144007,9,167,9,185
3144008,27,456,49,532
3144009,9,270,7,286
3144010,18,238,25,281
3144011,12,284,3,299
3144012,12,238,6,256
3144013,10,180,15,205
3144014,9,280,23,312
3144015,20,470,17,507
3144016,6,364,11,381
3144017,18,344,12,374
3144018,3,309,17,329
3144019,27,406,31,464
3144020,17,231,75,323
3144021,15,502,14,531
3144022,9,204,21,234
3144101,16,239,19,274
3144102,39,786,68,893
3144103,12,138,3,153
3144104,21,272,27,320
3144105,13,370,20,403
3144106,21,550,74,645
3144107,9,198,9,216
3144108,0,0,0,0
3144109,24,470,46,540
3144110,15,288,21,324
3144111,12,241,31,284
3144112,6,146,7,159
3144113,23,344,24,391
3144114,14,280,24,318
3144115,31,564,28,623
3144201,9,362,10,381
3144202,5,145,4,154
3144203,8,303,9,320
3144204,26,336,27,389
3144205,15,433,18,466
3144206,9,299,16,324
3144207,24,260,3,287
3144208,17,366,6,389
3144209,9,231,9,249
3144210,10,274,11,295
3144211,0,6,0,6
3144212,17,283,23,323
3144213,18,378,6,402
3144214,6,143,6,155
3144215,14,388,15,417
3144216,19,417,12,448
3144217,8,228,41,277
3144218,12,320,15,347
3144219,18,227,18,263
3144220,12,386,18,416
3144221,12,281,15,308
3144222,4,241,40,285
3144223,14,430,44,488
3144224,8,274,11,293
3144225,19,371,3,393
3144226,3,289,21,313
3144227,3,250,7,260
3144228,0,0,0,0
3144229,12,218,7,237
3144230,3,186,6,195
3144231,9,366,24,399
3144301,6,277,18,301
3144302,25,337,6,368
3144303,21,430,29,480
3144304,12,217,18,247
3144305,19,311,16,346
3144306,12,152,6,170
3144307,18,287,20,325
3144308,19,183,34,236
3144309,24,281,27,332
3144310,28,370,27,425
3144311,7,270,39,316
3144312,0,0,0,0
3144313,6,262,0,268
3144314,6,246,0,252
3144315,10,305,10,325
3144316,0,223,16,239
3144317,21,248,3,272
3144318,15,209,6,230
3144319,22,368,0,390
3144320,21,377,28,426
3144401,7,357,24,388
3144402,5,217,6,228
3144403,12,356,6,374
3144404,15,383,12,410
3144405,20,363,20,403
3144406,12,241,14,267
3144407,17,342,49,408
3144408,21,422,7,450
3144409,6,314,28,348
3144410,6,297,30,333
3144411,15,307,12,334
3144412,0,422,15,437
3144413,14,260,8,282
3144414,18,488,23,529
3144415,9,185,20,214
3144416,17,443,22,482
3144417,18,438,28,484
3144418,3,217,9,229
3144419,11,272,14,297
3144420,3,208,8,219
3144421,16,537,18,571
3144422,24,342,9,375
3144423,19,354,6,379
3144424,13,394,3,410
3144425,25,451,9,485
3144426,101,222,9,332
3144427,10,279,12,301
3144428,3,178,9,190
3144501,8,134,13,155
3144502,10,584,12,606
3144503,11,364,9,384
3144504,18,228,6,252
3144505,16,653,29,698
3144506,6,243,24,273
3144507,19,877,15,911
3144508,9,644,15,668
3144509,6,242,4,252
3144510,10,338,13,361
3144511,18,320,31,369
3144512,12,246,9,267
3144513,14,276,8,298
3144514,15,193,6,214
3144601,13,435,7,455
3144602,11,290,12,313
3144603,18,466,27,511
3144604,16,508,25,549
3144605,15,496,18,529
3144606,12,311,3,326
3144607,14,430,24,468
3144608,4,208,0,212
3144609,0,372,39,411
3144610,64,420,15,499
3144611,12,498,3,513
3144612,23,731,49,803
3144613,15,443,47,505
3144614,14,410,27,451
3144615,18,459,18,495
3144616,22,255,6,283
3144617,15,275,12,302
3144618,18,297,37,352
3144619,9,229,6,244
3144620,3,255,9,267
3144621,15,464,58,537
3144622,6,278,46,330
3144623,22,391,22,435
3144624,33,426,19,478
3144625,15,186,12,213
3144626,26,342,23,391
3144627,66,328,118,512
3144628,27,435,16,478
3144629,16,372,10,398
3144701,12,216,14,242
3144702,40,531,50,621
3144703,18,339,30,387
3144704,77,410,27,514
3144705,26,437,24,487
3144706,16,400,34,450
3144707,19,257,4,280
3144708,7,225,18,250
3144709,39,412,65,516
3144710,57,491,54,602
3144711,12,684,69,765
3144712,21,474,100,595
3144713,9,225,9,243
3144714,23,435,35,493
3144715,15,419,22,456
3144716,10,408,16,434
3144717,12,265,6,283
3144718,22,491,36,549
3144719,30,322,15,367
3144720,22,539,95,656
3144721,110,304,67,481
3144722,53,366,14,433
3144801,13,321,46,380
3144802,13,385,11,409
3144803,3,262,17,282
3144804,3,275,28,306
3144805,35,478,24,537
3144806,3,215,3,221
3144807,28,457,30,515
3144808,9,236,9,254
3144809,26,392,21,439
3144810,80,402,24,506
3144811,9,218,10,237
3144812,7,329,12,348
3144813,31,203,21,255
3144814,11,372,21,404
3144815,19,238,6,263
3144816,22,427,27,476
3144817,43,798,36,877
3144818,46,376,36,458
3144901,0,265,10,275
3144902,3,266,6,275
3144903,15,478,22,515
3144904,12,393,6,411
3144905,10,394,18,422
3144906,6,241,3,250
3144907,12,356,14,382
3144908,6,357,6,369
3144909,19,508,20,547
3144910,23,336,24,383
3144911,12,214,0,226
3144912,21,409,13,443
3144913,8,230,0,238
3144914,20,792,19,831
3145001,7,296,0,303
3145002,4,278,9,291
3145003,20,773,6,799
3145004,6,518,21,545
3145005,23,613,21,657
3145006,6,256,10,272
3145007,16,869,22,907
3145008,25,339,8,372
3145009,12,244,9,265
3145010,0,340,10,350
3145011,16,449,0,465
3145012,0,192,6,198
3145013,24,418,15,457
3145014,17,344,12,373
3145015,14,286,15,315
3145016,10,505,12,527
3145017,9,335,25,369
3145018,15,251,24,290
3145019,13,365,10,388
3145020,9,238,5,252
3145021,6,372,15,393
3145022,24,374,0,398
3145023,3,312,6,321
3145024,11,350,4,365
3145025,22,396,27,445
3145026,18,290,10,318
3145027,15,589,15,619
3145101,13,207,13,233
3145102,9,188,15,212
3145103,20,284,29,333
3145104,21,234,15,270
3145105,0,231,9,240
3145106,8,374,13,395
3145107,9,159,18,186
3145108,12,336,6,354
3145109,27,399,15,441
3145110,11,136,29,176
3145111,27,345,29,401
3145112,18,192,16,226
3145113,27,239,15,281
3145114,22,431,27,480
3145115,11,342,3,356
3145116,16,301,13,330
3145117,16,260,39,315
3145118,13,183,15,211
3145119,18,141,19,178
3145120,12,359,14,385
3145121,10,273,56,339
3145122,28,373,37,438
3145123,4,212,13,229
3145124,17,338,27,382
3145125,15,297,12,324
3145126,3,209,20,232
3145127,8,478,20,506
3145128,6,198,12,216
3145129,13,180,18,211
3145130,9,224,11,244
3145131,9,170,3,182
3145132,29,477,137,643
3145133,14,266,16,296
3145201,9,289,180,478
3145202,37,947,18,1002
3145203,12,352,9,373
3145204,9,257,11,277
3145205,6,328,0,334
3145206,3,428,12,443
3145207,13,437,10,460
3145208,4,301,18,323
3145209,6,334,21,361
3145210,6,235,3,244
3145211,18,308,7,333
3145212,27,313,15,355
3145213,7,367,12,386
3145214,11,398,13,422
3145215,19,333,7,359
3145216,24,222,159,405
3145301,11,281,6,298
3145302,8,315,18,341
3145303,25,475,16,516
3145304,18,315,13,346
3145305,12,298,15,325
3145306,40,400,26,466
3145307,12,246,9,267
3145308,16,337,12,365
3145309,21,537,30,588
3145310,16,383,9,408
3145311,20,269,9,298
3145312,24,294,12,330
3145313,12,360,19,391
3145314,8,241,23,272
3145315,25,353,31,409
3145316,24,481,40,545
3145317,34,469,19,522
3145318,17,320,27,364
3145319,11,223,27,261
3145320,34,473,28,535
3145321,19,275,17,311
3145322,7,277,26,310
3145323,21,406,12,439
3145324,19,333,23,375
3145325,25,259,10,294
3145401,15,246,6,267
3145402,11,193,17,221
3145403,6,175,41,222
3145404,18,371,31,420
3145405,26,526,13,565
3145406,24,375,12,411
3145407,21,458,21,500
3145408,39,506,22,567
3145409,37,427,36,500
3145410,27,390,13,430
3145411,10,364,28,402
3145412,30,337,17,384
3145413,8,362,27,397
3145414,11,406,32,449
3145415,0,155,0,155
3145501,20,437,21,478
3145502,16,565,15,596
3145503,54,213,12,279
3145504,11,283,0,294
3145505,15,292,0,307
3145506,15,290,9,314
3145507,13,451,12,476
3145508,10,243,16,269
3145509,14,395,27,436
3145510,29,464,30,523
3145511,4,240,15,259
3145512,20,466,24,510
3145513,22,351,3,376
3145514,9,266,13,288
3145515,19,252,9,280
3145516,17,326,4,347
3145517,7,296,9,312
3145518,9,369,27,405
3145519,16,342,7,365
3145520,17,456,21,494
3145521,0,17,0,17
3145522,13,279,5,297
3145523,6,278,9,293
3145601,13,387,40,440
3145602,19,349,45,413
3145603,18,325,27,370
3145604,50,354,42,446
3145605,14,134,34,182
3145606,93,240,21,354
3145607,26,456,18,500
3145608,12,297,3,312
3145609,21,388,3,412
3145610,18,311,6,335
3145611,18,448,5,471
3145612,16,266,0,282
3145613,3,290,5,298
3145614,24,298,10,332
3145615,28,269,0,297
3145616,10,243,17,270
3145617,18,279,6,303
3145618,25,451,21,497
3145619,19,320,10,349
3145620,21,325,18,364
3145621,20,244,3,267
3145622,52,442,21,515
3145623,12,368,24,404
3145624,28,435,12,475
3145625,13,408,21,442
3145626,18,314,33,365
3145627,26,251,19,296
3145628,12,348,22,382
3145629,104,318,27,449
3145630,24,318,9,351
3145631,12,226,16,254
3145632,9,319,10,338
3145633,9,325,33,367
3145634,21,403,21,445
3145635,24,300,10,334
3145636,0,194,9,203
3145637,18,158,27,203
3145701,19,513,18,550
3145702,10,441,26,477
3145703,52,268,22,342
3145704,8,243,0,251
3145705,10,335,28,373
3145706,16,395,19,430
3145707,15,181,6,202
3145708,18,338,5,361
3145709,12,293,6,311
3145710,16,329,43,388
3145711,9,187,17,213
3145712,22,351,33,406
3145713,87,322,13,422
3145714,0,253,15,268
3145715,3,421,18,442
3145716,12,302,30,344
3145717,23,347,22,392
3145718,6,416,4,426
3145719,16,334,9,359
3145720,13,326,18,357
3145721,3,231,82,316
3145722,25,440,28,493
3145723,16,439,12,467
3145724,3,216,16,235
3145725,9,479,20,508
3145726,3,21,0,24
3145727,12,391,118,521
3145728,0,172,6,178
3145801,9,322,25,356
3145802,148,563,18,729
3145803,9,191,14,214
3145804,12,312,0,324
3145805,37,297,15,349
3145806,9,341,9,359
3145807,21,790,28,839
3145808,6,427,4,437
3145809,9,317,27,353
3145810,0,408,22,430
3145811,0,430,9,439
3145812,18,638,10,666
3145813,9,263,7,279
3145814,18,695,15,728
3145815,17,916,42,975
3145816,15,520,107,642
3145817,6,284,10,300
3145818,15,280,26,321
3145819,19,375,18,412
3145820,3,293,3,299
3145821,10,158,3,171
3145822,9,280,12,301
3145823,3,259,8,270
3145824,14,575,49,638
3145825,6,242,14,262
3145826,16,289,6,311
3145827,0,3,0,3
3145901,21,245,18,284
3145902,3,265,7,275
3145903,15,231,9,255
3145904,12,303,20,335
3145905,24,286,21,331
3145906,28,349,12,389
3145907,22,315,9,346
3145908,54,311,21,386
3145909,30,279,11,320
3145910,24,268,15,307
3145911,8,229,18,255
3145912,31,388,33,452
3145913,13,288,14,315
3145914,5,349,9,363
3145915,3,219,3,225
3145916,32,436,12,480
3145917,24,273,15,312
3145918,27,486,28,541
3145919,36,154,15,205
3145920,21,306,30,357
3145921,3,188,3,194
3145922,120,53,0,173
3145923,37,502,14,553
3145924,36,436,25,497
3145925,49,441,31,521
3145926,20,344,20,384
3145927,13,287,9,309
3145928,0,0,0,0
3145929,14,225,8,247
3145930,24,318,31,373
3145931,33,526,18,577
3145932,16,290,12,318
3145933,9,249,21,279
3145934,29,374,34,437
3145935,22,468,19,509
3145936,18,371,6,395
3145937,36,364,18,418
3146001,26,328,34,388
3146002,14,297,15,326
3146003,31,432,50,513
3146004,29,464,29,522
3146005,19,568,27,614
3146006,50,510,40,600
3146007,13,246,28,287
3146008,13,214,17,244
3146009,129,424,23,576
3146010,18,260,12,290
3146011,31,409,30,470
3146012,25,395,34,454
3146013,27,298,25,350
3146014,13,308,16,337
3146015,29,356,26,411
3146016,23,530,17,570
3146017,27,569,18,614
3146018,9,284,7,300
3146019,12,179,3,194
3146020,12,263,27,302
3146021,18,293,28,339
3146022,6,249,16,271
3146023,8,177,0,185
3146101,13,346,52,411
3146102,28,379,27,434
3146103,19,212,31,262
3146104,24,481,24,529
3146105,0,207,14,221
3146106,18,416,15,449
3146107,9,339,16,364
3146108,0,275,18,293
3146109,8,321,6,335
3146110,12,273,10,295
3146111,14,221,12,247
3146112,6,274,10,290
3146113,6,377,24,407
3146114,3,168,33,204
3146115,3,295,10,308
3146116,0,198,9,207
3146117,13,263,0,276
3146118,3,286,14,303
3146119,4,307,7,318
3146120,13,256,12,281
3146121,15,244,0,259
3146122,9,248,9,266
3146123,12,307,7,326
3146124,59,267,6,332
3146125,17,455,39,511
3146201,17,295,21,333
3146202,12,182,31,225
3146203,26,379,22,427
3146204,7,238,13,258
3146205,43,360,14,417
3146206,0,85,17,102
3146207,100,449,18,567
3146208,12,390,11,413
3146209,24,448,27,499
3146210,19,226,21,266
3146211,0,186,13,199
3146212,12,228,28,268
3146213,26,252,24,302
3146214,3,190,23,216
3146215,21,307,75,403
3146216,12,287,21,320
3146217,15,336,22,373
3146218,35,410,38,483
3146219,18,333,16,367
3146220,18,294,24,336
3146221,42,416,30,488
3146222,6,304,12,322
3146223,6,135,6,147
3146224,25,381,80,486
3146301,19,313,16,348
3146302,15,193,19,227
3146303,12,426,18,456
3146304,28,237,29,294
3146305,9,563,41,613
3146306,16,329,42,387
3146307,7,134,13,154
3146308,23,402,20,445
3146309,9,192,27,228
3146310,22,246,20,288
3146311,27,444,30,501
3146401,12,321,20,353
3146402,32,400,19,451
3146403,26,381,24,431
3146404,31,318,12,361
3146405,91,472,29,592
3146406,19,201,9,229
3146407,33,352,27,412
3146408,38,285,18,341
3146409,36,479,20,535
3146410,18,212,22,252
3146411,30,310,11,351
3146412,0,98,0,98
3146413,7,56,6,69
3146414,59,226,12,297
3146501,93,223,0,316
3146502,12,280,22,314
3146503,18,268,21,307
3146504,24,392,16,432
3146505,23,410,18,451
3146506,27,299,25,351
3146507,0,118,0,118
3146508,6,261,15,282
3146509,13,204,14,231
3146510,13,428,12,453
3146511,0,39,6,45
3146512,15,255,3,273
3146513,10,300,7,317
3146514,13,464,21,498
3146515,27,397,18,442
3146516,20,400,27,447
3146517,18,359,10,387
3146518,10,316,3,329
3146519,30,295,13,338
3146520,23,395,34,452
3146601,71,2223,44,2338
3146602,0,0,0,0
3146701,21,429,27,477
3146702,25,276,28,329
3146703,40,498,60,598
3146704,15,297,24,336
3146705,18,426,15,459
3146706,14,360,24,398
3146707,16,376,14,406
3146708,16,452,16,484
3146709,6,177,12,195
3146710,4,336,12,352
3146711,3,218,57,278
3146712,9,202,32,243
3146713,10,272,64,346
3146801,18,406,25,449
3146802,18,215,6,239
3146803,220,6,4,230
3146804,6,257,18,281
3146805,9,231,3,243
3146806,3,267,3,273
3146807,0,261,9,270
3146808,12,356,9,377
3146809,11,523,10,544
3146810,3,356,9,368
3146811,3,471,19,493
3146812,9,422,27,458
3146813,12,225,4,241
3146814,0,0,0,0
3146815,11,432,20,463
3146816,6,277,12,295
3146817,12,349,12,373
3146818,6,304,20,330
3146819,9,296,12,317
3146820,9,453,12,474
3146821,3,237,0,240
3146822,6,447,6,459
3146823,0,251,18,269
3146824,14,391,24,429
3146825,0,278,17,295
3146826,3,219,3,225
3146827,19,371,11,401
3146828,6,391,25,422
3146901,21,306,19,346
3146902,0,347,42,389
3146903,9,367,12,388
3146904,15,428,52,495
3146905,133,372,34,539
3146906,9,330,43,382
3146907,3,396,34,433
3146908,118,42,0,160
3146909,9,295,18,322
3147001,15,286,6,307
3147002,15,364,12,391
3147003,27,579,21,627
3147004,18,427,17,462
3147005,3,111,3,117
3147006,18,690,40,748
3147007,3,236,6,245
3147008,18,403,30,451
3147009,16,663,36,715
3147010,13,665,51,729
3147011,18,680,24,722
3147101,37,426,56,519
3147102,14,277,22,313
3147103,17,463,70,550
3147104,21,309,24,354
3147105,9,217,24,250
3147106,21,360,18,399
3147107,12,344,18,374
3147108,9,230,6,245
3147109,12,339,9,360
3147110,33,276,12,321
3147111,7,423,11,441
3147112,15,483,31,529
3147113,14,391,15,420
3147114,27,429,23,479
3147115,4,271,17,292
3147116,128,608,33,769
3147117,15,290,15,320
3147118,7,367,18,392
3147119,0,57,9,66
3147120,0,356,12,368
3147121,9,412,34,455
3147122,6,139,3,148
3147123,18,489,16,523
3147124,0,0,0,0
3147125,18,315,17,350
3147126,18,224,26,268
3147127,15,282,15,312
3147128,19,191,16,226
3147129,14,291,3,308
3147201,17,445,9,471
3147202,36,332,28,396
3147203,11,421,58,490
3147204,6,266,24,296
3147205,12,235,14,261
3147206,15,249,3,267
3147207,18,437,11,466
3147208,0,311,12,323
3147209,12,372,18,402
3147210,18,419,25,462
3147211,10,269,18,297
3147212,5,161,52,218
3147213,16,374,59,449
3147214,46,422,110,578
3147215,12,333,3,348
3147216,37,371,0,408
3147301,12,366,31,409
3147302,3,405,21,429
3147303,19,726,115,860
3147304,14,484,20,518
3147305,6,399,30,435
3147306,24,510,28,562
3147307,3,798,45,846
3147308,6,450,18,474
3147309,18,425,58,501
3147310,9,226,29,264
3147311,21,409,50,480
3147312,14,540,106,660
3147313,9,425,54,488
3147314,21,438,51,510
3147315,17,544,46,607
3147316,15,376,36,427
3147317,0,20,0,20
3147318,24,387,45,456
3147319,22,368,31,421
3147320,26,892,80,998
3147321,0,327,12,339
3147322,15,402,24,441
3147323,13,430,41,484
3147324,6,258,27,291
3147325,3,450,24,477
3147326,20,429,18,467
3147327,5,221,20,246
3147328,15,411,23,449
3147329,21,340,17,378
3147330,15,764,60,839
3147331,6,413,33,452
3147401,6,221,5,232
3147402,5,483,52,540
3147403,3,390,33,426
3147404,3,267,10,280
3147405,6,461,13,480
3147406,3,644,25,672
3147407,6,308,42,356
3147408,3,657,44,704
3147409,0,611,61,672
3147410,3,316,21,340
3147411,5,794,33,832
3147412,9,446,37,492
3147413,6,96,33,135
3147414,15,487,33,535
3147415,0,100,7,107
3147416,0,367,7,374
3147417,0,4,0,4
3147501,13,381,40,434
3147502,3,283,32,318
3147503,21,451,64,536
3147504,18,337,26,381
3147505,16,389,31,436
3147506,31,409,100,540
3147507,12,284,56,352
3147508,15,231,16,262
3147509,6,259,25,290
3147510,0,37,30,67
3147511,10,319,13,342
3147512,37,422,21,480
3147513,41,451,81,573
3147514,0,71,0,71
3147515,43,385,84,512
3147516,27,519,55,601
3147517,22,445,62,529
3147601,19,294,19,332
3147602,25,295,40,360
3147603,15,319,60,394
3147604,31,495,42,568
3147605,17,335,18,370
3147606,20,300,33,353
3147607,27,483,28,538
3147608,12,265,15,292
3147609,18,296,15,329
3147610,6,302,10,318
3147611,15,232,30,277
3147612,22,397,71,490
3147613,12,407,32,451
3147614,15,390,44,449
3147615,7,179,17,203
3147616,17,327,28,372
3147617,10,235,17,262
3147618,22,427,37,486
3147619,25,455,43,523
3147620,18,277,45,340
3147621,18,373,13,404
3147701,25,386,13,424
3147702,12,292,27,331
3147703,17,481,9,507
3147704,21,352,9,382
3147705,12,369,25,406
3147706,34,385,55,474
3147707,20,289,11,320
3147708,33,294,68,395
3147709,26,320,13,359
3147710,15,265,35,315
3147711,6,280,21,307
3147801,12,233,30,275
3147802,9,216,21,246
3147803,15,255,21,291
3147804,9,358,28,395
3147805,21,396,25,442
3147806,7,180,15,202
3147807,0,0,0,0
3147808,20,331,27,378
3147809,10,276,18,304
3147810,7,278,15,300
3147811,4,338,38,380
3147812,15,568,47,630
3147813,24,390,33,447
3147814,9,357,15,381
3147815,18,361,78,457
3147901,46,347,34,427
3147902,4,257,23,284
3147903,26,443,28,497
3147904,23,351,22,396
3147905,8,490,46,544
3147906,12,450,27,489
3147907,12,317,19,348
3147908,3,263,0,266
3147909,26,526,30,582
3147910,29,359,20,408
3147911,19,547,48,614
3148001,24,331,42,397
3148002,21,358,18,397
3148003,11,569,35,615
3148004,18,522,25,565
3148005,6,242,15,263
3148006,0,41,0,41
3148007,9,220,3,232
3148008,11,312,27,350
3148009,12,290,17,319
3148010,23,665,43,731
3148011,39,548,58,645
3148012,14,508,14,536
3148013,29,410,32,471
3148014,15,476,21,512
3148015,22,418,18,458
3148016,18,438,18,474
3148017,27,445,33,505
3148018,23,456,24,503
3148019,4,277,18,299
3148020,27,668,71,766
3148021,21,379,30,430
3148022,20,376,23,419
3148023,15,286,26,327
3148101,18,316,34,368
3148102,12,402,38,452
3148103,20,404,19,443
3148104,12,361,29,402
3148105,16,454,19,489
3148106,13,331,10,354
3148107,18,239,20,277
3148108,22,449,21,492
3148109,26,294,23,343
3148110,15,252,17,284
3148111,17,251,8,276
3148112,11,358,16,385
3148113,15,264,28,307
3148114,7,296,12,315
3148115,5,186,24,215
3148116,18,243,20,281
3148117,13,277,9,299
3148118,25,314,9,348
3148119,15,322,0,337
3148120,117,119,9,245
3148121,21,206,9,236
3148122,17,221,32,270
3148123,3,185,17,205
3148124,24,447,60,531
3148201,9,278,27,314
3148202,10,297,18,325
3148203,11,492,24,527
3148204,6,262,0,268
3148205,13,283,3,299
3148206,0,339,18,357
3148207,3,585,12,600
3148208,9,398,41,448
3148209,13,223,20,256
3148210,9,653,45,707
3148211,9,281,12,302
3148212,74,219,11,304
3148213,7,209,0,216
3148214,16,494,16,526
3148215,14,304,0,318
3148216,10,248,15,273
3148217,5,338,3,346
3148218,9,297,23,329
3148219,9,277,13,299
3148220,3,254,9,266
3148221,0,245,21,266
3148222,14,344,12,370
3148223,24,438,27,489
3148224,8,286,15,309
3148225,9,422,20,451
3148226,11,385,29,425
3148227,3,234,7,244
3148228,8,270,5,283
3148229,3,122,0,125
3148230,0,0,0,0
3148231,3,301,6,310
3148232,10,588,30,628
3148233,15,329,21,365
3148234,0,217,12,229
3148235,18,441,12,471
3148236,19,356,19,394
3148237,0,365,11,376
3148238,0,323,24,347
3148239,9,395,15,419
3148240,0,224,9,233
3148241,9,417,25,451
3148242,9,533,34,576
3148243,3,405,15,423
3148244,7,353,9,369
3148301,12,305,8,325
3148302,25,353,24,402
3148303,13,280,30,323
3148304,18,269,48,335
3148305,0,37,0,37
3148306,18,385,22,425
3148307,0,111,4,115
3148308,12,210,16,238
3148401,17,488,19,524
3148402,9,552,23,584
3148403,19,384,15,418
3148404,15,354,12,381
3148405,12,328,9,349
3148406,39,682,42,763
3148407,0,0,0,0
3148408,24,389,57,470
3148409,0,360,18,378
3148410,8,534,42,584
3148411,9,425,19,453
3148412,0,296,18,314
3148413,28,455,21,504
3148414,11,778,34,823
3148415,9,243,15,267
3148416,6,128,30,164
3148417,12,865,27,904
3148501,5,230,13,248
3148502,9,312,25,346
3148503,9,368,22,399
3148504,156,324,92,572
3148505,30,368,24,422
3148506,18,210,9,237
3148507,12,468,19,499
3148508,19,282,27,328
3148509,12,225,30,267
3148510,23,499,37,559
3148601,33,418,25,476
3148602,15,311,54,380
3148603,22,345,24,391
3148604,22,388,47,457
3148605,12,201,6,219
3148606,23,305,49,377
3148607,15,271,8,294
3148608,38,500,35,573
3148609,22,390,24,436
3148610,9,248,27,284
3148611,12,326,70,408
3148612,22,788,94,904
3148613,0,112,10,122
3148614,6,253,18,277
3148615,10,412,51,473
3148701,14,433,63,510
3148702,21,222,22,265
3148703,12,253,16,281
3148704,13,225,31,269
3148705,6,507,17,530
3148706,0,424,51,475
3148707,9,340,10,359
3148708,18,790,56,864
3148709,22,943,28,993
3148710,3,359,13,375
3148711,0,0,0,0
3148712,11,270,59,340
3148801,23,484,36,543
3148802,6,312,13,331
3148803,9,365,25,399
3148804,0,0,0,0
3148805,3,5,11,19
3148806,0,0,0,0
3148807,15,375,32,422
3148808,22,396,21,439
3148809,9,314,6,329
3148810,9,366,31,406
3148811,12,395,14,421
3148812,7,219,10,236
3148813,11,374,15,400
3148814,9,255,20,284
3148815,13,287,36,336
3148816,6,433,88,527
3148901,18,362,41,421
3148902,21,404,30,455
3148903,10,281,7,298
3148904,0,0,0,0
3148905,6,369,3,378
3148906,9,316,22,347
3148907,9,217,17,243
3148908,15,273,21,309
3148909,10,387,10,407
3148910,11,253,15,279
3148911,11,240,9,260
3148912,9,109,4,122
3148913,19,392,33,444
3149001,9,554,28,591
3149002,3,392,24,419
3149003,9,472,68,549
3149004,10,599,104,713
3149005,6,374,62,442
3149006,20,637,68,725
3149007,6,323,55,384
3149008,6,316,67,389
3149009,3,357,47,407
3149010,13,249,114,376
3149011,19,671,119,809
3149012,6,297,23,326
3149013,9,196,30,235
3149014,3,283,65,351
3149015,0,0,0,0
3149016,18,400,33,451
3149017,16,430,46,492
3149018,6,424,73,503
3149019,17,380,48,445
3149101,0,6,566,572
3149102,3,364,15,382
3149103,15,310,16,341
3149104,27,221,23,271
3149105,7,232,21,260
3149106,21,281,17,319
3149107,21,339,25,385
3149108,18,420,22,460
3149109,30,492,72,594
3149110,33,471,27,531
3149111,14,416,23,453
3149112,15,314,12,341
3149113,12,230,27,269
3149114,4,134,62,200
3149115,9,179,18,206
3149116,0,6,0,6
3149117,10,216,9,235
3149118,20,225,6,251
3149201,31,447,21,499
3149202,27,403,27,457
3149203,11,259,19,289
3149204,24,377,22,423
3149205,91,401,104,596
3149206,30,319,14,363
3149207,43,454,20,517
3149208,28,414,27,469
3149209,24,278,9,311
3149210,34,327,18,379
3149211,26,204,6,236
3149212,6,423,16,445
3149301,23,598,27,648
3149302,18,371,19,408
3149303,0,186,10,196
3149304,9,239,9,257
3149305,15,198,24,237
3149306,41,596,44,681
3149307,15,321,9,345
3149308,21,381,10,412
3149309,28,621,13,662
3149310,19,432,13,464
3149311,21,243,0,264
3149312,26,260,0,286
3149313,15,191,6,212
3149314,12,527,28,567
3149315,27,362,35,424
3149316,31,463,41,535
3149317,17,279,15,311
3149318,43,344,17,404
3149319,39,364,24,427
3149320,41,455,31,527
3149321,34,372,33,439
3149322,40,837,26,903
3149323,26,348,8,382
3149324,41,554,90,685
3149325,33,543,41,617
3149326,49,492,41,582
3149327,26,414,25,465
3149328,33,493,14,540
3149329,21,256,14,291
3149330,23,400,12,435
3149331,27,494,15,536
3149332,10,225,0,235
3149333,29,453,15,497
3149334,62,444,3,509
3149401,41,581,35,657
3149402,39,461,30,530
3149403,31,335,24,390
3149404,17,465,15,497
3149405,21,258,0,279
3149406,13,403,13,429
3149407,20,526,6,552
3149408,15,195,5,215
3149409,31,269,30,330
3149501,33,332,19,384
3149502,23,336,22,381
3149503,24,244,45,313
3149504,15,200,12,227
3149505,13,201,11,225
3149506,24,271,25,320
3149507,32,298,49,379
3149508,32,323,6,361
3149509,31,426,21,478
3149510,27,431,18,476
3149511,25,261,13,299
3149512,35,312,23,370
3149513,29,354,35,418
3149514,41,480,57,578
3149515,38,381,36,455
3149516,25,203,7,235
3149517,28,225,23,276
3149601,6,166,9,181
3149602,19,466,13,498
3149603,22,323,28,373
3149604,18,405,23,446
3149605,15,211,12,238
3149606,53,556,62,671
3149607,16,282,31,329
3149608,14,456,39,509
3149609,29,465,20,514
3149610,12,188,30,230
3149611,23,372,21,416
3149612,62,496,66,624
3149613,9,157,19,185
3149701,14,274,9,297
3149702,15,199,12,226
3149703,143,388,25,556
3149704,22,296,9,327
3149705,60,388,9,457
3149706,19,291,16,326
3149707,25,332,25,382
3149708,14,207,21,242
3149709,30,506,48,584
3149710,9,197,16,222
3149711,21,322,57,400
3149712,20,260,19,299
3149713,12,227,31,270
3149714,14,331,44,389
3149715,40,288,10,338
3149716,6,190,21,217
3149717,27,327,0,354
3149718,15,171,9,195
3149719,3,217,3,223
3149720,13,238,33,284
3149721,21,298,26,345
3149722,13,315,32,360
3149801,17,375,15,407
3149802,36,594,24,654
3149803,17,285,6,308
3149804,30,266,47,343
3149805,21,288,33,342
3149806,10,275,6,291
3149807,11,140,6,157
3149808,18,370,7,395
3149809,20,407,13,440
3149810,11,277,17,305
3149811,18,263,9,290
3149812,12,122,12,146
3149813,35,401,38,474
3149814,29,462,27,518
3149815,32,334,14,380
3149816,21,211,6,238
3149817,19,367,20,406
3149818,39,437,12,488
3149819,24,379,36,439
3149820,30,343,12,385
3149821,14,243,0,257
3149822,21,296,31,348
3149901,9,247,15,271
3149902,31,341,21,393
3149903,18,312,10,340
3149904,14,307,25,346
3149905,33,414,38,485
3149906,31,337,26,394
3149907,44,538,31,613
3149908,9,222,12,243
3149909,7,261,18,286
3149910,36,442,32,510
3149911,33,272,6,311
3149912,22,289,12,323
3149913,18,303,15,336
3149914,30,282,6,318
3149915,16,257,10,283
3149916,3,175,7,185
3149917,48,322,32,402
3149918,0,0,0,0
3149919,25,369,13,407
3149920,27,266,18,311
3149921,12,208,9,229
3149922,23,359,14,396
3149923,18,263,12,293
3149924,23,204,3,230
3149925,13,216,39,268
3149926,36,242,53,331
3149927,23,283,26,332
3149928,12,185,9,206
3149929,5,102,3,110
3149930,12,194,18,224
3150001,13,224,24,261
3150002,116,145,91,352
3150003,25,102,23,150
3150004,29,407,11,447
3150005,7,324,5,336
3150006,23,502,19,544
3150007,23,434,14,471
3150008,9,269,5,283
3150009,20,370,15,405
3150010,18,318,18,354
3150011,18,218,32,268
3150012,54,447,18,519
3150013,23,157,9,189
3150014,18,355,28,401
3150015,26,313,27,366
3150016,0,0,0,0
3150017,39,583,27,649
3150018,35,418,22,475
3150019,20,359,12,391
3150020,0,21,0,21
3150021,27,204,18,249
3150022,98,389,38,525
3150101,46,410,36,492
3150102,30,333,32,395
3150103,27,391,32,450
3150104,12,234,13,259
3150105,23,357,9,389
3150106,45,397,8,450
3150107,37,406,6,449
3150108,18,293,21,332
3150109,34,456,5,495
3150110,32,329,9,370
3150111,29,359,8,396
3150112,28,243,16,287
3150113,24,296,31,351
3150114,153,404,16,573
3150115,3,57,0,60
3150201,22,372,8,402
3150202,37,538,21,596
3150203,29,369,19,417
3150204,46,602,44,692
3150205,22,251,37,310
3150206,15,325,41,381
3150207,26,490,45,561
3150208,26,298,24,348
3150209,32,319,29,380
3150210,29,303,26,358
3150211,42,273,9,324
3150212,26,274,20,320
3150213,20,332,30,382
3150214,17,310,18,345
3150215,57,565,21,643
3150216,24,298,15,337
3150217,25,323,10,358
3150218,19,499,18,536
3150219,20,399,11,430
3150220,28,404,36,468
3150221,86,352,53,491
3150222,73,187,19,279
3150223,25,200,18,243
3150224,15,274,9,298
3150225,45,415,13,473
3150226,19,236,9,264
3150227,30,292,41,363
3150301,18,320,23,361
3150302,21,277,18,316
3150303,26,330,14,370
3150304,21,511,27,559
3150305,0,134,9,143
3150306,19,336,38,393
3150307,20,199,7,226
3150308,28,294,49,371
3150309,19,299,69,387
3150310,18,227,27,272
3150311,57,324,15,396
3150312,28,230,25,283
3150313,6,179,15,200
3150314,18,276,29,323
3150315,27,289,15,331
3150316,17,250,24,291
3150317,34,290,12,336
3150318,15,383,25,423
3150319,3,219,12,234
3150320,6,194,26,226
3150401,21,231,9,261
3150402,32,249,11,292
3150403,37,438,24,499
3150404,21,297,12,330
3150405,23,185,21,229
3150406,29,233,19,281
3150407,52,342,22,416
3150408,39,414,26,479
3150409,25,256,12,293
3150410,20,332,38,390
3150411,24,198,9,231
3150412,56,415,18,489
3150413,64,449,32,545
3150414,34,281,10,325
3150501,25,359,23,407
3150502,31,423,27,481
3150503,16,231,7,254
3150504,16,357,24,397
3150505,13,157,6,176
3150506,91,155,10,256
3150507,38,288,30,356
3150508,12,269,12,293
3150509,19,199,11,229
3150510,26,764,23,813
3150511,27,487,21,535
3150512,18,461,53,532
3150513,23,297,9,329
3150514,20,316,23,359
3150515,10,207,10,227
3150516,17,373,5,395
3150517,12,269,3,284
3150518,12,208,6,226
3150519,22,485,20,527
3150520,39,384,27,450
3150521,18,288,6,312
3150522,87,512,19,618
3150523,14,329,10,353
3150524,15,385,21,421
3150525,40,519,20,579
3150601,34,313,18,365
3150602,28,203,17,248
3150603,21,297,13,331
3150604,15,362,15,392
3150605,21,364,18,403
3150606,8,202,3,213
3150607,21,203,8,232
3150608,15,190,6,211
3150609,12,231,3,246
3150610,18,275,9,302
3150611,15,209,21,245
3150612,35,371,9,415
3150613,58,1152,16,1226
3150614,79,460,19,558
3150615,25,242,9,276
3150616,53,333,47,433
3150617,30,285,41,356
3150618,33,197,15,245
3150619,22,228,15,265
3150620,29,348,12,389
3150621,9,226,11,246
3150622,10,291,20,321
3150623,15,243,19,277
3150624,36,465,31,532
3150625,66,451,78,595
3150701,15,148,32,195
3150702,21,291,0,312
3150703,15,239,16,270
3150704,19,284,19,322
3150705,20,249,19,288
3150706,3,161,18,182
3150707,9,209,16,234
3150708,15,259,8,282
3150709,11,254,6,271
3150710,9,143,18,170
3150711,3,185,13,201
3150712,21,317,12,350
3150713,18,256,3,277
3150714,23,314,24,361
3150801,24,225,21,270
3150802,8,167,15,190
3150803,21,291,29,341
3150804,18,288,30,336
3150805,18,169,15,202
3150806,12,187,40,239
3150807,0,0,0,0
3150808,12,181,0,193
3150809,12,267,14,293
3150810,11,229,18,258
3150811,0,24,0,24
3150812,19,246,3,268
3150813,15,265,6,286
3150814,0,156,4,160
3150815,0,200,3,203
3150816,15,208,15,238
3150817,18,178,27,223
3150901,28,164,15,207
3150902,42,324,5,371
3150903,38,311,24,373
3150904,35,243,6,284
3150905,28,388,24,440
3150906,65,318,10,393
3150907,30,168,11,209
3150908,44,349,20,413
3150909,30,329,16,375
3150910,22,208,0,230
3150911,48,373,14,435
3150912,18,232,18,268
3150913,19,274,12,305
3150914,25,242,15,282
3150915,33,292,16,341
3150916,37,331,21,389
3150917,32,227,12,271
3150918,15,195,9,219
3150919,31,335,31,397
3150920,42,369,28,439
3150921,71,393,25,489
3150922,30,236,8,274
3150923,49,428,33,510
3150924,26,389,43,458
3150925,58,398,35,491
3150926,22,236,9,267
3150927,33,229,12,274
3151001,0,6,0,6
3151101,42,339,19,400
3151102,31,287,20,338
3151103,31,316,33,380
3151104,57,414,20,491
3151105,30,221,18,269
3151106,50,282,44,376
3151107,34,293,30,357
3151108,58,383,37,478
3151109,65,534,29,628
3151110,20,233,27,280
3151111,16,243,16,275
3151112,0,0,0,0
3151113,3,47,12,62
3151114,20,384,18,422
3151115,3,96,6,105
3151116,46,437,26,509
3151117,25,304,19,348
3151201,34,611,19,664
3151202,32,594,17,643
3151203,52,658,119,829
3151204,24,491,15,530
3151205,19,374,13,406
3151206,41,507,24,572
3151207,27,183,7,217
3151208,18,220,5,243
3151209,22,349,12,383
3151210,0,215,12,227
3151211,18,332,32,382
3151212,26,351,36,413
3151213,30,246,44,320
3151214,8,121,85,214
3151215,24,290,20,334
3151216,30,230,9,269
3151217,39,318,20,377
3151218,39,392,124,555
3151219,21,337,13,371
3151220,24,394,9,427
3151221,15,246,23,284
3151222,24,390,29,443
3151223,31,562,27,620
3151224,21,271,36,328
3151225,18,209,14,241
3151226,29,264,7,300
3151227,23,213,6,242
3151228,23,263,21,307
3151229,37,422,33,492
3151230,9,232,7,248
3151231,34,350,9,393
3151232,33,306,12,351
3151233,30,536,17,583
3151301,18,501,32,551
3151302,0,347,15,362
3151303,24,525,42,591
3151304,66,390,76,532
3151305,48,555,52,655
3151306,27,197,22,246
3151307,43,448,80,571
3151308,18,290,21,329
3151309,9,289,24,322
3151310,23,394,10,427
3151311,15,514,18,547
3151312,14,356,12,382
3151313,38,729,26,793
3151401,30,300,23,353
3151402,18,412,18,448
3151403,35,448,21,504
3151404,22,355,21,398
3151405,30,306,20,356
3151406,17,321,30,368
3151407,0,0,0,0
3151408,16,255,21,292
3151409,31,473,9,513
3151410,15,207,5,227
3151411,12,266,12,290
3151412,6,76,3,85
3151413,16,282,12,310
3151414,21,361,18,400
3151415,21,350,7,378
3151416,16,248,19,283
3151417,21,252,15,288
3151418,33,404,28,465
3151419,0,0,0,0
3151420,13,148,3,164
3151421,0,188,15,203
3151422,26,380,33,439
3151423,13,144,6,163
3151424,18,224,9,251
3151425,3,130,8,141
3151426,18,249,5,272
3151427,20,267,23,310
3151428,21,408,21,450
3151429,24,315,13,352
3151430,34,335,24,393
3151431,46,315,41,402
3151432,14,223,32,269
3151433,6,396,24,426
3151434,12,258,43,313
3151435,16,337,21,374
3151436,21,369,3,393
3151437,15,245,13,273
3151438,18,389,14,421
3151439,16,155,12,183
3151440,26,424,17,467
3151441,21,269,26,316
3151442,9,314,15,338
3151443,13,260,10,283
3151444,7,340,9,356
3151445,15,259,24,298
3151446,25,389,19,433
3151447,9,219,7,235
3151448,10,304,0,314
3151449,9,178,9,196
3151450,55,342,21,418
3151451,39,421,42,502
3151452,12,177,21,210
3151453,26,327,15,368
3151501,44,350,18,412
3151502,23,241,9,273
3151503,30,419,48,497
3151504,21,342,69,432
3151505,22,275,56,353
3151506,4,239,24,267
3151507,21,174,18,213
3151508,15,247,15,277
3151509,19,263,9,291
3151510,21,248,21,290
3151511,21,251,9,281
3151601,28,307,16,351
3151602,49,653,18,720
3151603,9,258,6,273
3151604,0,0,0,0
3151605,63,689,30,782
3151606,14,189,0,203
3151607,24,347,17,388
3151608,23,190,3,216
3151609,9,306,15,330
3151610,32,462,21,515
3151611,33,333,9,375
3151701,23,286,3,312
3151702,19,347,9,375
3151703,13,277,3,293
3151704,6,276,16,298
3151705,21,339,12,372
3151706,16,383,22,421
3151707,40,459,28,527
3151708,16,245,16,277
3151709,21,401,23,445
3151710,15,288,16,319
3151711,3,250,9,262
3151712,31,533,31,595
3151801,40,324,56,420
3151802,40,398,13,451
3151803,48,383,40,471
3151804,64,366,56,486
3151805,18,393,19,430
3151806,11,320,23,354
3151807,36,446,18,500
3151808,13,338,12,363
3151809,38,295,60,393
3151810,51,171,17,239
3151811,37,389,25,451
3151812,12,211,27,250
3151813,46,799,30,875
3151814,49,480,29,558
3151815,36,367,18,421
3151816,33,317,12,362
3151817,52,416,16,484
3151818,0,0,0,0
3151819,0,0,0,0
3151820,20,238,18,276
3151821,32,355,32,419
3151822,51,398,33,482
3151823,37,317,15,369
3151824,49,373,31,453
3151825,54,447,20,521
3151826,47,328,13,388
3151827,45,385,26,456
3151828,67,463,17,547
3151829,42,454,11,507
3151830,49,596,28,673
3151901,0,0,0,0
3151902,61,487,28,576
3151903,28,379,8,415
3151904,27,255,9,291
3151905,48,452,36,536
3151906,52,405,24,481
3151907,29,282,19,330
3151908,112,356,44,512
3151909,92,251,3,346
3151910,30,290,30,350
3151911,24,372,0,396
3151912,22,359,18,399
3151913,25,205,12,242
3151914,33,373,27,433
3151915,36,342,18,396
3152001,30,331,27,388
3152002,32,351,26,409
3152003,26,363,22,411
3152004,33,196,24,253
3152005,35,316,44,395
3152006,21,223,6,250
3152007,59,559,32,650
3152008,31,373,20,424
3152009,39,299,40,378
3152010,36,337,44,417
3152011,29,300,11,340
3152012,26,226,12,264
3152013,21,248,19,288
3152014,39,309,22,370
3152015,30,296,36,362
3152016,19,259,10,288
3152017,51,413,17,481
3152018,49,491,28,568
3152019,34,508,19,561
3152020,44,499,27,570
3152021,102,272,93,467
3152022,34,416,24,474
3152023,31,449,12,492
3152024,39,394,30,463
3152025,37,216,15,268
3152026,39,603,35,677
3152027,19,303,15,337
3152028,8,301,3,312
3152029,32,293,14,339
3152030,42,398,33,473
3152031,82,141,84,307
3152032,36,599,24,659
3152033,18,311,9,338
3152034,19,303,11,333
3152035,24,450,23,497
3152101,39,421,32,492
3152102,29,202,15,246
3152103,45,330,19,394
3152104,22,284,15,321
3152105,27,270,15,312
3152106,41,379,16,436
3152107,39,498,28,565
3152108,18,240,9,267
3152109,40,513,33,586
3152110,28,272,0,300
3152111,29,277,16,322
3152112,35,247,29,311
3152113,48,433,30,511
3152114,47,379,23,449
3152115,19,325,4,348
3152116,51,433,18,502
3152117,40,511,33,584
3152118,33,279,11,323
3152119,15,227,9,251
3152120,11,322,13,346
3152121,23,376,24,423
3152122,16,331,9,356
3152123,32,482,16,530
3152124,9,66,3,78
3152125,66,979,91,1136
3152126,18,279,9,306
3152127,38,358,0,396
3152128,10,299,9,318
3152201,44,421,35,500
3152202,67,449,37,553
3152203,48,402,23,473
3152204,27,264,12,303
3152205,26,233,6,265
3152206,23,398,10,431
3152207,23,334,12,369
3152208,24,532,28,584
3152209,24,254,70,348
3152210,0,9,0,9
3152211,36,304,15,355
3152212,19,285,43,347
3152213,44,453,12,509
3152214,14,256,13,283
3152215,31,204,16,251
3152216,33,255,18,306
3152217,3,123,16,142
3152218,31,274,14,319
3152219,28,310,10,348
3152220,27,253,35,315
3152221,37,262,15,314
3152222,49,268,18,335
3152223,38,306,24,368
3152224,0,50,0,50
3152225,18,259,13,290
3152226,26,241,30,297
3152301,44,389,24,457
3152302,37,400,11,448
3152303,42,345,82,469
3152304,32,299,20,351
3152305,44,419,23,486
3152306,34,427,18,479
3152307,29,441,3,473
3152401,45,541,12,598
3152402,21,261,18,300
3152403,36,421,18,475
3152404,27,210,15,252
3152405,16,276,16,308
3152406,12,227,30,269
3152407,30,221,21,272
3152408,32,222,18,272
3152409,21,170,9,200
3152410,31,274,119,424
3152411,44,462,26,532
3152412,20,282,16,318
3152413,18,307,25,350
3152414,0,0,473,473
3152415,22,260,6,288
3152416,41,333,9,383
3152417,36,301,21,358
3152418,32,221,15,268
3152419,34,440,18,492
3152420,16,317,29,362
3152421,51,535,14,600
3152422,51,246,31,328
3152423,16,168,28,212
3152424,27,257,18,302
3152425,39,446,35,520
3152426,23,229,15,267
3152427,41,348,39,428
3152428,24,228,9,261
3152429,35,437,17,489
3152430,24,230,16,270
3152431,18,265,13,296
3152432,34,336,60,430
3152433,21,196,18,235
3152434,30,350,9,389
3152435,37,272,30,339
3152436,19,233,29,281
3152437,21,274,27,322
3152438,0,6,0,6
3152439,24,467,4,495
3152440,27,617,41,685
3152441,35,323,17,375
3152442,42,359,19,420
3152443,38,296,54,388
3152444,37,298,16,351
3152445,33,290,12,335
3152446,19,314,18,351
3152447,111,290,12,413
3152448,22,355,16,393
3152449,16,231,6,253
3152450,119,167,15,301
3152451,23,229,21,273
3152501,71,490,28,589
3152502,76,561,34,671
3152503,30,220,24,274
3152504,23,222,19,264
3152505,38,635,17,690
3152506,6,139,23,168
3152507,24,225,18,267
3152508,28,429,16,473
3152509,22,284,15,321
3152510,15,289,15,319
3152511,12,228,36,276
3152512,40,306,22,368
3152513,24,263,21,308
3152514,41,389,24,454
3152515,0,9,0,9
3152516,13,149,25,187
3152517,25,328,9,362
3152518,44,395,25,464
3152519,28,179,12,219
3152520,25,223,4,252
3152521,31,322,31,384
3152522,31,266,39,336
3152601,30,514,22,566
3152602,14,245,12,271
3152603,3,164,6,173
3152604,28,422,15,465
3152605,14,324,29,367
3152606,16,266,4,286
3152607,29,370,18,417
3152608,28,488,19,535
3152609,31,437,3,471
3152610,4,286,7,297
3152611,12,296,9,317
3152612,12,410,4,426
3152613,18,266,0,284
3949999,629,10110,1804,12543
3979991,0,0,0,0
3979992,0,3,0,3
3979993,9,378,80,467
4100101,24,417,30,471
4100102,6,353,27,386
4100103,6,176,27,209
4100104,18,488,75,581
4100105,6,334,20,360
4100106,15,312,46,373
4100107,12,428,125,565
4100108,6,236,104,346
4100109,11,485,54,550
4100110,12,968,126,1106
4100111,28,234,67,329
4100112,10,635,62,707
4100113,27,517,49,593
4100114,9,263,21,293
4100115,7,359,22,388
4100116,12,296,47,355
4100117,10,387,13,410
4100118,9,236,21,266
4100119,21,454,35,510
4100120,6,391,9,406
4100121,6,688,79,773
4100122,6,43,274,323
4100123,13,1184,152,1349
4100124,9,259,98,366
4100125,6,531,63,600
4100126,0,6,0,6
4100127,0,0,0,0
4100128,0,0,0,0
4100129,0,3,9,12
4100130,17,283,26,326
4100131,0,3,0,3
4100132,0,0,0,0
4100201,16,423,40,479
4100202,3,375,25,403
4100203,9,275,21,305
4100204,9,363,19,391
4100205,10,572,45,627
4100206,12,280,18,310
4100207,24,229,9,262
4100208,192,352,29,573
4100209,9,314,17,340
4100210,0,249,5,254
4100211,11,326,6,343
4100212,9,327,10,346
4100213,0,0,0,0
4100214,14,252,17,283
4100215,9,404,47,460
4100216,4,409,14,427
4100217,0,0,0,0
4100218,0,0,0,0
4100219,12,250,24,286
4100220,0,228,39,267
4100221,6,275,33,314
4100301,6,277,9,292
4100302,3,257,9,269
4100303,5,356,7,368
4100304,7,318,9,334
4100305,18,280,6,304
4100306,13,410,10,433
4100307,6,220,12,238
4100308,9,348,12,369
4100309,15,186,3,204
4100310,6,215,6,227
4100311,6,286,17,309
4100312,18,497,22,537
4100313,12,312,12,336
4100314,57,317,9,383
4100315,15,307,9,331
4100316,12,285,9,306
4100317,9,198,3,210
4100318,10,293,12,315
4100319,13,485,16,514
4100320,0,7,0,7
4100321,3,244,3,250
4100322,6,125,0,131
4100323,3,161,12,176
4100401,0,436,18,454
4100402,12,499,13,524
4100403,25,357,29,411
4100404,9,286,3,298
4100405,10,443,11,464
4100406,9,344,14,367
4100407,0,263,8,271
4100408,7,359,10,376
4100409,6,291,9,306
4100410,15,317,6,338
4100411,9,365,0,374
4100412,9,370,13,392
4100413,6,266,12,284
4100414,12,402,6,420
4100415,6,248,36,290
4100416,9,512,9,530
4100417,28,405,18,451
4100418,9,356,0,365
4100419,0,345,9,354
4100420,12,239,12,263
4100421,6,459,17,482
4100422,13,487,3,503
4100423,9,445,16,470
4100424,6,391,9,406
4100425,38,347,12,397
4100426,9,395,15,419
4100427,9,470,17,496
4100428,10,354,15,379
4100429,0,294,4,298
4100430,3,302,0,305
4100431,6,310,0,316
4100432,6,232,3,241
4100433,15,373,9,397
4100434,12,550,12,574
4100435,6,488,26,520
4100436,9,269,11,289
4100437,3,233,0,236
4100438,3,289,6,298
4100439,6,494,14,514
4100440,3,448,12,463
4100441,8,347,4,359
4100442,6,380,30,416
4100443,3,194,7,204
4100444,3,184,3,190
4100445,9,185,3,197
4100446,3,206,4,213
4100447,0,209,3,212
4100501,12,246,9,267
4100502,84,351,23,458
4100503,12,224,5,241
4100504,6,214,9,229
4100505,6,255,15,276
4100506,4,221,0,225
4100507,11,358,12,381
4100508,23,409,12,444
4100509,18,271,12,301
4100510,8,468,9,485
4100511,4,189,6,199
4100512,0,204,4,208
4100513,12,257,6,275
4100514,101,188,12,301
4100601,28,418,10,456
4100602,0,203,10,213
4100603,6,268,13,287
4100604,12,266,3,281
4100605,3,353,304,660
4100606,12,437,15,464
4100607,13,353,9,375
4100608,7,358,21,386
4100609,6,303,10,319
4100610,6,191,3,200
4100611,12,348,7,367
4100612,64,184,3,251
4100613,3,380,16,399
4100614,9,283,0,292
4100615,17,406,10,433
4100616,13,452,9,474
4100617,15,492,15,522
4100618,6,625,32,663
4100619,15,320,9,344
4100620,7,319,8,334
4100621,18,368,9,395
4100622,3,159,12,174
4100623,7,223,9,239
4100624,49,240,6,295
4100625,3,161,9,173
4100701,3,187,3,193
4100702,13,317,13,343
4100703,14,417,3,434
4100704,36,208,20,264
4100705,3,165,0,168
4100706,8,340,3,351
4100707,6,280,9,295
4100708,50,352,15,417
4100709,24,245,15,284
4100710,87,303,18,408
4100711,9,725,28,762
4100712,7,465,9,481
4100713,3,269,0,272
4100714,12,500,19,531
4100715,7,182,9,198
4100716,3,497,15,515
4100717,6,240,6,252
4100718,21,429,3,453
4100719,32,412,27,471
4100720,31,358,10,399
4100721,35,430,29,494
4100722,15,490,15,520
4100723,22,482,22,526
4100724,10,497,21,528
4100725,16,538,30,584
4100726,29,537,9,575
4100727,26,282,24,332
4100728,19,624,6,649
4100729,6,194,6,206
4100730,18,354,22,394
4100731,13,271,6,290
4100732,8,404,6,418
4100733,14,777,4,795
4100734,21,663,13,697
4100735,9,387,11,407
4100801,6,284,12,302
4100802,9,192,11,212
4100803,13,473,15,501
4100804,19,371,12,402
4100805,7,236,0,243
4100806,6,253,4,263
4100807,7,348,8,363
4100808,6,181,21,208
4100809,12,266,9,287
4100810,7,331,3,341
4100811,3,233,6,242
4100812,6,267,9,282
4100813,15,429,8,452
4100814,15,478,21,514
4100815,21,249,7,277
4100816,26,662,16,704
4100817,0,331,9,340
4100901,15,456,15,486
4100902,18,424,9,451
4100903,3,264,9,276
4100904,15,779,30,824
4100905,9,326,10,345
4100906,18,746,17,781
4100907,4,483,14,501
4100908,6,298,9,313
4100909,3,205,7,215
4100910,17,198,3,218
4101001,7,406,21,434
4101002,0,0,0,0
4101003,15,563,23,601
4101004,4,315,16,335
4101005,9,444,6,459
4101006,0,0,0,0
4101007,12,416,16,444
4101008,6,511,24,541
4101009,18,437,12,467
4101010,10,335,12,357
4101011,7,254,0,261
4101012,6,308,25,339
4101013,9,367,0,376
4101014,15,414,9,438
4101015,0,6,0,6
4101016,21,260,0,281
4101101,7,439,12,458
4101102,18,298,22,338
4101103,18,537,10,565
4101104,6,457,13,476
4101105,6,387,15,408
4101106,6,303,15,324
4101107,23,420,15,458
4101108,8,299,7,314
4101109,12,350,9,371
4101110,12,341,4,357
4101111,12,338,9,359
4101112,12,376,22,410
4101113,9,386,9,404
4101114,16,469,17,502
4101115,18,509,13,540
4101116,3,408,6,417
4101117,9,329,9,347
4101118,9,235,9,253
4101119,17,407,4,428
4101120,3,390,16,409
4101121,6,276,3,285
4101122,4,287,0,291
4101123,9,269,20,298
4101124,18,340,20,378
4101125,63,364,32,459
4101126,18,390,12,420
4101127,19,473,0,492
4101128,14,547,13,574
4101129,7,344,7,358
4101130,21,362,6,389
4101131,15,323,6,344
4101132,8,314,9,331
4101133,16,476,12,504
4101134,17,422,15,454
4101135,47,235,3,285
4101136,10,290,17,317
4101137,13,341,18,372
4101138,12,374,24,410
4101139,29,574,29,632
4101140,9,272,0,281
4101141,34,442,17,493
4101142,21,442,30,493
4101143,13,443,16,472
4101144,13,452,9,474
4101201,6,420,10,436
4101202,12,260,30,302
4101203,12,371,24,407
4101204,6,300,12,318
4101205,11,448,26,485
4101206,10,319,15,344
4101207,79,521,12,612
4101208,9,339,5,353
4101209,15,454,25,494
4101210,9,475,13,497
4101211,3,299,17,319
4101212,16,648,18,682
4101213,12,468,31,511
4101214,13,258,12,283
4101215,7,487,9,503
4101216,19,457,10,486
4101217,9,345,9,363
4101218,9,317,12,338
4101219,10,424,5,439
4101220,9,451,15,475
4101221,9,282,13,304
4101301,11,290,16,317
4101302,11,312,28,351
4101303,13,512,18,543
4101304,10,454,6,470
4101305,6,490,20,516
4101306,42,276,21,339
4101307,156,330,16,502
4101308,9,390,39,438
4101309,13,484,37,534
4101310,4,534,13,551
4101311,57,439,19,515
4101312,9,295,6,310
4101313,43,208,13,264
4101314,6,365,21,392
4101315,10,376,12,398
4101316,15,511,12,538
4101317,46,423,94,563
4101318,36,575,31,642
4101319,9,314,21,344
4101320,15,331,3,349
4101321,11,456,12,479
4101322,3,516,49,568
4101323,18,458,22,498
4101324,18,456,10,484
4101325,13,397,33,443
4101326,18,418,12,448
4101327,30,482,29,541
4101328,9,226,4,239
4101329,3,336,0,339
4101330,15,448,21,484
4101331,15,334,9,358
4101332,12,232,4,248
4101333,3,218,12,233
4101334,18,414,27,459
4101335,5,259,32,296
4101336,50,223,15,288
4101401,18,388,6,412
4101402,5,396,3,404
4101403,8,249,15,272
4101404,10,308,4,322
4101405,5,359,4,368
4101406,18,302,12,332
4101407,0,0,0,0
4101408,11,317,18,346
4101409,15,265,6,286
4101410,27,453,4,484
4101411,9,439,18,466
4101412,10,380,17,407
4101413,13,544,15,572
4101414,9,349,18,376
4101415,15,507,0,522
4101416,12,481,11,504
4101417,9,411,12,432
4101418,9,205,12,226
4101419,6,156,0,162
4101420,12,378,6,396
4101421,18,518,16,552
4101422,10,300,9,319
4101423,0,0,0,0
4101424,12,247,3,262
4101425,18,242,0,260
4101426,7,333,3,343
4101427,5,227,3,235
4101501,19,317,7,343
4101502,47,494,36,577
4101503,60,367,17,444
4101504,62,351,55,468
4101505,156,243,19,418
4101506,14,471,13,498
4101507,46,238,9,293
4101508,13,314,24,351
4101509,32,324,7,363
4101510,55,328,8,391
4101511,17,343,0,360
4101512,49,564,15,628
4101513,19,232,6,257
4101514,15,278,6,299
4101515,41,455,24,520
4101516,9,277,39,325
4101517,16,284,12,312
4101518,10,424,21,455
4101519,22,487,21,530
4101520,22,263,3,288
4101521,15,455,0,470
4101522,12,285,24,321
4101523,24,518,30,572
4101524,0,229,14,243
4101525,25,241,24,290
4101526,25,467,18,510
4101527,36,396,15,447
4101528,18,330,31,379
4101529,22,487,6,515
4101530,32,406,10,448
4101531,18,397,9,424
4101532,17,444,13,474
4101533,19,341,3,363
4101534,41,522,21,584
4101535,14,234,9,257
4101536,14,441,29,484
4101537,15,524,16,555
4101538,108,342,22,472
4101539,3,215,3,221
4101540,31,542,27,600
4101541,18,483,9,510
4101542,29,254,6,289
4101543,6,303,3,312
4101544,30,404,15,449
4101545,24,433,22,479
4101601,15,548,20,583
4101602,12,485,18,515
4101603,120,385,35,540
4101604,55,384,18,457
4101605,22,367,13,402
4101606,15,462,8,485
4101607,18,412,6,436
4101608,15,433,23,471
4101609,24,427,9,460
4101610,30,622,37,689
4101611,23,424,14,461
4101612,47,534,29,610
4101613,10,281,9,300
4101614,15,197,7,219
4101615,12,312,12,336
4101616,37,554,19,610
4101617,23,325,10,358
4101618,32,449,9,490
4101619,31,475,27,533
4101620,13,312,10,335
4101621,23,473,6,502
4101622,38,421,26,485
4101623,25,350,6,381
4101624,18,377,9,404
4101625,27,358,6,391
4101626,49,463,38,550
4101627,22,353,10,385
4101628,16,548,17,581
4101629,3,303,0,306
4101630,7,340,27,374
4101631,18,474,10,502
4101632,19,424,27,470
4101633,41,344,17,402
4101634,19,579,30,628
4101635,23,576,28,627
4101636,23,631,28,682
4101637,16,304,24,344
4101638,17,354,18,389
4101639,10,324,7,341
4101640,31,633,12,676
4101641,23,515,11,549
4101642,12,273,7,292
4101643,7,246,15,268
4101644,12,247,22,281
4101645,13,318,11,342
4101701,6,405,30,441
4101702,15,398,54,467
4101703,0,353,13,366
4101704,40,374,29,443
4101705,4,313,53,370
4101706,12,317,31,360
4101707,15,348,12,375
4101708,59,313,25,397
4101709,31,345,21,397
4101710,15,443,9,467
4101711,24,337,17,378
4101712,12,310,24,346
4101713,15,378,21,414
4101714,15,355,37,407
4101715,31,331,28,390
4101716,11,459,42,512
4101717,10,217,22,249
4101718,10,492,12,514
4101719,28,561,13,602
4101720,63,364,13,440
4101721,7,375,16,398
4101722,18,502,15,535
4101723,12,263,3,278
4101724,0,208,21,229
4101801,24,496,58,578
4101802,28,307,5,340
4101803,22,527,32,581
4101804,14,318,4,336
4101805,17,350,20,387
4101806,24,370,12,406
4101807,16,476,21,513
4101808,16,475,14,505
4101809,12,300,9,321
4101810,12,313,18,343
4101811,18,475,22,515
4101812,75,329,13,417
4101813,14,244,8,266
4101814,16,297,3,316
4101815,26,470,6,502
4101816,37,375,18,430
4101817,12,471,17,500
4101818,31,266,10,307
4101819,22,341,6,369
4101820,30,298,12,340
4101821,100,305,35,440
4101822,27,378,13,418
4101823,151,358,20,529
4101824,46,593,19,658
4101825,27,248,18,293
4101826,13,338,3,354
4101827,3,251,6,260
4101828,52,462,29,543
4101829,15,254,19,288
4101901,3,280,7,290
4101902,20,326,22,368
4101903,52,520,66,638
4101904,11,420,8,439
4101905,9,283,8,300
4101906,18,300,8,326
4101907,40,186,7,233
4101908,3,401,12,416
4101909,12,273,0,285
4101910,15,381,11,407
4101911,6,319,10,335
4101912,12,379,23,414
4101913,27,435,14,476
4101914,33,409,22,464
4101915,94,312,18,424
4101916,6,328,13,347
4101917,22,435,23,480
4101918,14,439,4,457
4101919,12,292,12,316
4101920,24,501,27,552
4101921,7,390,53,450
4101922,25,299,12,336
4101923,30,472,17,519
4101924,12,359,12,383
4101925,27,514,17,558
4101926,27,499,41,567
4101927,7,345,42,394
4101928,6,293,6,305
4101929,8,281,12,301
4101930,15,272,4,291
4101931,20,369,3,392
4101932,30,520,24,574
4102001,5,327,14,346
4102002,21,302,18,341
4102003,10,333,17,360
4102004,16,567,18,601
4102005,11,442,14,467
4102006,7,546,24,577
4102007,21,551,21,593
4102008,9,374,18,401
4102009,3,330,10,343
4102010,6,370,8,384
4102011,21,492,14,527
4102012,12,311,14,337
4102013,18,209,6,233
4102014,16,410,16,442
4102101,26,404,24,454
4102102,21,501,35,557
4102103,11,404,10,425
4102104,32,542,41,615
4102105,30,341,15,386
4102106,30,463,18,511
4102107,15,309,15,339
4102108,18,358,21,397
4102109,12,560,23,595
4102110,15,375,15,405
4102111,70,445,22,537
4102112,0,0,0,0
4102113,9,339,21,369
4102114,12,320,9,341
4102115,17,248,15,280
4102116,10,404,24,438
4102117,18,394,12,424
4102118,12,349,9,370
4102119,21,513,36,570
4102120,9,303,12,324
4102121,115,481,24,620
4102122,0,448,9,457
4102123,9,278,17,304
4102124,3,234,15,252
4102125,28,503,15,546
4102126,13,418,25,456
4102127,16,381,9,406
4102128,12,320,18,350
4102129,9,304,15,328
4102130,57,259,0,316
4102131,13,203,7,223
4102132,14,356,32,402
4102133,18,344,15,377
4102134,17,403,24,444
4102135,6,174,6,186
4102201,138,378,23,539
4102202,19,310,4,333
4102203,21,389,6,416
4102204,21,380,28,429
4102205,4,340,26,370
4102206,21,461,55,537
4102207,29,477,15,521
4102208,4,268,31,303
4102209,39,371,21,431
4102210,22,483,33,538
4102211,20,506,21,547
4102212,10,271,17,298
4102213,17,420,9,446
4102214,12,311,7,330
4102215,10,304,25,339
4102216,3,315,6,324
4102217,4,278,10,292
4102301,12,360,9,381
4102302,18,550,23,591
4102303,15,399,21,435
4102304,10,516,25,551
4102305,6,556,20,582
4102306,12,335,9,356
4102307,15,424,8,447
4102308,15,499,15,529
4102309,13,458,9,480
4102310,21,538,32,591
4102311,20,289,6,315
4102312,13,455,24,492
4102313,15,253,21,289
4102314,7,317,9,333
4102315,4,387,28,419
4102316,6,291,18,315
4102317,4,189,12,205
4102318,3,429,20,452
4102319,18,473,36,527
4102320,109,203,21,333
4102321,7,218,18,243
4102322,91,296,10,397
4102323,21,386,6,413
4102324,15,448,30,493
4102325,38,575,15,628
4102326,5,339,7,351
4102327,9,381,21,411
4102328,24,457,31,512
4102329,9,349,18,376
4102330,18,555,17,590
4102331,16,486,16,518
4102332,22,387,18,427
4102333,13,429,9,451
4102334,9,471,15,495
4102335,29,362,15,406
4102336,9,285,7,301
4102337,0,288,27,315
4102338,7,294,14,315
4102339,78,275,9,362
4102340,52,214,7,273
4102341,15,272,12,299
4102401,11,392,28,431
4102402,14,392,25,431
4102403,9,326,6,341
4102404,103,392,9,504
4102405,18,549,9,576
4102406,15,424,19,458
4102407,21,328,43,392
4102408,20,340,15,375
4102409,12,313,0,325
4102410,19,629,30,678
4102411,27,550,34,611
4102412,25,581,36,642
4102413,21,539,15,575
4102414,7,500,15,522
4102415,42,465,29,536
4102416,19,530,25,574
4102417,15,491,12,518
4102418,54,508,10,572
4102419,14,405,12,431
4102420,176,453,18,647
4102421,63,409,7,479
4102422,11,328,21,360
4102423,30,541,28,599
4102424,58,394,83,535
4102425,69,477,9,555
4102426,9,402,15,426
4102427,154,343,47,544
4102428,8,399,12,419
4102429,13,544,27,584
4102430,6,470,8,484
4102431,21,360,7,388
4102432,4,387,16,407
4102433,6,312,19,337
4102434,12,395,15,422
4102435,6,361,13,380
4102436,3,424,28,455
4102437,81,444,47,572
4102438,27,463,54,544
4102439,18,657,41,716
4102440,10,273,10,293
4102501,16,434,22,472
4102502,4,173,9,186
4102503,21,518,18,557
4102504,10,169,13,192
4102505,18,329,12,359
4102506,11,428,23,462
4102507,26,572,31,629
4102508,18,451,33,502
4102509,16,363,15,394
4102510,23,548,27,598
4102511,7,360,14,381
4102512,15,443,15,473
4102513,4,487,9,500
4102514,21,423,9,453
4102515,10,411,0,421
4102516,6,186,3,195
4102517,0,342,10,352
4102518,9,394,7,410
4102519,5,264,4,273
4102520,8,204,0,212
4102521,12,393,12,417
4102522,17,305,19,341
4102523,0,0,0,0
4102601,47,456,50,553
4102602,8,344,23,375
4102603,22,269,21,312
4102604,27,334,78,439
4102605,6,212,12,230
4102606,23,239,9,271
4102607,3,301,10,314
4102608,18,518,6,542
4102609,63,568,29,660
4102610,18,326,20,364
4102611,44,326,15,385
4102612,18,324,12,354
4102613,9,260,6,275
4102614,23,367,7,397
4102615,15,354,9,378
4102616,4,247,0,251
4102617,0,136,3,139
4102618,15,181,0,196
4102619,48,611,36,695
4102620,0,0,0,0
4102621,12,347,18,377
4102622,48,379,7,434
4102623,39,842,36,917
4102624,17,290,25,332
4102625,16,545,12,573
4102626,22,465,24,511
4102627,18,277,6,301
4102628,37,437,18,492
4102629,16,488,10,514
4102630,19,508,27,554
4102631,9,243,7,259
4102632,19,530,44,593
4102633,24,458,5,487
4102634,25,286,15,326
4102635,15,313,23,351
4102636,35,302,13,350
4102637,38,373,39,450
4102638,9,227,12,248
4102639,39,564,27,630
4102640,12,237,0,249
4102641,15,251,0,266
4102642,15,147,21,183
4102643,76,224,10,310
4102644,17,222,13,252
4102645,21,280,29,330
4102646,0,204,3,207
4102647,0,0,0,0
4102701,18,266,12,296
4102702,18,449,18,485
4102703,16,258,7,281
4102704,9,315,13,337
4102705,11,235,9,255
4102706,12,253,9,274
4102707,11,256,18,285
4102708,9,353,32,394
4102709,18,232,7,257
4102710,9,314,0,323
4102711,25,321,28,374
4102712,17,424,20,461
4102713,21,408,15,444
4102714,28,263,7,298
4102715,15,202,12,229
4102716,17,229,12,258
4102801,15,363,13,391
4102802,21,357,12,390
4102803,15,416,0,431
4102804,19,449,9,477
4102805,33,566,21,620
4102806,129,481,18,628
4102807,28,372,46,446
4102808,12,200,18,230
4102809,27,542,34,603
4102810,31,617,6,654
4102811,13,271,9,293
4102812,22,470,28,520
4102813,20,390,15,425
4102814,25,399,16,440
4102815,30,715,16,761
4102816,17,923,25,965
4102817,94,456,19,569
4102818,27,697,15,739
4102819,10,399,3,412
4102820,21,471,15,507
4102821,13,332,9,354
4102822,23,429,4,456
4102823,11,358,41,410
4102824,30,484,9,523
4102825,23,499,6,528
4102826,19,343,15,377
4102827,14,512,12,538
4102828,19,282,29,330
4102829,14,531,28,573
4102830,30,534,29,593
4102831,27,713,9,749
4102832,16,240,9,265
4102901,37,236,21,294
4102902,18,349,3,370
4102903,16,436,15,467
4102904,21,394,16,431
4102905,19,347,12,378
4102906,56,413,46,515
4102907,41,459,46,546
4102908,61,1015,64,1140
4102909,33,411,50,494
4102910,29,336,44,409
4102911,133,399,22,554
4102912,34,263,16,313
4102913,24,455,49,528
4102914,25,286,18,329
4102915,19,209,28,256
4102916,20,210,30,260
4102917,48,595,61,704
4102918,27,378,37,442
4102919,75,2933,233,3241
4102920,28,573,39,640
4102921,24,414,30,468
4102922,0,3,0,3
4102923,32,397,39,468
4102924,43,367,44,454
4102925,44,448,35,527
4102926,62,279,22,363
4102927,52,441,28,521
4102928,9,130,3,142
4102929,9,259,9,277
4103001,29,329,21,379
4103002,0,0,0,0
4103003,51,562,47,660
4103004,40,422,35,497
4103005,41,377,35,453
4103006,32,464,43,539
4103007,50,461,32,543
4103008,26,288,35,349
4103009,47,378,45,470
4103010,52,413,30,495
4103011,43,297,36,376
4103012,46,395,35,476
4103013,32,274,31,337
4103014,28,290,37,355
4103015,43,295,23,361
4103016,0,0,0,0
4103017,19,117,18,154
4103018,34,284,22,340
4103019,48,382,67,497
4103020,91,236,24,351
4103021,15,260,12,287
4103022,35,403,35,473
4103023,53,500,27,580
4103024,18,320,21,359
4103025,0,0,0,0
4103026,48,276,48,372
4103027,24,157,4,185
4103101,48,420,39,507
4103102,20,393,6,419
4103103,9,319,12,340
4103104,21,203,10,234
4103105,150,354,10,514
4103106,22,488,9,519
4103107,24,349,3,376
4103108,22,265,27,314
4103109,33,350,19,402
4103110,42,500,24,566
4103111,25,362,21,408
4103112,9,264,19,292
4103113,27,512,9,548
4103114,24,429,6,459
4103115,37,320,12,369
4103116,28,235,15,278
4103117,47,344,30,421
4103118,66,229,27,322
4103119,37,277,19,333
4103120,19,465,18,502
4103121,64,433,34,531
4103122,21,256,15,292
4103123,42,435,36,513
4103124,20,374,10,404
4103125,6,365,6,377
4103126,6,294,15,315
4103127,53,440,35,528
4103128,6,288,22,316
4103129,9,220,6,235
4103130,3,299,15,317
4103131,13,201,12,226
4103201,14,164,21,199
4103202,28,1104,101,1233
4103203,18,1034,65,1117
4103204,23,877,46,946
4103205,15,251,9,275
4103206,15,318,9,342
4103207,7,353,0,360
4103208,12,400,15,427
4103209,13,615,15,643
4103210,18,568,15,601
4103211,9,156,3,168
4103212,31,958,26,1015
4103213,24,405,28,457
4103301,18,311,21,350
4103302,6,192,28,226
4103303,9,190,12,211
4103304,9,405,12,426
4103305,15,282,0,297
4103306,0,288,17,305
4103307,0,15,0,15
4103308,12,344,9,365
4103309,9,200,0,209
4103401,25,410,11,446
4103402,25,397,19,441
4103403,43,328,21,392
4103404,28,246,21,295
4103405,27,405,27,459
4103406,25,297,15,337
4103407,46,469,63,578
4103408,19,278,27,324
4103409,15,370,30,415
4103410,22,309,22,353
4103411,90,280,11,381
4103412,45,376,13,434
4103413,23,338,51,412
4103414,25,366,40,431
4103415,37,392,29,458
4103416,27,305,28,360
4103417,42,363,25,430
4103418,38,307,10,355
4103419,28,344,36,408
4103420,25,328,21,374
4103421,41,462,20,523
4103422,24,283,16,323
4103423,14,304,15,333
4103424,54,442,17,513
4103425,52,436,48,536
4103426,42,401,25,468
4103427,51,518,36,605
4103428,24,224,14,262
4103429,27,397,98,522
4103501,55,463,42,560
4103502,33,303,23,359
4103503,13,238,24,275
4103504,6,158,23,187
4103505,16,230,15,261
4103506,9,154,3,166
4103507,43,465,50,558
4103508,27,675,47,749
4103509,84,505,22,611
4103601,15,171,12,198
4103602,0,0,0,0
4103603,21,550,20,591
4103604,21,328,43,392
4103605,17,501,32,550
4103606,46,297,21,364
4103607,52,425,39,516
4103608,32,374,19,425
4103609,38,364,41,443
4103610,38,540,25,603
4103611,33,443,18,494
4103612,24,460,29,513
4103613,13,374,43,430
4103614,27,350,12,389
4103615,24,404,33,461
4103616,38,540,26,604
4103617,53,462,51,566
4103618,41,475,20,536
4103619,40,434,13,487
4103620,29,473,15,517
4103621,55,625,34,714
4103622,33,514,33,580
4103623,47,453,50,550
4103624,43,376,49,468
4103625,27,356,53,436
4103626,14,380,24,418
4103627,15,306,24,345
4103628,14,483,38,535
4103629,15,334,9,358
4103630,22,387,18,427
4103631,26,559,55,640
4103632,15,394,12,421
4103633,25,380,23,428
4103634,18,382,30,430
4103635,51,371,23,445
4103636,30,510,25,565
4103637,13,461,9,483
4103638,9,282,5,296
4103639,18,253,16,287
4103640,20,396,24,440
4103641,48,373,40,461
4103642,128,435,27,590
4103643,33,472,11,516
4103644,85,368,48,501
4103645,0,0,0,0
4103646,82,429,39,550
4103647,9,3,0,12
4103648,0,0,0,0
4103649,33,245,29,307
4103650,12,219,25,256
4103651,0,0,0,0
4103701,10,366,18,394
4103702,12,355,0,367
4103703,7,370,13,390
4103704,24,313,3,340
4103705,22,391,13,426
4103706,33,450,21,504
4103707,21,223,15,259
4103708,27,244,18,289
4103709,33,459,20,512
4103710,30,228,5,263
4103711,15,296,12,323
4103712,78,617,16,711
4103713,127,48,11,186
4103714,37,489,4,530
4103715,11,464,15,490
4103716,0,0,629,629
4103717,15,357,32,404
4103718,25,282,34,341
4103719,12,312,34,358
4103720,15,267,19,301
4103721,12,434,32,478
4103722,84,219,4,307
4103723,13,352,19,384
4103724,25,443,33,501
4103725,62,323,4,389
4103726,9,259,24,292
4103727,20,502,9,531
4103728,25,469,16,510
4103729,0,386,6,392
4103730,24,532,21,577
4103731,13,581,12,606
4103732,13,419,0,432
4103733,15,349,22,386
4103734,17,304,0,321
4103735,44,505,17,566
4103736,81,559,37,677
4103737,26,401,24,451
4103738,15,423,20,458
4103739,27,484,15,526
4103740,12,310,3,325
4103741,10,477,9,496
4103742,30,460,12,502
4103743,6,307,30,343
4103744,9,263,0,272
4103745,26,156,18,200
4103746,50,427,63,540
4103747,52,387,52,491
4103748,3,176,8,187
4103749,21,265,36,322
4103750,12,305,9,326
4103801,26,400,21,447
4103802,36,333,37,406
4103803,27,477,27,531
4103804,14,416,19,449
4103805,31,451,20,502
4103806,19,435,25,479
4103807,32,558,30,620
4103808,38,363,14,415
4103809,12,403,13,428
4103810,25,390,9,424
4103811,25,516,25,566
4103812,21,360,0,381
4103813,25,565,13,603
4103814,24,597,43,664
4103815,32,388,39,459
4103816,18,367,16,401
4103817,26,460,52,538
4103818,21,320,11,352
4103819,24,390,15,429
4103820,29,511,41,581
4103821,35,393,32,460
4103822,14,404,23,441
4103823,45,454,26,525
4103824,21,424,37,482
4103825,31,613,25,669
4103826,18,347,21,386
4103827,7,349,23,379
4103828,12,392,31,435
4103829,24,531,29,584
4103830,42,521,12,575
4103831,78,369,26,473
4103832,29,381,32,442
4103833,23,536,22,581
4103834,15,375,24,414
4103835,21,575,36,632
4103836,24,220,21,265
4103837,27,332,9,368
4103838,27,429,18,474
4103839,9,324,0,333
4103901,0,3,0,3
4104001,19,368,20,407
4104002,25,479,5,509
4104003,18,369,9,396
4104004,20,275,24,319
4104005,26,502,29,557
4104006,26,440,6,472
4104007,13,224,22,259
4104008,15,305,30,350
4104009,14,241,3,258
4104010,149,200,27,376
4104011,40,590,27,657
4104012,17,332,10,359
4104013,10,426,12,448
4104014,101,285,9,395
4104015,16,334,12,362
4104016,15,306,3,324
4104017,15,570,3,588
4104018,28,422,20,470
4104019,24,405,18,447
4104020,12,263,7,282
4104021,111,289,27,427
4104022,22,434,31,487
4104023,19,404,25,448
4104024,18,392,15,425
4104025,47,441,36,524
4104026,27,358,14,399
4104027,19,432,22,473
4104028,16,330,6,352
4104029,0,0,0,0
4104030,38,390,6,434
4104031,38,301,27,366
4104032,13,266,5,284
4104033,15,321,20,356
4104034,21,349,6,376
4104035,35,371,6,412
4104036,12,287,12,311
4104037,19,334,17,370
4104101,13,311,4,328
4104102,19,495,39,553
4104103,18,418,24,460
4104104,29,553,31,613
4104105,12,379,13,404
4104106,34,556,30,620
4104107,5,337,8,350
4104108,18,306,30,354
4104109,15,273,18,306
4104110,28,388,29,445
4104111,18,406,32,456
4104112,30,391,3,424
4104113,11,300,9,320
4104114,14,400,19,433
4104115,12,229,9,250
4104116,12,326,10,348
4104117,25,470,27,522
4104118,45,416,37,498
4104119,22,363,13,398
4104120,21,412,12,445
4104121,66,365,33,464
4104122,9,346,9,364
4104123,18,357,45,420
4104124,3,511,3,517
4104125,21,397,26,444
4104126,26,340,23,389
4104127,8,387,6,401
4104128,6,254,0,260
4104129,21,341,13,375
4104130,16,461,21,498
4104131,10,328,15,353
4104132,15,182,18,215
4104133,16,267,11,294
4104134,0,221,3,224
4104135,0,0,0,0
4104136,13,260,15,288
4104137,0,3,6,9
4104138,21,376,25,422
4104201,0,77,0,77
4104301,19,529,15,563
4104302,31,601,15,647
4104303,108,149,13,270
4104304,21,426,28,475
4104305,71,191,18,280
4104306,30,356,11,397
4104307,28,237,12,277
4104308,15,296,23,334
4104309,34,370,19,423
4104310,31,442,40,513
4104311,30,345,27,402
4104312,21,376,16,413
4104313,18,422,30,470
4104314,21,353,9,383
4104315,27,366,15,408
4104316,16,518,0,534
4104317,16,292,6,314
4104318,21,348,15,384
4104319,24,319,12,355
4104320,22,359,15,396
4104321,34,486,25,545
4104322,39,813,23,875
4104323,22,611,20,653
4104324,39,331,20,390
4104325,8,207,34,249
4104326,18,313,18,349
4104327,18,279,16,313
4104328,19,225,15,259
4104329,33,500,32,565
4104330,6,292,9,307
4104331,30,526,10,566
4104332,7,435,15,457
4104333,16,366,13,395
4104334,7,187,15,209
4104335,7,325,11,343
4104336,15,214,21,250
4104337,8,360,0,368
4104401,19,597,21,637
4104402,20,435,7,462
4104403,13,342,15,370
4104404,26,491,32,549
4104405,30,405,27,462
4104406,24,370,16,410
4104407,25,426,47,498
4104408,17,212,19,248
4104409,21,353,24,398
4104410,32,340,41,413
4104411,15,393,35,443
4104412,25,301,21,347
4104413,17,320,17,354
4104414,19,363,20,402
4104415,15,152,13,180
4104416,12,386,21,419
4104417,27,463,21,511
4104418,39,640,37,716
4104419,22,576,24,622
4104420,12,275,13,300
4104421,14,441,35,490
4104422,21,430,26,477
4104423,24,496,28,548
4104424,19,517,27,563
4104425,21,324,24,369
4104426,18,317,17,352
4104427,18,365,33,416
4104428,23,438,21,482
4104429,35,426,18,479
4104430,18,316,12,346
4104431,20,367,6,393
4104432,12,339,7,358
4104433,15,237,31,283
4104434,18,366,8,392
4104435,9,224,35,268
4104436,16,339,25,380
4104437,9,331,19,359
4104438,9,317,28,354
4104501,61,591,59,711
4104502,27,352,9,388
4104503,26,514,38,578
4104504,18,310,62,390
4104505,22,386,15,423
4104506,19,310,60,389
4104507,16,269,58,343
4104508,17,395,26,438
4104509,12,270,12,294
4104510,13,501,15,529
4104511,22,357,26,405
4104512,30,412,35,477
4104513,7,306,3,316
4104514,18,305,15,338
4104515,25,361,13,399
4104516,0,3,0,3
4104517,12,491,6,509
4104518,20,327,12,359
4104519,0,6,0,6
4104520,22,1095,50,1167
4104521,5,730,177,912
4104522,6,482,11,499
4104523,18,336,3,357
4104524,12,509,9,530
4104525,9,533,7,549
4104526,6,506,15,527
4104527,15,222,18,255
4104528,0,0,0,0
4104529,14,1072,81,1167
4104530,6,623,22,651
4104531,19,302,12,333
4104532,6,465,41,512
4104533,30,1483,44,1557
4104534,18,730,46,794
4104535,33,267,3,303
4104536,88,246,15,349
4104537,6,505,18,529
4104601,40,359,21,420
4104602,102,432,48,582
4104603,37,500,58,595
4104604,29,440,31,500
4104605,41,490,22,553
4104606,30,370,27,427
4104607,21,455,34,510
4104608,15,197,24,236
4104609,106,435,45,586
4104610,19,508,53,580
4104611,21,512,15,548
4104612,18,412,18,448
4104613,50,302,38,390
4104614,30,416,21,467
4104615,22,366,11,399
4104616,11,201,23,235
4104617,40,498,57,595
4104618,38,391,26,455
4104619,19,548,30,597
4104620,27,324,22,373
4104621,25,360,31,416
4104622,47,459,57,563
4104623,40,564,70,674
4104624,25,520,56,601
4104625,24,242,11,277
4104626,35,381,14,430
4104627,28,483,21,532
4104628,99,416,47,562
4104629,27,299,7,333
4104630,0,0,0,0
4104631,62,536,44,642
4104632,43,428,33,504
4104633,35,279,12,326
4104634,31,567,38,636
4104701,19,231,24,274
4104702,20,213,6,239
4104703,13,345,6,364
4104704,22,422,4,448
4104705,15,391,3,409
4104706,13,357,4,374
4104707,0,470,22,492
4104708,12,452,35,499
4104709,9,351,14,374
4104710,6,255,6,267
4104711,30,379,4,413
4104712,20,415,18,453
4104713,7,309,26,342
4104714,12,487,15,514
4104715,6,252,9,267
4104716,0,0,0,0
4104717,20,340,22,382
4104718,20,387,40,447
4104719,22,299,24,345
4104720,68,353,9,430
4104721,20,322,0,342
4104722,25,474,23,522
4104723,23,363,27,413
4104724,40,522,13,575
4104725,19,293,10,322
4104726,21,255,13,289
4104727,15,264,13,292
4104728,44,439,28,511
4104729,27,325,15,367
4104730,24,254,15,293
4104731,9,271,12,292
4104732,28,492,19,539
4104733,41,498,12,551
4104734,15,289,18,322
4104735,13,283,12,308
4104736,7,320,19,346
4104737,94,442,19,555
4104738,27,430,24,481
4104739,24,535,17,576
4104740,23,271,21,315
4104741,18,449,31,498
4104742,7,246,24,277
4104743,13,377,12,402
4104744,11,397,3,411
4104801,41,339,30,410
4104802,0,191,0,191
4104803,34,261,32,327
4104804,87,393,37,517
4104805,18,214,12,244
4104806,54,447,29,530
4104807,52,442,53,547
4104808,37,387,45,469
4104809,27,521,27,575
4104810,33,596,26,655
4104811,19,510,31,560
4104812,24,508,31,563
4104813,19,478,16,513
4104814,20,378,9,407
4104815,37,372,45,454
4104816,25,252,39,316
4104817,8,229,25,262
4104818,48,566,33,647
4104819,123,595,30,748
4104820,24,522,5,551
4104821,13,531,40,584
4104822,19,355,15,389
4104823,24,190,9,223
4104824,30,420,63,513
4104825,38,327,10,375
4104826,22,384,78,484
4104827,9,195,4,208
4104828,27,1041,48,1116
4104829,9,272,24,305
4104830,11,207,10,228
4104831,16,602,48,666
4104832,15,363,45,423
4104833,15,272,18,305
4104834,11,273,20,304
4104901,3,289,0,292
4104902,6,186,7,199
4104903,17,276,10,303
4104904,10,481,18,509
4104905,17,431,8,456
4104906,6,296,6,308
4104907,19,357,12,388
4104908,18,306,12,336
4104909,9,312,0,321
4104910,6,318,9,333
4104911,3,356,15,374
4104912,0,347,3,350
4104913,3,287,9,299
4104914,0,0,0,0
4104915,24,401,9,434
4104916,15,529,9,553
4104917,6,498,17,521
4104918,6,374,9,389
4104919,21,285,3,309
4104920,18,341,10,369
4104921,21,397,20,438
4104922,10,228,20,258
4104923,63,1010,18,1091
4104924,20,237,4,261
4104925,9,322,3,334
4105001,18,244,3,265
4105002,15,479,13,507
4105003,10,296,9,315
4105004,16,408,9,433
4105005,10,379,0,389
4105006,6,302,3,311
4105007,15,258,9,282
4105008,23,502,12,537
4105009,17,458,16,491
4105010,10,361,23,394
4105011,6,459,7,472
4105012,12,463,5,480
4105013,12,301,3,316
4105014,6,295,4,305
4105015,3,459,8,470
4105016,13,575,26,614
4105017,17,449,3,469
4105018,8,360,0,368
4105019,15,362,12,389
4105020,15,431,6,452
4105021,14,294,3,311
4105022,6,211,3,220
4105023,7,254,6,267
4105101,15,351,22,388
4105102,0,205,7,212
4105103,9,272,3,284
4105104,15,581,35,631
4105105,27,342,5,374
4105106,8,473,23,504
4105107,0,35,0,35
4105108,4,430,13,447
4105109,4,382,10,396
4105110,3,286,9,298
4105111,21,380,15,416
4105112,13,299,11,323
4105113,4,206,9,219
4105114,9,217,0,226
4105115,15,403,3,421
4105116,17,382,6,405
4105117,12,280,12,304
4105118,15,381,4,400
4105119,6,288,0,294
4105120,6,301,9,316
4105121,9,464,18,491
4105122,0,349,0,349
4105123,15,315,6,336
4105124,13,223,0,236
4105125,20,284,17,321
4105126,12,373,22,407
4105127,6,448,16,470
4105128,14,350,4,368
4105129,16,460,7,483
4105201,23,395,8,426
4105202,18,400,9,427
4105203,157,418,15,590
4105204,9,306,15,330
4105205,145,420,4,569
4105206,27,380,6,413
4105207,14,275,11,300
4105208,128,551,12,691
4105209,12,552,19,583
4105210,27,360,22,409
4105211,0,0,0,0
4105212,30,515,28,573
4105213,79,442,21,542
4105214,32,406,27,465
4105215,40,557,31,628
4105216,27,550,34,611
4105217,13,426,22,461
4105218,24,512,19,555
4105219,19,370,6,395
4105220,22,405,12,439
4105221,27,279,15,321
4105222,0,3,0,3
4105223,18,327,10,355
4105224,0,0,0,0
4105225,27,524,23,574
4105226,24,303,7,334
4105227,18,404,13,435
4105228,9,333,11,353
4105229,28,292,6,326
4105230,165,270,12,447
4105231,20,417,23,460
4105232,11,339,14,364
4105233,7,416,12,435
4105234,17,295,0,312
4105235,16,344,12,372
4105236,19,460,24,503
4105237,22,447,19,488
4105238,19,222,12,253
4105301,18,431,44,493
4105302,8,276,26,310
4105303,0,337,0,337
4105304,21,504,6,531
4105305,12,318,12,342
4105306,15,417,18,450
4105307,29,453,3,485
4105308,10,306,12,328
4105309,12,351,9,372
4105310,18,373,37,428
4105311,8,353,12,373
4105312,13,413,16,442
4105313,12,325,12,349
4105314,15,396,15,426
4105315,10,318,8,336
4105316,3,229,5,237
4105317,23,571,31,625
4105318,15,472,21,508
4105319,9,413,18,440
4105320,17,394,3,414
4105321,7,317,10,334
4105322,15,393,7,415
4105323,9,343,11,363
4105324,19,640,16,675
4105325,15,310,9,334
4105326,6,265,3,274
4105327,21,355,9,385
4105328,22,375,25,422
4105329,3,220,0,223
4105330,0,330,9,339
4105331,15,352,3,370
4105332,9,409,16,434
4105333,9,472,6,487
4105334,15,419,0,434
4105335,3,244,0,247
4105336,9,391,12,412
4105337,11,438,15,464
4105338,6,365,24,395
4105339,13,286,0,299
4105340,18,433,5,456
4105341,9,339,45,393
4105342,13,269,21,303
4105343,15,232,9,256
4105344,0,455,30,485
4105345,5,206,0,211
4105346,25,299,11,335
4105347,15,347,12,374
4105348,27,293,4,324
4105349,9,252,7,268
4105401,30,509,5,544
4105402,9,407,15,431
4105403,15,302,21,338
4105404,14,421,3,438
4105405,16,310,0,326
4105406,22,566,25,613
4105407,3,394,12,409
4105408,19,456,4,479
4105409,6,285,9,300
4105410,21,537,9,567
4105411,18,468,6,492
4105412,19,331,0,350
4105413,9,565,9,583
4105414,24,532,36,592
4105415,9,368,0,377
4105416,9,334,24,367
4105417,0,0,0,0
4105418,15,493,10,518
4105419,26,491,27,544
4105420,20,477,3,500
4105421,3,199,3,205
4105422,25,498,25,548
4105423,17,614,32,663
4105424,11,601,40,652
4105425,3,210,12,225
4105426,5,389,23,417
4105427,12,461,15,488
4105428,9,255,0,264
4105429,3,253,18,274
4105430,18,566,9,593
4105431,9,278,6,293
4105432,19,437,18,474
4105433,17,536,11,564
4105434,9,349,10,368
4105435,9,377,18,404
4105436,17,576,32,625
4105501,9,275,6,290
4105502,20,492,6,518
4105503,18,406,8,432
4105504,26,389,21,436
4105505,9,314,9,332
4105506,10,357,7,374
4105507,12,314,0,326
4105508,0,26,0,26
4105509,13,500,28,541
4105510,12,424,8,444
4105511,15,545,12,572
4105512,34,417,18,469
4105513,130,462,24,616
4105514,27,568,26,621
4105515,16,504,22,542
4105516,11,353,11,375
4105517,21,299,9,329
4105518,7,368,12,387
4105519,22,482,20,524
4105520,7,467,5,479
4105521,14,376,0,390
4105522,11,356,13,380
4105523,8,321,7,336
4105524,0,73,0,73
4105525,4,332,9,345
4105526,13,364,3,380
4105527,115,298,6,419
4105528,9,284,3,296
4105529,9,339,6,354
4105530,12,510,16,538
4105601,8,304,10,322
4105602,9,321,18,348
4105603,12,407,3,422
4105604,8,227,0,235
4105605,261,218,6,485
4105606,18,315,12,345
4105607,116,374,14,504
4105608,34,418,17,469
4105609,14,323,12,349
4105610,22,240,10,272
4105611,18,357,9,384
4105612,15,390,17,422
4105613,15,503,21,539
4105614,25,374,32,431
4105615,47,327,18,392
4105616,17,255,10,282
4105617,26,528,28,582
4105618,19,421,13,453
4105619,24,416,7,447
4105620,14,408,30,452
4105621,11,301,12,324
4105622,9,310,6,325
4105623,16,542,26,584
4105624,13,415,21,449
4105625,7,277,8,292
4105626,86,313,17,416
4105627,25,444,20,489
4105628,15,465,58,538
4105629,18,452,35,505
4105630,23,390,3,416
4105631,58,403,24,485
4105632,31,406,9,446
4105701,18,464,34,516
4105702,8,222,12,242
4105703,7,306,10,323
4105704,3,320,3,326
4105705,12,252,6,270
4105706,11,229,12,252
4105707,19,466,18,503
4105708,70,618,41,729
4105709,24,536,17,577
4105710,20,421,4,445
4105711,3,438,24,465
4105712,4,496,9,509
4105713,12,304,18,334
4105714,106,245,43,394
4105715,15,301,15,331
4105716,10,196,8,214
4105717,15,285,13,313
4105718,4,332,18,354
4105719,6,322,22,350
4105720,10,285,5,300
4105721,8,278,18,304
4105722,27,391,40,458
4105723,11,358,18,387
4105724,10,437,27,474
4105725,9,251,27,287
4105726,15,250,78,343
4105727,21,517,9,547
4105728,16,513,18,547
4105729,39,497,18,554
4105730,31,354,27,412
4105731,10,329,25,364
4105732,25,325,145,495
4105733,15,443,69,527
4105734,64,497,18,579
4105735,19,304,24,347
4105736,5,364,9,378
4105737,4,309,4,317
4105738,125,298,12,435
4105739,18,540,12,570
4105740,21,510,9,540
4105741,6,282,12,300
4105742,15,345,24,384
4105743,12,317,48,377
4105744,4,231,41,276
4105745,6,361,12,379
4105746,21,211,6,238
4105747,20,477,35,532
4105748,18,308,3,329
4105749,18,228,12,258
4105801,23,593,12,628
4105802,33,437,18,488
4105803,36,530,34,600
4105804,11,359,21,391
4105805,9,340,9,358
4105806,20,329,10,359
4105807,12,316,21,349
4105808,39,411,24,474
4105809,19,297,11,327
4105810,15,300,3,318
4105811,16,248,18,282
4105812,15,330,21,366
4105813,33,448,13,494
4105814,35,547,24,606
4105815,28,497,15,540
4105816,18,357,5,380
4105817,16,389,30,435
4105818,23,502,14,539
4105819,41,545,27,613
4105820,0,9,0,9
4105821,22,316,0,338
4105822,28,301,21,350
4105823,20,251,27,298
4105824,12,475,24,511
4105825,14,459,26,499
4105826,0,0,0,0
4105827,19,244,9,272
4105828,25,385,21,431
4105829,13,369,15,397
4105830,9,277,12,298
4105831,29,283,18,330
4105832,31,230,24,285
4105833,0,3,0,3
4105901,12,424,24,460
4105902,3,228,3,234
4105903,9,412,21,442
4105904,33,424,12,469
4105905,7,390,35,432
4105906,15,405,3,423
4105907,6,318,9,333
4105908,18,363,0,381
4105909,16,611,4,631
4105910,15,461,15,491
4105911,0,0,0,0
4105912,16,257,6,279
4105913,18,358,18,394
4105914,22,462,20,504
4105915,6,398,3,407
4105916,15,409,9,433
4105917,4,171,9,184
4105918,9,345,21,375
4105919,15,480,31,526
4105920,17,348,10,375
4105921,21,386,22,429
4105922,0,210,3,213
4105923,15,329,12,356
4105924,3,220,3,226
4105925,6,220,3,229
4105926,12,304,3,319
4105927,9,289,6,304
4105928,12,452,9,473
4105929,18,498,24,540
4105930,21,452,15,488
4105931,9,384,12,405
4105932,0,0,0,0
4105933,3,217,7,227
4105934,16,248,12,276
4106001,15,330,11,356
4106002,17,407,0,424
4106003,19,544,24,587
4106004,12,446,16,474
4106005,15,286,0,301
4106006,9,343,15,367
4106007,15,444,20,479
4106008,9,427,12,448
4106009,16,359,6,381
4106010,9,203,11,223
4106011,16,517,6,539
4106012,15,559,16,590
4106013,0,4,0,4
4106014,12,445,18,475
4106015,12,362,10,384
4106016,9,370,3,382
4106017,0,0,0,0
4106018,20,481,21,522
4106019,9,388,6,403
4106020,27,640,11,678
4106021,3,83,0,86
4106022,9,224,3,236
4106023,18,332,9,359
4106024,0,6,0,6
4106025,6,343,4,353
4106101,44,244,16,304
4106102,0,0,0,0
4106103,14,301,9,324
4106104,28,320,3,351
4106105,30,654,26,710
4106106,18,413,32,463
4106107,15,320,14,349
4106108,38,433,15,486
4106109,29,419,24,472
4106110,26,329,10,365
4106111,23,403,24,450
4106112,15,208,18,241
4106113,31,436,28,495
4106114,21,442,9,472
4106115,30,257,22,309
4106116,14,215,9,238
4106117,15,451,12,478
4106118,17,428,30,475
4106119,56,445,24,525
4106120,16,336,19,371
4106121,33,333,15,381
4106122,21,420,28,469
4106123,34,314,50,398
4106124,64,286,96,446
4106125,24,335,33,392
4106126,21,445,10,476
4106127,12,338,20,370
4106128,59,542,26,627
4106129,26,481,23,530
4106130,0,250,10,260
4106131,12,312,18,342
4106132,22,276,4,302
4106133,99,338,78,515
4106134,40,330,37,407
4106135,33,381,18,432
4106136,0,3,0,3
4106137,0,0,0,0
4106201,18,493,18,529
4106202,15,278,12,305
4106203,6,296,4,306
4106204,13,269,9,291
4106205,5,312,12,329
4106206,15,172,3,190
4106207,14,318,11,343
4106208,11,326,9,346
4106209,39,386,6,431
4106210,14,260,16,290
4106211,27,248,25,300
4106212,116,179,19,314
4106213,34,248,24,306
4106214,44,438,28,510
4106215,110,332,7,449
4106216,39,244,12,295
4106217,11,261,11,283
4106218,12,271,0,283
4106219,21,351,21,393
4106220,6,222,9,237
4106221,17,392,33,442
4106222,15,478,3,496
4106223,41,371,21,433
4106224,23,177,12,212
4106225,31,381,44,456
4106226,29,621,37,687
4106227,58,403,27,488
4106228,36,445,18,499
4106229,54,506,41,601
4106230,12,309,8,329
4106231,0,0,0,0
4106232,12,257,18,287
4106233,8,355,27,390
4106234,142,171,24,337
4106235,21,297,15,333
4106236,36,427,23,486
4106237,24,292,15,331
4106301,9,289,9,307
4106302,13,480,4,497
4106303,15,428,6,449
4106304,8,386,3,397
4106305,0,294,7,301
4106306,10,308,12,330
4106307,12,629,9,650
4106308,16,776,24,816
4106309,3,419,18,440
4106310,4,391,0,395
4106311,6,285,12,303
4106312,0,285,3,288
4106313,18,305,15,338
4106314,0,0,0,0
4106315,125,371,0,496
4106316,9,308,12,329
4106317,20,314,3,337
4106318,12,223,12,247
4106319,12,386,27,425
4106320,11,467,12,490
4106321,3,236,12,251
4106322,7,277,9,293
4106323,12,432,9,453
4106324,6,274,3,283
4106325,9,435,3,447
4106401,0,273,9,282
4106402,52,573,30,655
4106403,84,343,15,442
4106404,98,271,18,387
4106405,22,266,9,297
4106406,20,419,12,451
4106407,18,345,14,377
4106408,21,393,13,427
4106409,9,310,12,331
4106410,14,446,3,463
4106411,14,369,11,394
4106412,17,358,35,410
4106413,5,259,18,282
4106414,16,279,18,313
4106415,0,0,0,0
4106416,27,527,15,569
4106417,21,395,17,433
4106418,35,384,19,438
4106419,21,582,15,618
4106420,10,220,9,239
4106421,12,295,12,319
4106422,21,336,20,377
4106423,83,309,14,406
4106424,23,377,21,421
4106425,33,526,18,577
4106426,45,594,59,698
4106427,39,519,30,588
4106428,32,557,24,613
4106429,21,198,9,228
4106430,30,664,19,713
4106431,0,0,0,0
4106432,0,0,0,0
4106433,24,338,27,389
4106501,9,141,6,156
4106502,15,397,15,427
4106503,3,437,24,464
4106504,9,360,6,375
4106505,14,378,5,397
4106506,6,356,13,375
4106507,94,391,0,485
4106508,9,250,27,286
4106509,15,328,24,367
4106510,7,309,3,319
4106511,15,519,34,568
4106512,3,286,21,310
4106513,0,26,0,26
4106601,5,450,22,477
4106602,16,521,21,558
4106603,15,284,12,311
4106604,9,432,44,485
4106605,3,407,18,428
4106606,6,389,3,398
4106607,9,263,6,278
4106608,9,359,12,380
4106609,3,305,15,323
4106610,12,400,9,421
4106611,12,272,16,300
4106612,16,425,0,441
4106613,18,347,7,372
4106614,4,371,13,388
4106615,15,396,3,414
4106616,10,248,0,258
4106617,13,308,4,325
4106618,7,237,5,249
4106619,0,0,0,0
4106620,100,333,23,456
4106701,8,436,18,462
4106702,14,547,3,564
4106703,6,233,0,239
4106704,27,309,7,343
4106705,9,388,3,400
4106706,18,423,12,453
4106707,15,334,9,358
4106708,7,422,10,439
4106709,0,425,12,437
4106710,17,538,15,570
4106711,15,500,12,527
4106712,9,407,15,431
4106713,21,463,12,496
4106714,7,667,12,686
4106715,23,599,6,628
4106716,24,622,22,668
4106717,18,451,7,476
4106718,26,388,23,437
4106719,12,444,24,480
4106720,4,316,17,337
4106721,15,452,23,490
4106722,13,622,18,653
4106723,6,234,3,243
4106724,7,393,15,415
4106725,0,0,0,0
4106801,13,382,0,395
4106802,0,221,6,227
4106803,16,594,15,625
4106804,42,466,13,521
4106805,9,227,16,252
4106806,0,15,3,18
4106807,8,291,12,311
4106808,18,222,15,255
4106809,18,344,21,383
4106810,18,575,18,611
4106811,10,516,24,550
4106812,12,337,3,352
4106813,24,591,19,634
4106814,25,289,66,380
4106815,38,371,21,430
4106816,5,288,4,297
4106817,12,425,12,449
4106818,10,580,9,599
4106819,20,314,14,348
4106820,7,353,9,369
4106821,15,458,6,479
4106822,16,430,7,453
4106823,16,317,18,351
4106824,21,537,3,561
4106825,21,448,17,486
4106826,27,358,15,400
4106827,21,548,15,584
4106828,14,459,20,493
4106829,17,499,4,520
4106830,27,679,18,724
4106831,14,512,18,544
4106832,3,316,11,330
4106833,10,323,12,345
4106834,22,412,0,434
4106835,114,235,12,361
4106901,6,188,3,197
4106902,8,372,16,396
4106903,18,331,6,355
4106904,9,461,18,488
4106905,86,195,19,300
4106906,14,462,17,493
4106907,16,392,7,415
4106908,6,323,5,334
4106909,21,312,21,354
4106910,20,439,12,471
4106911,15,336,3,354
4106912,32,428,15,475
4106913,7,278,0,285
4106914,52,490,13,555
4106915,10,311,6,327
4106916,21,296,5,322
4106917,78,431,13,522
4106918,13,501,10,524
4106919,11,513,15,539
4106920,0,282,11,293
4106921,18,346,6,370
4106922,21,478,18,517
4106923,14,586,24,624
4106924,3,277,15,295
4106925,13,520,7,540
4106926,10,382,4,396
4106927,21,428,4,453
4106928,6,288,21,315
4106929,89,527,3,619
4106930,8,354,17,379
4106931,19,563,37,619
4106932,0,6,0,6
4106933,5,257,6,268
4106934,15,420,6,441
4106935,12,245,6,263
4106936,12,382,18,412
4106937,13,463,10,486
4106938,12,286,15,313
4106939,12,366,8,386
4107001,24,374,35,433
4107002,9,356,10,375
4107003,19,321,20,360
4107004,11,332,25,368
4107005,0,331,15,346
4107006,27,485,11,523
4107007,21,466,6,493
4107008,34,276,10,320
4107009,11,501,12,524
4107010,24,566,31,621
4107011,20,376,9,405
4107012,14,450,14,478
4107013,10,309,5,324
4107014,21,398,10,429
4107015,44,362,6,412
4107016,7,213,13,233
4107017,12,413,7,432
4107018,19,319,9,347
4107019,32,377,6,415
4107101,12,326,12,350
4107102,12,470,12,494
4107103,10,294,6,310
4107104,7,305,10,322
4107105,16,503,3,522
4107106,15,368,18,401
4107107,15,413,6,434
4107108,0,362,9,371
4107109,8,458,3,469
4107110,9,542,12,563
4107111,12,253,6,271
4107112,6,435,12,453
4107113,6,440,4,450
4107114,15,447,15,477
4107115,33,423,12,468
4107116,12,421,6,439
4107117,18,259,3,280
4107118,23,346,3,372
4107119,16,401,9,426
4107120,12,391,8,411
4107121,15,387,9,411
4107122,18,537,0,555
4107123,32,538,7,577
4107124,9,386,9,404
4107125,90,139,0,229
4107126,3,387,6,396
4107127,7,158,6,171
4107128,6,348,3,357
4107129,0,148,7,155
4107130,0,0,0,0
4107131,13,327,12,352
4107201,33,569,35,637
4107202,20,490,21,531
4107203,101,744,19,864
4107204,24,582,66,672
4107205,12,254,3,269
4107206,42,1216,66,1324
4107207,36,1084,99,1219
4107208,36,836,32,904
4107209,26,422,12,460
4107210,26,403,19,448
4107211,13,309,26,348
4107212,18,252,25,295
4107213,18,413,31,462
4107214,29,645,34,708
4107215,25,457,42,524
4107216,6,197,0,203
4107217,25,442,19,486
4107218,10,337,15,362
4107219,17,473,21,511
4107220,42,539,27,608
4107221,37,492,33,562
4107222,12,465,24,501
4107223,18,306,9,333
4107224,17,385,13,415
4107225,9,256,9,274
4107226,6,204,8,218
4107301,33,443,8,484
4107302,22,322,15,359
4107303,17,300,23,340
4107304,137,310,15,462
4107305,35,413,9,457
4107306,36,312,44,392
4107307,34,238,25,297
4107308,43,300,12,355
4107309,53,304,17,374
4107310,50,597,23,670
4107311,27,226,21,274
4107312,0,4,0,4
4107313,15,378,18,411
4107314,10,282,17,309
4107315,15,679,15,709
4107316,31,348,18,397
4107317,56,507,51,614
4107318,41,317,4,362
4107319,36,417,52,505
4107320,38,397,25,460
4107321,16,86,3,105
4107322,0,0,0,0
4107323,17,262,3,282
4107401,0,0,0,0
4107402,32,322,14,368
4107403,33,379,14,426
4107404,15,329,18,362
4107405,26,390,52,468
4107406,30,308,34,372
4107407,21,237,13,271
4107408,16,395,19,430
4107409,18,351,33,402
4107410,34,443,23,500
4107411,27,326,16,369
4107412,0,0,0,0
4107413,24,386,18,428
4107414,11,324,3,338
4107415,11,344,11,366
4107416,18,251,18,287
4107417,12,268,29,309
4107418,21,323,19,363
4107419,20,272,18,310
4107420,22,310,39,371
4107421,18,307,11,336
4107422,16,349,18,383
4107423,18,352,18,388
4107424,22,439,20,481
4107425,13,371,20,404
4107426,146,488,19,653
4107427,118,335,17,470
4107501,3,306,7,316
4107502,9,413,3,425
4107503,3,184,0,187
4107504,8,367,0,375
4107505,6,219,3,228
4107506,3,370,6,379
4107507,0,196,7,203
4107508,16,480,3,499
4107601,15,555,15,585
4107602,11,413,0,424
4107603,7,317,3,327
4107604,10,563,6,579
4107605,4,560,7,571
4107606,6,397,8,411
4107607,0,323,17,340
4107608,12,312,3,327
4107609,3,369,0,372
4107610,5,320,9,334
4107701,3,314,9,326
4107702,15,614,22,651
4107703,0,532,4,536
4107704,9,320,9,338
4107705,9,445,4,458
4107706,15,343,16,374
4107707,9,364,15,388
4107708,15,332,4,351
4107709,10,384,0,394
4107710,17,567,5,589
4107711,15,477,27,519
4107712,0,0,0,0
4107713,13,611,23,647
4107714,15,219,6,240
4107715,9,310,3,322
4107716,10,341,96,447
4107717,12,237,22,271
4107718,18,466,13,497
4107719,16,547,18,581
4107720,12,600,8,620
4107721,12,448,0,460
4107722,3,256,12,271
4107723,7,287,7,301
4107724,0,0,0,0
4107725,0,3,0,3
4107726,11,496,0,507
4107727,12,318,15,345
4107801,6,240,4,250
4107802,12,196,19,227
4107803,28,508,44,580
4107804,30,416,24,470
4107805,31,451,12,494
4107806,25,417,4,446
4107807,13,224,4,241
4107808,28,329,6,363
4107809,156,339,15,510
4107810,24,443,19,486
4107811,4,260,22,286
4107812,9,370,31,410
4107813,9,370,6,385
4107814,12,466,9,487
4107815,9,228,0,237
4107816,0,0,0,0
4107817,15,245,32,292
4107818,6,240,17,263
4107901,27,185,13,225
4107902,42,394,20,456
4107903,39,312,24,375
4107904,44,344,33,421
4107905,33,362,27,422
4107906,27,430,21,478
4107907,9,200,8,217
4107908,24,214,17,255
4107909,37,383,21,441
4107910,104,238,0,342
4107911,30,468,13,511
4107912,57,392,28,477
4107913,16,272,30,318
4107914,33,254,17,304
4107915,32,472,25,529
4107916,14,473,19,506
4107917,25,465,12,502
4107918,6,389,18,413
4107919,15,288,12,315
4108001,6,424,25,455
4108002,3,85,3,91
4108003,8,308,16,332
4108004,16,528,15,559
4108005,10,402,6,418
4108006,16,441,21,478
4108007,18,399,9,426
4108008,9,237,7,253
4108009,15,538,6,559
4108010,17,323,0,340
4108011,14,329,5,348
4108012,12,329,15,356
4108013,9,445,8,462
4108014,18,355,4,377
4108015,4,329,18,351
4108016,19,362,4,385
4108017,9,305,14,328
4108018,12,286,3,301
4108019,13,424,4,441
4108020,9,588,12,609
4108021,13,556,21,590
4108022,20,608,12,640
4108023,18,373,9,400
4108024,9,459,24,492
4108025,120,461,15,596
4108026,16,372,0,388
4108027,0,238,0,238
4108028,7,440,9,456
4108029,47,514,13,574
4108030,18,328,6,352
4108031,6,222,3,231
4108032,12,318,0,330
4108033,18,450,0,468
4108101,0,0,0,0
4108201,0,27,0,27
4108301,4,228,12,244
4108302,16,509,9,534
4108303,19,230,15,264
4108304,17,568,17,602
4108305,66,554,9,629
4108306,0,87,3,90
4108307,14,435,5,454
4108308,0,552,19,571
4108309,7,408,9,424
4108310,0,197,3,200
4108311,8,279,10,297
4108312,55,433,18,506
4108313,6,266,6,278
4108314,13,245,0,258
4108315,8,337,6,351
4108401,27,281,18,326
4108402,4,219,0,223
4108403,16,414,28,458
4108404,21,373,34,428
4108405,9,214,4,227
4108406,18,407,9,434
4108407,12,318,9,339
4108408,18,346,21,385
4108409,37,475,12,524
4108410,39,480,27,546
4108411,20,308,9,337
4108412,9,334,3,346
4108413,62,474,28,564
4108414,13,459,8,480
4108415,26,323,6,355
4108416,112,175,9,296
4108417,119,422,23,564
4108418,14,440,12,466
4108419,24,572,42,638
4108420,24,489,12,525
4108421,37,525,22,584
4108422,38,350,22,410
4108423,23,408,12,443
4108424,27,555,27,609
4108425,20,237,0,257
4108426,18,283,18,319
4108427,7,339,13,359
4108428,36,437,19,492
4108429,14,280,16,310
4108430,10,305,25,340
4108431,19,256,10,285
4108432,0,0,0,0
4108433,12,323,3,338
4108434,9,204,12,225
4108501,12,240,9,261
4108502,9,259,15,283
4108503,27,241,29,297
4108504,30,433,48,511
4108505,25,298,27,350
4108506,28,500,16,544
4108507,12,194,5,211
4108508,25,333,8,366
4108509,27,443,15,485
4108510,62,381,30,473
4108511,40,449,31,520
4108512,34,486,26,546
4108513,63,330,46,439
4108514,21,276,33,330
4108515,28,356,10,394
4108516,28,327,4,359
4108517,14,332,6,352
4108518,21,347,8,376
4108519,37,487,19,543
4108520,15,284,19,318
4108521,15,365,0,380
4108522,21,470,24,515
4108523,14,250,20,284
4108601,9,381,9,399
4108602,58,596,15,669
4108603,16,518,15,549
4108604,22,375,3,400
4108605,9,396,3,408
4108606,8,209,7,224
4108607,22,521,15,558
4108608,24,444,18,486
4108609,21,528,31,580
4108610,16,367,12,395
4108611,38,497,28,563
4108612,15,369,13,397
4108613,21,418,21,460
4108614,18,429,24,471
4108615,109,561,28,698
4108616,12,294,3,309
4108617,24,494,12,530
4108618,15,436,6,457
4108619,21,429,15,465
4108620,21,300,12,333
4108621,0,0,0,0
4108622,17,425,4,446
4108701,19,333,49,401
4108702,11,464,30,505
4108703,15,540,10,565
4108704,24,455,40,519
4108705,19,455,25,499
4108706,14,413,15,442
4108707,14,383,75,472
4108708,9,400,24,433
4108709,33,486,18,537
4108710,144,473,47,664
4108711,30,486,12,528
4108712,30,360,9,399
4108713,27,396,23,446
4108714,41,395,4,440
4108715,28,527,9,564
4108716,12,450,9,471
4108717,25,754,46,825
4108718,26,433,35,494
4108719,18,337,38,393
4108720,12,198,12,222
4108721,18,562,32,612
4108722,6,321,12,339
4108723,22,608,18,648
4108724,30,553,20,603
4108725,15,351,25,391
4108726,28,301,18,347
4108727,27,302,16,345
4108728,14,307,12,333
4108729,21,367,9,397
4108730,21,468,28,517
4108731,13,283,18,314
4108732,27,379,19,425
4108733,26,380,29,435
4108734,19,441,30,490
4108735,27,434,14,475
4108736,23,534,14,571
4108737,51,1462,137,1650
4108738,0,213,4,217
4108801,12,393,6,411
4108802,0,352,15,367
4108803,6,376,18,400
4108804,11,474,22,507
4108805,12,235,3,250
4108806,3,146,6,155
4108807,5,317,0,322
4108808,15,355,0,370
4108809,9,211,6,226
4108810,18,249,9,276
4108901,0,0,0,0
4108902,25,540,3,568
4108903,39,544,21,604
4108904,26,464,22,512
4108905,18,401,0,419
4108906,15,378,6,399
4108907,6,357,4,367
4108908,12,445,14,471
4108909,3,349,6,358
4108910,6,211,0,217
4108911,19,403,12,434
4108912,19,350,10,379
4108913,3,390,21,414
4108914,15,344,0,359
4108915,25,394,21,440
4108916,12,484,14,510
4108917,9,475,17,501
4108918,15,204,0,219
4108919,17,413,3,433
4108920,39,722,18,779
4108921,15,299,9,323
4108922,114,364,15,493
4108923,15,532,8,555
4108924,6,279,3,288
4108925,13,349,0,362
4108926,11,344,12,367
4108927,9,286,0,295
4108928,0,0,0,0
4109001,12,235,20,267
4109002,22,306,7,335
4109003,36,471,25,532
4109004,25,426,9,460
4109005,21,364,15,400
4109006,3,237,18,258
4109007,24,335,9,368
4109008,25,412,25,462
4109009,42,367,6,415
4109010,10,436,15,461
4109011,19,252,3,274
4109012,22,345,11,378
4109013,103,423,19,545
4109014,25,446,19,490
4109015,33,342,27,402
4109016,22,372,17,411
4109017,6,222,18,246
4109018,58,138,14,210
4109019,24,281,3,308
4109101,30,379,12,421
4109102,21,390,27,438
4109103,15,474,9,498
4109104,9,421,3,433
4109105,21,330,0,351
4109106,19,457,12,488
4109107,12,340,18,370
4109108,15,305,9,329
4109109,24,276,6,306
4109110,18,283,5,306
4109111,21,401,10,432
4109112,24,398,16,438
4109113,38,630,18,686
4109114,12,383,5,400
4109115,21,495,7,523
4109116,8,297,12,317
4109117,23,582,21,626
4109118,15,567,12,594
4109119,51,569,63,683
4109120,21,264,20,305
4109121,23,381,0,404
4109122,38,557,27,622
4109123,41,493,98,632
4109124,24,258,10,292
4109125,24,361,9,394
4109126,34,502,67,603
4109127,67,324,41,432
4109128,30,388,44,462
4109129,29,369,41,439
4109130,72,344,31,447
4109201,26,550,30,606
4109202,14,395,20,429
4109203,11,198,3,212
4109204,12,371,12,395
4109205,12,336,6,354
4109206,20,421,9,450
4109207,21,361,6,388
4109208,10,312,6,328
4109209,29,429,21,479
4109210,30,614,0,644
4109211,9,308,22,339
4109212,0,268,10,278
4109213,19,375,24,418
4109214,19,420,17,456
4109215,31,375,15,421
4109216,12,363,15,390
4109217,11,263,6,280
4109218,30,543,21,594
4109219,19,430,15,464
4109220,19,574,21,614
4109221,19,476,18,513
4109222,12,565,20,597
4109223,6,244,0,250
4109224,12,365,9,386
4109225,12,425,20,457
4109226,3,300,17,320
4109227,15,267,9,291
4109228,4,203,10,217
4109229,17,317,35,369
4109230,13,294,12,319
4109231,22,317,19,358
4109232,28,334,0,362
4109233,21,385,63,469
4109234,9,432,41,482
4109301,21,451,11,483
4109302,38,527,18,583
4109303,9,127,21,157
4109304,29,347,8,384
4109305,32,627,26,685
4109306,16,374,18,408
4109307,18,448,30,496
4109308,29,290,12,331
4109309,18,354,33,405
4109310,23,310,21,354
4109311,38,412,49,499
4109312,14,292,21,327
4109313,5,296,4,305
4109314,29,309,19,357
4109315,9,307,26,342
4109316,9,463,40,512
4109317,27,336,24,387
4109318,19,203,14,236
4109319,58,290,14,362
4109320,42,321,3,366
4109321,52,365,49,466
4109322,10,287,29,326
4109323,18,464,16,498
4109324,24,354,3,381
4109325,7,303,3,313
4109326,18,216,12,246
4109327,44,480,13,537
4109328,22,374,7,403
4109329,21,310,6,337
4109330,18,209,9,236
4109331,12,247,15,274
4109332,12,275,24,311
4109333,16,317,9,342
4109334,20,319,24,363
4109335,52,441,33,526
4109336,12,245,15,272
4109337,56,335,6,397
4109338,20,283,22,325
4109339,12,335,15,362
4109340,7,358,3,368
4109341,18,276,12,306
4109342,20,308,12,340
4109343,13,297,18,328
4109344,129,265,5,399
4109401,37,435,43,515
4109402,25,339,16,380
4109403,35,355,16,406
4109404,24,538,41,603
4109405,34,397,43,474
4109406,41,408,28,477
4109407,39,576,27,642
4109408,142,551,31,724
4109409,0,0,0,0
4109410,0,0,0,0
4109411,40,423,19,482
4109412,23,298,12,333
4109413,12,288,15,315
4109414,23,312,6,341
4109501,0,0,0,0
4109502,24,341,7,372
4109503,19,513,10,542
4109504,39,343,23,405
4109505,36,505,12,553
4109506,83,354,14,451
4109507,20,244,0,264
4109508,22,321,17,360
4109509,57,496,47,600
4109510,32,327,26,385
4109511,138,471,6,615
4109512,47,438,19,504
4109513,24,318,14,356
4109514,22,257,6,285
4109515,23,333,11,367
4109516,19,453,13,485
4109517,0,0,0,0
4109518,18,218,9,245
4109519,35,398,17,450
4109520,10,319,9,338
4109521,29,464,12,505
4109522,39,367,13,419
4109523,31,457,20,508
4109524,35,414,16,465
4109525,35,452,29,516
4109526,27,260,6,293
4109527,6,295,12,313
4109528,17,318,9,344
4109529,11,390,24,425
4109530,124,414,7,545
4109531,34,405,9,448
4109532,3,448,24,475
4109533,24,369,6,399
4109534,12,189,3,204
4109535,18,419,8,445
4109536,12,268,0,280
4109537,12,355,10,377
4109538,138,137,6,281
4109539,15,309,15,339
4109540,32,235,15,282
4109541,6,246,3,255
4109601,22,397,17,436
4109602,19,370,5,394
4109603,33,312,30,375
4109604,19,353,18,390
4109605,24,582,43,649
4109606,22,508,15,545
4109607,9,242,18,269
4109608,17,306,9,332
4109609,109,372,37,518
4109610,22,466,48,536
4109611,8,244,9,261
4109612,24,341,3,368
4109613,43,276,15,334
4109614,21,367,9,397
4109615,21,280,6,307
4109616,5,248,3,256
4109617,18,422,9,449
4109618,24,310,18,352
4109619,23,488,19,530
4109620,24,450,12,486
4109621,24,500,15,539
4109622,18,498,27,543
4109623,18,374,15,407
4109624,13,517,9,539
4109625,13,537,23,573
4109626,20,485,4,509
4109627,9,247,11,267
4109628,21,277,0,298
4109629,12,337,12,361
4109630,6,292,9,307
4109631,8,374,9,391
4109632,13,308,8,329
4109633,25,291,16,332
4109634,19,418,21,458
4109701,37,253,27,317
4109702,19,411,27,457
4109703,20,310,65,395
4109704,82,379,35,496
4109705,17,440,15,472
4109706,22,325,34,381
4109707,77,354,36,467
4109708,21,222,17,260
4109709,39,403,45,487
4109710,24,293,18,335
4109711,0,98,7,105
4109712,40,486,6,532
4109713,12,390,6,408
4109714,12,270,12,294
4109715,33,465,21,519
4109716,21,326,7,354
4109717,28,360,19,407
4109718,28,641,66,735
4109719,29,375,18,422
4109720,37,417,55,509
4109721,34,568,66,668
4109722,20,268,7,295
4109723,41,605,34,680
4109724,19,321,21,361
4109725,11,335,9,355
4109726,80,372,21,473
4109727,9,310,12,331
4109728,21,334,9,364
4109729,31,434,26,491
4109730,24,398,44,466
4109731,35,501,26,562
4109732,25,335,15,375
4109733,6,304,9,319
4109734,11,282,7,300
4109735,6,244,6,256
4109736,21,313,28,362
4109737,16,282,9,307
4109801,0,0,0,0
4109901,0,295,53,348
4109902,154,156,18,328
4109903,8,322,13,343
4109904,21,375,6,402
4109905,31,463,24,518
4109906,5,254,15,274
4109907,13,381,23,417
4109908,53,363,4,420
4109909,21,350,18,389
4109910,10,372,11,393
4109911,17,512,12,541
4109912,31,480,28,539
4109913,28,502,31,561
4109914,18,546,18,582
4109915,28,464,29,521
4109916,12,262,7,281
4109917,12,351,10,373
4109918,11,359,15,385
4109919,24,554,21,599
4109920,23,315,24,362
4109921,18,396,6,420
4109922,0,0,0,0
4109923,14,223,26,263
4109924,21,261,27,309
4109925,7,486,55,548
4109926,46,419,44,509
4109927,20,251,13,284
4109928,30,470,24,524
4109929,7,247,35,289
4109930,47,284,15,346
4109931,18,299,36,353
4109932,27,395,18,440
4109933,26,424,46,496
4109934,19,465,58,542
4109935,15,320,34,369
4109936,0,0,0,0
4109937,15,204,9,228
4110001,29,260,7,296
4110002,20,311,23,354
4110003,12,330,3,345
4110004,14,256,9,279
4110005,4,271,9,284
4110006,3,246,7,256
4110007,7,401,24,432
4110008,20,404,15,439
4110009,22,363,20,405
4110010,17,435,10,462
4110011,24,426,10,460
4110012,18,307,9,334
4110013,4,418,9,431
4110014,12,280,0,292
4110015,6,436,28,470
4110016,16,314,4,334
4110017,21,250,24,295
4110018,24,324,8,356
4110019,14,397,16,427
4110020,27,360,26,413
4110021,14,434,12,460
4110022,4,19,0,23
4110023,46,452,23,521
4110024,12,446,12,470
4110025,32,473,36,541
4110026,53,409,35,497
4110027,119,627,41,787
4110028,0,0,0,0
4110029,27,312,12,351
4110030,34,397,15,446
4110031,10,280,9,299
4110032,37,213,13,263
4110033,21,436,18,475
4110034,41,308,25,374
4110035,17,237,15,269
4110036,18,342,19,379
4110037,0,236,12,248
4110038,6,262,21,289
4110101,20,308,18,346
4110102,31,371,16,418
4110103,18,184,10,212
4110104,30,380,22,432
4110105,49,491,30,570
4110106,24,211,29,264
4110107,35,495,29,559
4110108,32,479,23,534
4110109,23,291,9,323
4110110,24,322,15,361
4110111,40,407,12,459
4110112,30,266,27,323
4110113,38,334,9,381
4110114,34,389,12,435
4110115,33,332,36,401
4110116,12,146,14,172
4110117,17,510,29,556
4110118,26,545,24,595
4110119,15,256,6,277
4110120,28,465,35,528
4110121,28,568,31,627
4110122,0,4,0,4
4110123,21,349,33,403
4110124,15,236,19,270
4110125,30,416,36,482
4110126,28,481,34,543
4110127,9,260,20,289
4110201,9,263,13,285
4110202,0,3,0,3
4110203,9,114,12,135
4110204,19,295,29,343
4110205,22,310,40,372
4110206,12,345,55,412
4110207,43,416,23,482
4110208,34,318,38,390
4110209,18,397,21,436
4110210,47,363,39,449
4110211,203,1166,95,1464
4110212,23,274,52,349
4110213,30,400,27,457
4110214,30,270,24,324
4110215,32,443,36,511
4110216,28,365,54,447
4110217,69,456,36,561
4110218,63,112,3,178
4110219,0,0,0,0
4110220,58,988,62,1108
4110221,0,10,0,10
4110222,44,468,27,539
4110223,19,346,26,391
4110224,0,3,0,3
4110225,39,496,21,556
4110226,38,286,27,351
4110227,46,477,30,553
4110228,25,446,12,483
4110229,38,355,26,419
4110230,0,0,0,0
4110231,23,371,27,421
4110232,41,343,15,399
4110233,12,386,9,407
4110234,23,461,17,501
4110235,27,381,30,438
4110236,38,326,19,383
4110237,28,374,13,415
4110238,52,577,67,696
4110239,32,308,31,371
4110240,33,444,31,508
4110241,19,320,28,367
4110242,15,293,25,333
4110301,0,12,0,12
4110401,0,0,0,0
4110501,6,171,0,177
4110502,20,352,16,388
4110503,25,525,11,561
4110504,37,347,17,401
4110505,67,351,7,425
4110506,22,361,15,398
4110507,15,217,9,241
4110601,60,482,14,556
4110602,18,464,13,495
4110603,25,358,38,421
4110604,13,383,19,415
4110605,18,370,32,420
4110606,21,385,47,453
4110607,16,421,20,457
4110608,30,533,78,641
4110609,18,363,3,384
4110610,24,411,27,462
4110611,12,332,15,359
4110612,6,362,21,389
4110613,12,422,6,440
4110614,9,240,15,264
4110615,14,281,3,298
4110616,18,384,17,419
4110617,24,441,18,483
4110618,12,433,23,468
4110619,12,349,20,381
4110620,17,465,24,506
4110621,19,270,9,298
4110622,6,435,9,450
4110623,52,474,4,530
4110624,6,255,13,274
4110625,21,348,15,384
4110626,12,470,9,491
4110627,24,468,15,507
4110628,12,231,3,246
4110629,14,305,9,328
4110701,0,0,0,0
4110702,15,417,28,460
4110703,19,361,10,390
4110704,174,333,15,522
4110705,0,157,6,163
4110706,6,186,9,201
4110707,6,288,17,311
4110708,28,590,9,627
4110709,13,371,16,400
4110710,36,380,13,429
4110711,13,404,12,429
4110712,0,0,0,0
4110713,28,353,24,405
4110714,6,282,16,304
4110715,13,526,17,556
4110716,21,332,13,366
4110717,119,511,21,651
4110718,15,553,48,616
4110719,21,525,24,570
4110720,3,248,17,268
4110721,19,477,20,516
4110722,35,617,25,677
4110723,15,499,31,545
4110724,16,525,25,566
4110725,6,321,22,349
4110726,20,212,19,251
4110727,17,419,12,448
4110728,21,467,21,509
4110729,24,514,14,552
4110730,28,582,22,632
4110731,18,466,31,515
4110732,12,272,16,300
4110733,12,518,24,554
4110734,10,328,6,344
4110735,23,432,35,490
4110736,24,623,33,680
4110737,15,533,18,566
4110738,15,476,24,515
4110739,0,5,0,5
4110740,15,350,25,390
4110741,21,414,10,445
4110742,17,396,6,419
4110743,22,384,15,421
4110744,25,336,17,378
4110745,164,219,15,398
4110746,15,339,12,366
4110747,16,380,13,409
4110748,11,291,19,321
4110749,28,398,3,429
4110750,17,307,15,339
4110751,21,411,23,455
4110752,51,449,17,517
4110753,8,327,9,344
4110754,6,207,19,232
4110755,10,198,9,217
4110801,31,389,25,445
4110802,21,371,38,430
4110803,21,354,27,402
4110804,25,423,45,493
4110805,30,362,44,436
4110806,22,352,9,383
4110807,14,295,12,321
4110808,29,455,27,511
4110809,0,0,0,0
4110810,18,370,24,412
4110811,37,445,28,510
4110812,30,435,34,499
4110813,26,466,23,515
4110814,17,387,15,419
4110815,21,484,33,538
4110816,111,278,20,409
4110817,12,354,23,389
4110818,39,544,39,622
4110819,36,604,28,668
4110820,39,552,37,628
4110821,19,434,31,484
4110822,33,603,30,666
4110823,19,294,12,325
4110824,23,333,27,383
4110825,27,523,22,572
4110826,23,355,9,387
4110827,18,315,15,348
4110828,9,398,18,425
4110829,32,519,30,581
4110830,9,372,37,418
4110831,18,309,24,351
4110832,19,236,19,274
4110833,15,220,12,247
4110834,18,283,12,313
4110835,18,251,13,282
4110836,38,309,18,365
4110837,23,308,10,341
4110901,11,331,6,348
4110902,21,434,15,470
4110903,6,198,0,204
4110904,10,294,12,316
4110905,0,0,0,0
4110906,9,397,27,433
4110907,19,440,6,465
4110908,64,305,11,380
4110909,3,392,7,402
4110910,18,424,18,460
4110911,15,344,10,369
4110912,0,9,0,9
4110913,12,344,24,380
4110914,7,221,13,241
4111001,5,375,0,380
4111002,28,423,20,471
4111003,12,310,40,362
4111004,11,347,51,409
4111005,3,168,25,196
4111006,6,291,3,300
4111007,3,208,19,230
4111008,9,315,15,339
4111009,18,387,6,411
4111010,36,227,12,275
4111011,9,293,6,308
4111012,8,293,73,374
4111013,15,336,19,370
4111014,15,313,16,344
4111015,18,349,9,376
4111016,9,295,6,310
4111017,3,451,8,462
4111101,27,268,12,307
4111102,6,284,12,302
4111103,26,365,21,412
4111104,13,272,3,288
4111105,54,194,0,248
4111106,6,233,12,251
4111107,9,164,4,177
4111108,18,470,36,524
4111109,18,343,11,372
4111110,3,267,10,280
4111111,13,347,4,364
4111112,15,342,6,363
4111113,18,226,6,250
4111114,30,394,9,433
4111115,15,199,12,226
4111116,15,376,12,403
4111117,9,245,0,254
4111118,9,450,21,480
4111119,15,195,9,219
4111120,30,242,15,287
4111121,23,288,14,325
4111122,25,307,20,352
4111123,12,371,35,418
4111124,15,235,12,262
4111125,9,314,15,338
4111201,4,232,4,240
4111202,21,275,6,302
4111203,3,160,3,166
4111204,8,416,16,440
4111205,6,248,0,254
4111206,14,484,9,507
4111207,15,387,12,414
4111208,12,267,12,291
4111209,6,161,0,167
4111210,6,252,14,272
4111211,6,255,10,271
4111212,12,448,9,469
4111213,3,286,6,295
4111214,26,595,12,633
4111215,35,312,3,350
4111216,6,408,6,420
4111217,6,177,3,186
4111301,17,342,6,365
4111302,44,329,15,388
4111303,9,268,14,291
4111304,14,211,7,232
4111305,10,317,48,375
4111306,21,304,24,349
4111307,18,289,28,335
4111308,7,350,16,373
4111309,10,181,3,194
4111310,15,173,12,200
4111401,5,248,4,257
4111402,3,304,18,325
4111403,15,140,12,167
4111404,12,346,6,364
4111405,28,300,6,334
4111406,18,371,3,392
4111407,15,389,15,419
4111408,15,214,12,241
4111409,36,906,12,954
4111410,73,409,15,497
4111411,23,347,6,376
4111412,17,531,12,560
4111413,28,314,11,353
4111414,22,257,7,286
4111415,17,420,21,458
4111501,17,380,11,408
4111502,116,425,33,574
4111503,17,713,14,744
4111504,14,635,16,665
4111505,4,187,6,197
4111506,6,419,6,431
4111507,13,431,16,460
4111508,27,348,16,391
4111509,14,289,12,315
4111510,15,210,6,231
4111601,3,223,3,229
4111602,31,328,18,377
4111603,6,187,18,211
4111604,43,253,0,296
4111605,18,342,9,369
4111606,78,503,17,598
4111607,3,286,12,301
4111608,3,227,16,246
4111609,4,331,16,351
4111610,11,297,16,324
4111611,28,576,25,629
4111701,9,369,6,384
4111702,6,198,3,207
4111703,18,418,15,451
4111704,9,197,3,209
4111705,9,133,6,148
4111706,15,186,3,204
4111707,6,238,12,256
4111708,12,347,15,374
4111709,48,279,0,327
4111710,15,240,3,258
4111711,40,169,12,221
4111712,27,348,19,394
4111713,18,353,20,391
4111714,15,202,12,229
4111715,16,280,15,311
4111716,15,372,18,405
4111801,7,283,8,298
4111802,11,216,12,239
4111803,20,348,33,401
4111804,28,409,13,450
4111805,29,296,9,334
4111806,7,147,3,157
4111807,11,476,21,508
4111808,20,329,6,355
4111809,28,186,19,233
4111810,7,213,13,233
4111811,45,253,16,314
4111812,20,284,15,319
4111813,0,0,0,0
4111814,40,306,7,353
4111901,52,340,8,400
4111902,28,158,3,189
4111903,6,212,6,224
4111904,21,349,9,379
4111905,24,419,19,462
4111906,19,334,7,360
4111907,33,362,7,402
4111908,24,378,22,424
4111909,73,569,21,663
4111910,40,428,86,554
4111911,42,327,21,390
4111912,21,271,24,316
4111913,9,257,9,275
4111914,15,319,25,359
4111915,15,246,12,273
4111916,38,288,9,335
4111917,18,241,9,268
4111918,23,281,8,312
4111919,6,182,18,206
4111920,6,137,7,150
4111921,16,409,16,441
4111922,8,113,7,128
4111923,87,486,13,586
4111924,29,335,32,396
4111925,18,195,9,222
4111926,7,227,7,241
4111927,20,208,18,246
4112001,9,272,9,290
4112002,9,171,3,183
4112003,8,162,8,178
4112004,3,301,3,307
4112005,6,198,0,204
4112006,18,191,0,209
4112007,13,262,24,299
4112008,0,210,9,219
4112009,28,361,18,407
4112010,47,254,6,307
4112011,9,165,6,180
4112012,42,550,17,609
4112013,48,440,10,498
4112014,16,198,12,226
4112015,14,227,22,263
4112016,6,167,3,176
4112101,34,292,3,329
4112102,24,192,21,237
4112103,30,222,12,264
4112104,45,387,31,463
4112105,23,215,6,244
4112106,23,424,45,492
4112107,12,289,6,307
4112108,12,191,18,221
4112109,24,258,11,293
4112110,19,198,8,225
4112111,13,275,13,301
4112112,12,294,18,324
4112113,14,381,12,407
4112114,56,259,13,328
4112115,6,248,6,260
4112116,7,189,9,205
4112117,51,232,37,320
4112118,20,171,15,206
4112201,33,239,18,290
4112202,0,0,0,0
4112203,99,132,10,241
4112204,22,321,13,356
4112205,54,448,24,526
4112206,3,3,0,6
4112207,22,390,29,441
4112208,30,480,15,525
4112209,17,400,23,440
4112210,24,300,0,324
4112211,36,292,21,349
4112212,18,231,27,276
4112213,12,207,0,219
4112214,18,312,4,334
4112215,45,422,16,483
4112216,24,423,13,460
4112217,9,279,6,294
4112218,0,0,0,0
4112219,24,470,13,507
4112220,4,163,9,176
4112221,15,203,8,226
4112222,20,279,9,308
4112223,13,292,37,342
4112224,27,434,30,491
4112225,34,345,15,394
4112226,79,428,13,520
4112227,59,603,52,714
4112228,18,246,10,274
4112229,43,521,17,581
4112230,26,252,6,284
4112231,30,203,3,236
4112232,24,242,7,273
4112233,42,383,14,439
4112234,34,355,37,426
4112235,18,230,13,261
4112236,36,273,18,327
4112237,15,197,4,216
4112238,29,232,19,280
4112239,0,217,18,235
4112240,0,0,0,0
4112241,16,229,6,251
4112242,17,157,5,179
4112243,20,237,19,276
4112244,28,242,9,279
4112301,31,304,9,344
4112302,26,258,15,299
4112303,63,548,33,644
4112304,27,330,22,379
4112305,6,207,3,216
4112306,4,180,6,190
4112307,10,311,15,336
4112308,21,270,9,300
4112309,16,345,4,365
4112310,11,157,3,171
4112401,0,0,0,0
4112402,18,60,12,90
4112403,24,504,18,546
4112404,15,267,12,294
4112405,15,321,4,340
4112406,76,431,22,529
4112407,28,400,13,441
4112408,22,261,13,296
4112409,30,333,9,372
4112410,28,396,18,442
4112411,34,294,13,341
4112412,15,433,12,460
4112413,33,353,24,410
4112414,23,474,21,518
4112501,21,195,3,219
4112502,105,427,15,547
4112503,30,309,9,348
4112504,16,410,30,456
4112505,12,261,12,285
4112506,43,601,14,658
4112507,29,292,3,324
4112508,26,322,11,359
4112509,11,322,15,348
4112510,10,211,6,227
4112511,26,249,3,278
4112512,18,160,6,184
4112601,18,213,13,244
4112602,16,282,22,320
4112603,32,362,10,404
4112604,15,304,9,328
4112605,21,234,9,264
4112606,57,452,39,548
4112607,41,307,16,364
4112608,73,298,21,392
4112609,28,429,15,472
4112610,0,37,3,40
4112611,28,242,25,295
4112701,18,189,6,213
4112702,6,253,10,269
4112703,67,302,26,395
4112704,13,330,9,352
4112705,38,430,23,491
4112706,85,290,15,390
4112707,22,306,13,341
4112708,41,600,16,657
4112709,27,272,0,299
4112710,41,222,13,276
4112711,22,167,3,192
4112712,29,418,21,468
4112713,39,321,6,366
4112714,9,373,6,388
4112715,4,302,3,309
4112716,17,276,22,315
4112717,28,400,6,434
4112718,18,476,21,515
4112719,15,179,0,194
4112720,3,57,3,63
4112721,0,114,0,114
4112801,0,224,15,239
4112802,19,444,25,488
4112803,6,177,15,198
4112804,12,229,6,247
4112805,8,206,3,217
4112806,13,287,3,303
4112807,28,328,21,377
4112808,70,462,12,544
4112809,0,0,0,0
4112810,16,103,6,125
4112811,39,416,9,464
4112812,31,565,12,608
4112813,9,147,0,156
4112901,15,328,11,354
4112902,16,478,30,524
4112903,43,359,19,421
4112904,32,527,23,582
4112905,16,407,37,460
4112906,6,290,9,305
4112907,0,0,0,0
4113001,12,242,9,263
4113002,19,176,4,199
4113003,13,247,11,271
4113004,6,223,0,229
4113005,3,320,5,328
4113006,6,196,20,222
4113007,12,185,0,197
4113008,20,466,15,501
4113009,12,118,9,139
4113010,15,291,12,318
4113011,24,357,13,394
4113012,16,424,12,452
4113013,15,317,20,352
4113014,0,0,0,0
4113015,0,0,0,0
4113016,18,437,3,458
4113017,6,165,0,171
4113018,55,268,3,326
4113019,16,279,6,301
4113020,9,341,3,353
4113021,3,294,7,304
4113022,16,324,7,347
4113023,6,238,3,247
4113101,0,464,15,479
4113102,12,209,6,227
4113103,9,262,3,274
4113104,26,434,83,543
4113105,17,374,9,400
4113106,9,209,0,218
4113107,48,465,15,528
4113108,21,201,9,231
4113109,12,241,23,276
4113110,9,357,25,391
4113111,3,258,0,261
4113112,12,280,12,304
4113113,3,117,3,123
4113201,28,514,15,557
4113202,12,333,12,357
4113203,12,292,15,319
4113204,9,409,18,436
4113205,12,286,6,304
4113206,24,269,0,293
4113301,9,385,12,406
4113302,78,398,24,500
4113303,12,359,6,377
4113304,24,396,15,435
4113305,17,431,30,478
4113306,23,276,12,311
4113307,6,392,25,423
4113308,6,275,15,296
4113309,9,254,6,269
4113310,22,482,22,526
4113311,6,483,50,539
4113312,15,571,34,620
4113313,27,253,23,303
4113314,23,268,21,312
4113315,34,501,41,576
4113316,34,436,29,499
4113317,21,363,36,420
4113318,21,231,4,256
4113319,17,266,16,299
4113320,13,324,4,341
4113321,60,254,28,342
4113322,18,384,24,426
4113323,12,222,0,234
4113324,29,312,16,357
4113325,15,449,15,479
4113326,18,159,3,180
4113327,13,241,13,267
4113328,15,229,16,260
4113329,17,226,13,256
4113330,7,276,24,307
4113331,3,147,123,273
4113332,6,326,5,337
4113333,12,425,3,440
4113334,0,270,9,279
4113335,0,0,0,0
4113336,6,130,3,139
4113337,6,497,16,519
4113338,39,289,29,357
4113339,21,254,24,299
4113340,38,462,18,518
4113341,12,339,15,366
4113342,10,382,17,409
4113401,20,297,34,351
4113402,41,257,38,336
4113403,9,285,23,317
4113404,9,590,26,625
4113405,16,435,10,461
4113406,6,179,7,192
4113407,11,462,30,503
4113408,3,135,3,141
4113409,9,260,71,340
4113410,3,109,179,291
4113501,3,66,3,72
4113502,0,34,0,34
4113601,28,327,43,398
4113602,5,245,16,266
4113603,22,598,12,632
4113604,33,487,41,561
4113605,8,302,29,339
4113606,13,385,5,403
4113607,26,403,16,445
4113608,34,413,48,495
4113609,24,314,28,366
4113610,0,3,0,3
4113611,14,315,28,357
4113612,33,372,26,431
4113613,39,371,13,423
4113614,70,525,12,607
4113615,6,490,21,517
4113616,33,826,16,875
4113617,0,0,0,0
4113618,12,244,28,284
4113619,109,376,22,507
4113620,6,349,25,380
4113621,22,235,38,295
4113622,6,236,9,251
4113623,30,372,19,421
4113624,18,288,22,328
4113625,27,298,10,335
4113626,21,322,30,373
4113627,35,339,33,407
4113628,35,294,32,361
4113629,29,360,21,410
4113630,38,483,53,574
4113631,14,314,20,348
4113632,6,333,42,381
4113633,20,274,31,325
4113634,17,300,26,343
4113635,15,202,37,254
4113636,23,238,15,276
4113637,23,432,29,484
4113638,30,461,30,521
4113639,22,379,16,417
4113640,18,307,35,360
4113641,17,311,16,344
4113642,21,340,7,368
4113643,14,561,22,597
4113644,15,429,18,462
4113645,15,324,30,369
4113646,15,299,29,343
4113647,3,46,6,55
4113648,26,428,19,473
4113649,0,16,3,19
4113650,0,0,0,0
4113651,30,295,26,351
4113652,12,221,24,257
4113653,24,334,32,390
4113654,0,6,0,6
4113655,13,335,30,378
4113656,9,156,19,184
4113657,18,322,21,361
4113658,70,330,19,419
4113659,30,342,58,430
4113660,17,392,15,424
4113701,0,0,0,0
4113801,6,70,0,76
4113802,0,0,0,0
4113803,3,88,23,114
4113804,0,9,0,9
4113805,0,0,0,0
4113806,0,81,6,87
4113807,9,121,16,146
4113808,0,0,0,0
4113809,0,66,3,69
4113810,0,16,0,16
4113811,9,109,0,118
4113812,37,426,3,466
4113813,22,438,47,507
4113814,0,114,83,197
4113815,21,253,7,281
4113816,7,281,23,311
4113817,6,36,6,48
4113901,16,197,7,220
4113902,3,24,3,30
4113903,12,240,71,323
4113904,25,281,33,339
4113905,0,155,37,192
4113906,6,99,11,116
4113907,32,185,22,239
4113908,3,228,9,240
4114001,0,47,0,47
4114002,0,72,9,81
4114003,25,285,17,327
4114004,42,347,13,402
4114005,9,213,58,280
4114006,18,434,29,481
4114007,19,218,9,246
4114008,7,220,22,249
4114009,19,114,33,166
4114101,29,479,89,597
4114102,0,132,33,165
4114103,0,63,3,66
4114104,4,88,7,99
4114105,3,494,6,503
4114106,0,582,77,659
4114107,3,580,51,634
4114108,9,417,67,493
4114109,3,165,46,214
4114201,27,364,38,429
4114202,18,323,47,388
4114203,22,328,26,376
4114204,15,496,21,532
4114205,0,190,3,193
4114206,3,340,12,355
4114207,3,87,371,461
4114208,12,307,12,331
4114209,17,490,69,576
4114210,6,83,12,101
4114211,62,212,26,300
4114212,12,431,32,475
4114213,23,304,19,346
4114214,29,491,44,564
4114215,17,297,22,336
4114216,20,292,19,331
4114217,0,53,0,53
4114218,25,343,26,394
4114219,21,350,98,469
4114220,23,452,22,497
4114221,19,300,74,393
4114222,20,507,76,603
4114223,26,248,48,322
4114224,8,242,43,293
4114225,78,429,60,567
4114226,36,279,27,342
4114227,23,386,51,460
4114228,23,356,74,453
4114229,22,139,13,174
4114230,19,361,15,395
4114231,25,314,69,408
4114232,20,346,83,449
4114233,24,187,17,228
4114234,24,525,56,605
4114235,0,4,0,4
4114236,13,427,15,455
4114301,0,488,43,531
4114302,3,434,25,462
4114303,9,245,97,351
4114304,0,315,6,321
4114305,6,209,3,218
4114306,6,820,49,875
4114307,0,521,22,543
4114308,0,263,183,446
4114309,3,12,3,18
4114310,6,896,47,949
4114401,21,227,26,274
4114402,12,280,21,313
4114403,21,289,35,345
4114404,9,124,4,137
4114405,28,411,15,454
4114406,12,268,6,286
4114407,12,147,9,168
4114408,29,355,15,399
4114409,26,357,24,407
4114410,14,229,8,251
4114411,34,272,7,313
4114412,20,328,29,377
4114413,16,300,12,328
4114414,29,443,18,490
4114415,25,416,17,458
4114416,18,423,21,462
4114417,20,227,12,259
4114418,38,441,20,499
4114419,32,241,9,282
4114420,24,265,13,302
4114421,18,259,30,307
4114422,26,393,35,454
4114423,36,620,37,693
4114424,30,480,14,524
4114425,9,198,3,210
4114426,24,257,12,293
4114427,96,251,18,365
4114428,102,376,6,484
4114429,21,291,4,316
4114430,0,4,0,4
4114501,12,188,3,203
4114502,12,253,10,275
4114503,3,358,47,408
4114504,3,213,22,238
4114505,14,424,19,457
4114506,23,242,17,282
4114507,41,249,7,297
4114508,15,268,4,287
4114509,14,455,0,469
4114510,9,230,23,262
4114511,3,133,9,145
4114512,16,534,8,558
4114513,12,283,30,325
4114514,21,185,12,218
4114601,5,302,12,319
4114602,18,342,4,364
4114603,6,274,12,292
4114604,25,595,21,641
4114605,18,432,18,468
4114606,89,253,15,357
4114607,45,668,10,723
4114608,13,268,3,284
4114609,22,505,12,539
4114610,72,311,12,395
4114611,21,435,22,478
4114612,16,513,8,537
4114613,12,233,15,260
4114614,9,595,21,625
4114615,3,175,6,184
4114701,15,278,0,293
4114702,14,308,19,341
4114703,12,390,12,414
4114704,12,473,6,491
4114705,6,407,6,419
4114706,12,166,0,178
4114707,3,117,12,132
4114708,32,679,15,726
4114709,7,370,19,396
4114710,22,209,9,240
4114711,12,227,9,248
4114712,12,342,18,372
4114713,15,426,10,451
4114714,4,396,3,403
4114715,14,535,19,568
4114716,0,271,9,280
4114717,3,366,5,374
4114718,13,293,4,310
4114801,23,175,10,208
4114802,43,376,24,443
4114803,22,296,4,322
4114804,139,400,34,573
4114805,30,434,33,497
4114806,21,410,24,455
4114807,34,352,32,418
4114808,31,386,17,434
4114809,13,268,26,307
4114810,43,453,19,515
4114811,6,299,24,329
4114812,15,236,62,313
4114813,35,488,132,655
4114814,68,417,86,571
4114815,24,393,15,432
4114816,29,522,25,576
4114817,19,331,7,357
4114818,29,389,21,439
4114819,48,574,73,695
4114820,12,207,3,222
4114821,36,640,9,685
4114822,39,541,42,622
4114823,134,359,13,506
4114824,24,494,30,548
4114825,18,299,13,330
4114826,15,363,4,382
4114827,33,369,18,420
4114828,18,405,16,439
4114829,69,394,12,475
4114830,7,244,0,251
4114901,14,286,9,309
4114902,18,169,18,205
4114903,3,285,15,303
4114904,11,343,22,376
4114905,14,258,9,281
4114906,27,383,24,434
4114907,33,319,18,370
4114908,29,528,9,566
4114909,22,236,9,267
4114910,81,375,16,472
4114911,12,401,13,426
4114912,36,427,36,499
4114913,9,205,6,220
4114914,6,255,21,282
4115001,18,239,16,273
4115002,20,330,30,380
4115003,0,250,6,256
4115004,7,365,13,385
4115005,11,279,15,305
4115006,5,303,8,316
4115007,18,327,12,357
4115008,0,228,6,234
4115009,15,440,178,633
4115010,3,345,6,354
4115011,3,321,10,334
4115012,6,227,6,239
4115013,3,35,6,44
4115014,50,379,22,451
4115015,0,170,4,174
4115016,4,174,0,178
4115017,3,203,0,206
4115018,7,259,0,266
4115101,43,334,9,386
4115102,9,360,11,380
4115103,9,160,15,184
4115104,18,317,10,345
4115105,3,195,9,207
4115106,18,268,7,293
4115107,9,184,3,196
4115108,10,268,3,281
4115109,11,361,16,388
4115110,3,62,9,74
4115111,10,98,6,114
4115112,21,389,30,440
4115113,6,224,24,254
4115114,3,131,13,147
4115201,12,210,4,226
4115202,30,329,10,369
4115203,6,262,12,280
4115204,60,184,21,265
4115205,70,238,9,317
4115206,17,245,6,268
4115207,4,155,3,162
4115208,51,455,28,534
4115209,25,289,18,332
4115210,18,458,21,497
4115211,12,230,8,250
4115212,15,241,0,256
4115213,15,428,11,454
4115214,10,313,9,332
4115215,19,343,21,383
4115216,12,332,16,360
4115301,27,223,14,264
4115302,23,310,27,360
4115303,0,33,0,33
4115304,67,656,23,746
4115305,10,246,6,262
4115306,18,442,6,466
4115307,17,235,24,276
4115308,28,330,24,382
4115309,18,301,9,328
4115310,46,449,19,514
4115311,15,364,6,385
4115312,12,499,12,523
4115313,21,407,9,437
4115314,12,418,3,433
4115315,23,454,29,506
4115316,31,501,29,561
4115317,32,484,24,540
4115318,51,640,31,722
4115319,24,553,12,589
4115320,44,396,15,455
4115321,12,303,15,330
4115322,13,310,3,326
4115323,23,506,28,557
4115324,25,492,13,530
4115325,14,492,3,509
4115326,9,435,7,451
4115327,16,422,18,456
4115328,34,475,37,546
4115329,42,386,13,441
4115330,21,472,31,524
4115331,28,490,24,542
4115332,72,196,19,287
4115333,30,501,21,552
4115334,21,392,6,419
4115335,23,643,10,676
4115336,6,399,14,419
4115337,6,298,9,313
4115338,10,276,9,295
4115339,17,577,18,612
4115340,21,452,14,487
4115341,25,463,10,498
4115342,56,265,23,344
4115343,14,395,6,415
4115344,13,400,9,422
4115345,4,460,12,476
4115346,21,233,9,263
4115347,88,226,17,331
4115348,24,469,9,502
4115349,12,297,12,321
4115350,3,205,9,217
4115351,18,242,6,266
4115352,37,520,19,576
4115353,17,481,19,517
4115354,6,235,3,244
4115355,28,516,10,554
4115356,20,377,10,407
4115357,24,234,4,262
4115358,43,478,25,546
4115359,12,226,15,253
4115360,16,370,4,390
4115361,9,302,0,311
4115362,3,425,9,437
4115363,6,288,3,297
4115364,15,289,3,307
4115365,17,265,6,288
4115366,21,237,12,270
4115401,12,307,13,332
4115402,19,372,38,429
4115403,9,234,15,258
4115404,13,407,15,435
4115405,0,0,0,0
4115406,0,0,0,0
4115407,65,314,17,396
4115408,4,308,20,332
4115409,10,330,13,353
4115410,10,225,19,254
4115411,52,230,15,297
4115412,12,474,9,495
4115413,13,353,17,383
4115414,9,338,12,359
4115415,7,311,12,330
4115416,7,276,8,291
4115417,17,297,5,319
4115418,24,374,34,432
4115501,10,625,20,655
4115502,9,369,6,384
4115503,10,338,0,348
4115504,3,253,3,259
4115505,8,234,6,248
4115506,11,500,21,532
4115601,13,239,17,269
4115602,33,456,30,519
4115603,20,266,3,289
4115604,4,354,15,373
4115605,12,263,6,281
4115606,32,335,27,394
4115607,6,320,9,335
4115608,5,361,3,369
4115609,12,232,6,250
4115701,4,111,3,118
4115702,70,345,3,418
4115703,6,253,13,272
4115704,7,538,13,558
4115705,9,199,3,211
4115706,9,326,6,341
4115707,3,246,3,252
4115708,34,192,15,241
4115709,9,237,0,246
4115710,15,254,7,276
4115711,0,249,4,253
4115712,6,264,6,276
4115713,11,325,21,357
4115714,12,290,11,313
4115715,6,281,15,302
4115716,24,419,12,455
4115717,9,153,3,165
4115718,18,337,15,370
4115719,18,442,0,460
4115720,10,347,6,363
4115721,3,303,15,321
4115801,23,634,9,666
4115802,9,187,0,196
4115803,30,335,15,380
4115804,9,362,15,386
4115805,6,236,4,246
4115806,19,243,0,262
4115807,12,245,6,263
4115808,10,316,9,335
4115809,15,462,21,498
4115901,6,135,5,146
4115902,3,66,0,69
4115903,0,0,0,0
4115904,0,183,3,186
4115905,6,139,3,148
4115906,3,144,6,153
4115907,24,289,27,340
4115908,21,236,23,280
4115909,46,364,50,460
4115910,93,312,16,421
4115911,28,368,26,422
4115912,13,214,0,227
4115913,24,281,4,309
4115914,11,215,9,235
4115915,9,191,10,210
4115916,12,288,18,318
4115917,19,382,29,430
4115918,8,181,4,193
4115919,0,9,0,9
4115920,20,279,31,330
4115921,15,223,18,256
4115922,29,387,9,425
4115923,8,247,13,268
4115924,22,396,22,440
4115925,5,244,17,266
4116001,34,365,42,441
4116002,27,411,35,473
4116003,27,375,15,417
4116004,40,256,27,323
4116005,32,390,26,448
4116006,30,400,38,468
4116007,23,482,11,516
4116008,48,306,24,378
4116009,19,221,6,246
4116010,26,353,9,388
4116101,9,194,12,215
4116102,42,484,13,539
4116103,4,236,8,248
4116104,19,243,4,266
4116105,36,296,12,344
4116106,16,302,12,330
4116107,15,199,15,229
4116108,3,147,10,160
4116109,0,294,12,306
4116110,9,390,13,412
4116111,0,0,0,0
4116201,0,120,3,123
4116202,53,237,12,302
4116203,6,168,9,183
4116204,40,794,35,869
4116205,28,488,23,539
4116206,18,317,9,344
4116207,101,472,20,593
4116208,16,339,24,379
4116209,23,418,9,450
4116210,31,448,20,499
4116211,13,367,9,389
4116212,24,332,9,365
4116213,17,172,12,201
4116301,0,109,4,113
4116302,16,173,9,198
4116303,24,579,40,643
4116304,8,105,6,119
4116305,10,103,0,113
4116306,12,237,21,270
4116307,3,53,0,56
4116308,6,149,18,173
4116309,0,51,0,51
4116401,19,245,18,282
4116402,27,261,15,303
4116403,31,434,14,479
4116404,19,548,44,611
4116405,20,310,10,340
4116406,15,183,15,213
4116407,27,493,13,533
4116408,27,411,39,477
4116409,75,352,24,451
4116410,35,366,18,419
4116411,16,242,12,270
4116412,22,169,39,230
4116413,21,547,31,599
4116414,13,193,18,224
4116415,3,65,6,74
4116416,14,299,29,342
4116501,54,578,47,679
4116502,8,255,15,278
4116503,22,366,27,415
4116504,13,233,24,270
4116505,10,466,18,494
4116506,27,545,17,589
4116507,8,305,14,327
4116508,9,221,8,238
4116509,27,428,35,490
4116510,15,450,18,483
4116511,9,207,56,272
4116512,11,262,29,302
4116513,24,480,18,522
4116514,123,386,19,528
4116515,52,380,41,473
4116516,26,365,5,396
4116517,9,300,19,328
4116518,23,294,12,329
4116519,44,525,24,593
4116520,16,361,6,383
4116521,16,405,19,440
4116522,10,352,63,425
4116523,33,376,24,433
4116524,18,307,55,380
4116525,0,0,0,0
4116526,18,357,38,413
4116527,11,365,15,391
4116528,16,230,16,262
4116529,24,426,24,474
4116530,23,484,23,530
4116531,47,525,31,603
4116532,50,409,18,477
4116533,45,423,14,482
4116534,9,200,25,234
4116535,12,229,5,246
4116536,13,373,17,403
4116537,0,0,323,323
4116538,35,465,54,554
4116539,25,552,33,610
4116540,74,166,35,275
4116541,35,293,25,353
4116601,20,140,6,166
4116602,24,527,18,569
4116603,0,51,10,61
4116604,18,248,6,272
4116605,18,502,24,544
4116606,24,653,34,711
4116607,19,311,16,346
4116608,19,419,30,468
4116609,6,185,3,194
4116610,12,54,0,66
4116701,27,297,21,345
4116702,27,366,54,447
4116703,24,304,9,337
4116704,9,184,11,204
4116705,28,214,14,256
4116706,6,135,0,141
4116707,22,304,38,364
4116708,15,240,13,268
4116709,39,457,85,581
4116710,31,531,36,598
4116711,0,0,0,0
4116712,12,312,13,337
4116713,121,349,38,508
4116801,18,372,27,417
4116802,8,336,3,347
4116803,13,242,17,272
4116804,3,166,19,188
4116805,19,267,24,310
4116806,18,560,27,605
4116807,0,0,4,4
4116808,6,300,13,319
4116809,7,306,10,323
4116810,24,587,27,638
4116811,23,590,30,643
4116812,9,335,17,361
4116813,16,381,22,419
4116901,3,118,6,127
4116902,42,328,72,442
4116903,3,243,6,252
4116904,13,191,14,218
4116905,25,286,14,325
4116906,28,247,18,293
4116907,18,228,18,264
4116908,16,210,15,241
4116909,12,196,9,217
4116910,15,562,24,601
4116911,3,97,0,100
4116912,10,257,43,310
4116913,12,307,12,331
4116914,31,360,84,475
4116915,12,258,7,277
4116916,18,250,15,283
4116917,23,348,27,398
4116918,0,369,21,390
4117001,32,154,25,211
4117002,11,231,199,441
4117003,9,413,3,425
4117004,16,378,19,413
4117005,29,523,26,578
4117006,19,258,6,283
4117007,9,251,15,275
4117008,10,356,10,376
4117009,3,326,0,329
4117010,11,359,12,382
4117011,3,366,27,396
4117012,7,227,9,243
4117013,36,275,12,323
4117014,24,407,9,440
4117015,19,300,19,338
4117016,22,218,13,253
4117017,27,224,0,251
4117018,69,270,13,352
4949999,168,2388,510,3066
4979991,0,0,0,0
4979992,0,0,0,0
4979993,0,6,0,6
5100101,9,288,38,335
5100102,3,304,27,334
5100103,39,395,18,452
5100104,17,305,13,335
5100105,8,218,13,239
5100106,0,0,0,0
5100107,10,325,18,353
5100108,0,6,3,9
5100109,15,365,27,407
5100110,3,227,7,237
5100111,12,285,42,339
5100112,9,313,27,349
5100113,9,245,15,269
5100114,3,437,23,463
5100115,3,312,16,331
5100116,0,0,0,0
5100201,9,145,3,157
5100202,24,280,6,310
5100203,6,329,3,338
5100204,19,412,32,463
5100205,3,348,8,359
5100206,28,369,28,425
5100207,21,233,36,290
5100208,110,607,37,754
5100209,30,378,32,440
5100210,53,589,19,661
5100211,31,557,27,615
5100212,30,1143,42,1215
5100213,9,305,30,344
5100214,4,475,30,509
5100215,38,651,27,716
5100216,30,406,18,454
5100217,12,278,0,290
5100218,18,229,9,256
5100219,17,397,24,438
5100220,21,393,29,443
5100221,34,616,29,679
5100222,9,366,13,388
5100223,5,314,20,339
5100224,12,326,6,344
5100225,12,835,46,893
5100226,9,348,16,373
5100227,0,15,0,15
5100228,12,613,16,641
5100229,6,350,22,378
5100230,131,200,9,340
5100231,6,408,14,428
5100232,3,217,6,226
5100233,23,349,16,388
5100234,12,244,24,280
5100235,30,455,36,521
5100236,23,453,45,521
5100237,16,354,14,384
5100238,7,339,15,361
5100239,9,174,9,192
5100240,9,293,22,324
5100241,11,349,19,379
5100242,15,495,42,552
5100243,14,448,20,482
5100244,7,454,21,482
5100245,14,670,34,718
5100246,9,211,0,220
5100247,10,348,9,367
5100248,15,379,30,424
5100249,20,191,15,226
5100250,9,274,9,292
5100251,9,234,22,265
5100301,6,172,8,186
5100302,0,240,8,248
5100303,9,257,18,284
5100304,9,224,26,259
5100305,7,266,3,276
5100306,13,332,17,362
5100307,6,261,13,280
5100308,3,289,0,292
5100309,12,665,39,716
5100310,9,283,6,298
5100311,5,212,9,226
5100312,12,320,16,348
5100313,9,206,21,236
5100314,0,231,18,249
5100315,0,390,37,427
5100316,3,284,12,299
5100317,6,324,8,338
5100318,0,304,27,331
5100319,12,313,15,340
5100320,9,527,21,557
5100321,3,342,31,376
5100322,9,106,12,127
5100323,0,243,10,253
5100324,6,291,20,317
5100325,6,438,12,456
5100326,6,267,20,293
5100401,6,428,47,481
5100402,9,567,59,635
5100403,12,560,45,617
5100404,18,568,41,627
5100405,3,331,15,349
5100406,4,416,57,477
5100407,63,251,60,374
5100408,6,239,27,272
5100409,3,412,11,426
5100410,3,342,6,351
5100411,6,193,16,215
5100412,3,336,17,356
5100413,9,435,49,493
5100414,9,353,43,405
5100415,0,186,24,210
5100416,6,418,51,475
5100417,0,359,35,394
5100418,3,152,24,179
5100501,12,622,0,634
5100502,6,239,43,288
5100503,15,767,40,822
5100504,9,229,12,250
5100505,0,0,0,0
5100506,6,74,3,83
5100507,0,0,0,0
5100508,16,319,18,353
5100509,9,573,40,622
5100510,4,437,20,461
5100511,12,273,24,309
5100512,3,208,18,229
5100513,4,364,16,384
5100514,4,406,46,456
5100515,0,0,0,0
5100516,6,268,15,289
5100517,26,220,22,268
5100518,22,530,19,571
5100519,11,551,8,570
5100520,16,278,11,305
5100521,10,388,10,408
5100522,10,291,34,335
5100523,12,341,18,371
5100524,5,334,48,387
5100525,11,269,21,301
5100526,5,222,19,246
5100527,12,334,12,358
5100528,12,213,15,240
5100529,15,287,12,314
5100530,18,539,15,572
5100531,9,388,32,429
5100532,18,357,30,405
5100533,0,413,6,419
5100534,9,513,26,548
5100535,6,647,24,677
5100536,6,290,34,330
5100537,3,296,17,316
5100538,7,350,15,372
5100539,0,275,11,286
5100540,3,415,18,436
5100541,3,70,0,73
5100542,3,109,3,115
5100601,3,310,27,340
5100602,16,338,26,380
5100603,18,319,29,366
5100604,3,246,4,253
5100605,21,335,54,410
5100606,9,233,16,258
5100607,22,536,41,599
5100608,3,308,11,322
5100609,6,349,30,385
5100610,15,562,27,604
5100611,11,346,4,361
5100612,98,270,9,377
5100613,9,247,7,263
5100614,15,406,18,439
5100615,77,520,30,627
5100616,18,389,60,467
5100617,16,481,25,522
5100618,14,268,7,289
5100619,76,434,13,523
5100620,16,604,27,647
5100621,10,362,22,394
5100622,24,327,13,364
5100623,13,495,34,542
5100624,7,297,18,322
5100625,3,352,22,377
5100626,14,271,3,288
5100627,19,304,24,347
5100628,18,335,18,371
5100629,35,424,72,531
5100630,22,287,48,357
5100631,14,449,29,492
5100632,9,326,15,350
5100633,48,435,54,537
5100634,19,522,30,571
5100635,60,358,30,448
5100636,18,300,18,336
5100637,6,327,30,363
5100638,24,287,43,354
5100639,30,349,33,412
5100640,23,386,31,440
5100641,12,440,27,479
5100701,4,282,12,298
5100702,9,236,24,269
5100703,15,307,12,334
5100704,21,392,59,472
5100705,15,205,22,242
5100706,3,246,8,257
5100707,12,360,12,384
5100708,15,457,15,487
5100709,5,299,11,315
5100710,12,432,41,485
5100711,0,258,38,296
5100712,37,688,127,852
5100801,12,416,15,443
5100802,30,533,65,628
5100803,18,240,21,279
5100804,9,404,22,435
5100805,9,406,18,433
5100806,0,0,331,331
5100807,20,414,40,474
5100808,0,0,0,0
5100809,38,586,49,673
5100810,30,413,48,491
5100811,95,164,30,289
5100812,25,300,40,365
5100813,33,402,60,495
5100814,17,307,21,345
5100815,19,418,63,500
5100816,13,278,41,332
5100901,9,238,0,247
5100902,15,422,29,466
5100903,12,377,21,410
5100904,15,275,22,312
5100905,28,517,42,587
5100906,14,243,11,268
5100907,6,224,10,240
5100908,13,293,22,328
5100909,16,228,11,255
5100910,0,0,0,0
5100911,4,252,8,264
5100912,18,371,12,401
5100913,14,239,9,262
5100914,12,296,13,321
5100915,0,9,3,12
5100916,88,393,22,503
5100917,0,3,0,3
5100918,16,166,12,194
5100919,16,785,151,952
5100920,18,453,23,494
5100921,4,0,0,4
5100922,12,168,9,189
5100923,6,379,13,398
5100924,8,197,0,205
5100925,4,274,15,293
5100926,9,237,18,264
5100927,20,324,42,386
5100928,20,470,40,530
5100929,13,315,7,335
5101001,15,280,6,301
5101002,15,499,19,533
5101003,6,338,16,360
5101004,8,301,15,324
5101005,8,489,21,518
5101006,12,454,49,515
5101007,9,404,16,429
5101101,0,3,6,9
5101201,17,458,40,515
5101202,26,412,28,466
5101203,24,314,12,350
5101204,6,340,14,360
5101205,0,255,9,264
5101206,6,304,7,317
5101207,12,389,20,421
5101208,12,226,9,247
5101209,4,550,22,576
5101210,4,229,0,233
5101211,9,1215,40,1264
5101212,191,923,41,1155
5101213,0,0,0,0
5101214,11,416,13,440
5101215,5,409,6,420
5101216,12,565,15,592
5101217,3,289,27,319
5101218,15,437,43,495
5101219,16,394,15,425
5101220,13,436,19,468
5101221,9,353,8,370
5101222,15,490,18,523
5101301,0,174,12,186
5101302,22,648,40,710
5101303,6,232,18,256
5101304,3,305,6,314
5101305,9,306,6,321
5101306,3,214,4,221
5101307,13,517,25,555
5101308,12,309,6,327
5101309,7,494,18,519
5101310,0,371,35,406
5101311,7,521,24,552
5101312,15,501,41,557
5101313,12,356,29,397
5101314,12,612,45,669
5101315,9,582,38,629
5101316,18,461,16,495
5101317,0,446,25,471
5101318,6,390,4,400
5101319,9,260,11,280
5101320,0,408,6,414
5101321,30,1193,83,1306
5101322,0,0,0,0
5101401,21,310,25,356
5101402,15,354,16,385
5101403,4,524,24,552
5101404,15,274,12,301
5101405,21,352,23,396
5101406,39,313,40,392
5101407,33,368,19,420
5101408,6,231,14,251
5101409,21,183,18,222
5101410,9,335,6,350
5101411,19,308,14,341
5101412,16,299,12,327
5101413,7,152,14,173
5101414,11,231,64,306
5101415,6,410,36,452
5101416,6,223,17,246
5101417,9,405,26,440
5101418,7,234,14,255
5101419,15,332,10,357
5101420,9,386,45,440
5101421,18,463,85,566
5101422,18,345,40,403
5101423,30,404,39,473
5101501,22,267,15,304
5101502,16,351,6,373
5101503,33,444,57,534
5101504,18,262,10,290
5101505,21,517,29,567
5101506,0,0,0,0
5101507,29,554,15,598
5101508,18,390,42,450
5101509,7,259,8,274
5101510,54,545,27,626
5101511,10,644,41,695
5101512,19,634,62,715
5101513,15,505,41,561
5101514,19,587,37,643
5101515,11,216,39,266
5101516,0,0,0,0
5101601,6,202,9,217
5101602,22,371,6,399
5101603,6,198,12,216
5101604,10,214,10,234
5101605,72,334,19,425
5101606,6,200,6,212
5101607,30,412,15,457
5101608,15,538,26,579
5101609,15,204,4,223
5101610,0,3,0,3
5101611,22,353,32,407
5101612,18,192,9,219
5101701,6,333,0,339
5101702,43,483,28,554
5101703,20,473,7,500
5101704,5,346,7,358
5101705,15,305,13,333
5101706,20,341,13,374
5101707,9,244,4,257
5101708,10,232,4,246
5101709,15,306,6,327
5101710,12,434,31,477
5101711,12,327,10,349
5101712,5,191,11,207
5101713,18,212,9,239
5101714,31,273,6,310
5101715,14,249,3,266
5101716,3,200,12,215
5101717,3,148,6,157
5101718,3,178,15,196
5101719,8,190,8,206
5101801,4,220,18,242
5101802,18,359,13,390
5101803,39,260,10,309
5101804,15,232,15,262
5101805,3,303,20,326
5101806,16,496,14,526
5101807,7,253,9,269
5101808,6,324,9,339
5101809,3,256,7,266
5101810,18,233,0,251
5101811,15,276,18,309
5101812,17,381,37,435
5101813,21,402,29,452
5101814,16,256,3,275
5101815,6,286,3,295
5101816,22,341,12,375
5101901,26,472,25,523
5101902,6,238,9,253
5101903,21,353,18,392
5101904,9,264,9,282
5101905,9,322,12,343
5101906,0,131,3,134
5101907,82,383,16,481
5101908,4,362,9,375
5101909,18,406,0,424
5101910,4,301,15,320
5101911,25,275,15,315
5101912,21,201,19,241
5101913,24,332,34,390
5101914,19,427,10,456
5101915,16,226,30,272
5101916,10,205,5,220
5102001,19,333,17,369
5102002,9,185,0,194
5102003,12,256,11,279
5102004,24,424,46,494
5102005,18,473,21,512
5102006,18,347,11,376
5102007,8,259,15,282
5102008,14,237,19,270
5102009,37,454,9,500
5102010,19,460,12,491
5102011,9,230,12,251
5102012,15,215,3,233
5102013,6,238,5,249
5102014,18,485,20,523
5102101,8,401,20,429
5102102,20,393,44,457
5102103,18,320,24,362
5102104,3,547,14,564
5102105,8,413,28,449
5102106,3,226,22,251
5102107,6,210,6,222
5102108,14,213,6,233
5102109,15,283,4,302
5102110,0,6,0,6
5102111,0,60,3,63
5102112,4,189,7,200
5102113,23,507,39,569
5102114,12,245,3,260
5102115,34,419,52,505
5102116,6,447,31,484
5102117,6,179,0,185
5102201,18,305,16,339
5102202,9,238,12,259
5102203,3,251,17,271
5102204,23,689,43,755
5102205,15,507,49,571
5102206,6,213,9,228
5102207,15,358,16,389
5102208,9,211,6,226
5102209,15,304,18,337
5102210,24,415,37,476
5102211,7,338,14,359
5102212,20,343,17,380
5102213,14,391,27,432
5102214,9,395,21,425
5102215,14,304,7,325
5102216,28,248,19,295
5102217,18,225,25,268
5102218,11,305,18,334
5102219,17,414,15,446
5102220,15,297,14,326
5102301,38,490,37,565
5102302,3,137,3,143
5102303,13,249,6,268
5102304,46,518,31,595
5102305,25,553,74,652
5102306,21,363,25,409
5102307,21,310,42,373
5102308,24,527,36,587
5102309,7,489,15,511
5102310,11,382,27,420
5102311,35,499,29,563
5102312,9,270,21,300
5102313,40,732,33,805
5102314,34,328,23,385
5102315,17,265,28,310
5102316,65,492,19,576
5102317,13,297,21,331
5102318,19,474,30,523
5102319,29,530,37,596
5102320,35,492,25,552
5102321,0,3,0,3
5102322,147,298,25,470
5102401,11,475,46,532
5102402,15,356,43,414
5102403,18,275,9,302
5102404,11,270,9,290
5102405,4,299,6,309
5102406,10,525,23,558
5102407,18,470,12,500
5102408,53,711,21,785
5102409,16,326,24,366
5102410,3,468,24,495
5102411,9,428,17,454
5102412,9,278,15,302
5102413,11,351,22,384
5102414,14,378,17,409
5102415,9,406,15,430
5102416,18,754,15,787
5102417,12,544,17,573
5102418,0,0,0,0
5102419,18,337,23,378
5102420,33,347,30,410
5102421,12,455,23,490
5102422,18,393,32,443
5102423,12,458,24,494
5102424,7,330,13,350
5102425,17,401,25,443
5102426,30,325,45,400
5102427,11,511,25,547
5102428,12,433,31,476
5102429,9,406,44,459
5102430,18,395,33,446
5102431,15,259,10,284
5102432,24,514,31,569
5102433,7,425,56,488
5102434,91,235,19,345
5102435,0,0,0,0
5102436,3,347,15,365
5102437,10,326,34,370
5102438,44,328,54,426
5102439,9,408,19,436
5102440,3,599,30,632
5102501,21,298,31,350
5102502,18,640,142,800
5102503,27,234,18,279
5102504,33,476,55,564
5102505,9,425,37,471
5102506,10,278,24,312
5102507,18,393,44,455
5102508,21,331,27,379
5102509,18,211,12,241
5102510,121,334,49,504
5102511,33,452,29,514
5102512,22,365,34,421
5102513,27,353,18,398
5102514,28,374,16,418
5102515,19,280,28,327
5102516,30,401,43,474
5102517,27,279,19,325
5102518,20,340,33,393
5102519,21,333,22,376
5102520,44,494,20,558
5102521,0,0,0,0
5102601,7,203,13,223
5102602,18,335,17,370
5102603,10,436,57,503
5102604,15,370,38,423
5102605,19,436,48,503
5102606,15,301,26,342
5102607,9,306,12,327
5102608,3,193,4,200
5102609,3,212,7,222
5102610,0,7,0,7
5102611,10,184,12,206
5102612,13,228,18,259
5102613,44,492,31,567
5102614,11,316,15,342
5102615,4,166,30,200
5102616,3,207,9,219
5102701,9,665,101,775
5102702,15,571,40,626
5102703,18,619,50,687
5102704,0,0,0,0
5102705,18,361,22,401
5102706,8,262,19,289
5102707,32,364,40,436
5102708,22,495,22,539
5102709,18,394,43,455
5102710,12,298,0,310
5102711,11,633,38,682
5102712,3,257,10,270
5102713,86,394,65,545
5102714,22,763,56,841
5102715,18,594,108,720
5102716,4,497,50,551
5102717,15,325,20,360
5102718,6,553,69,628
5102719,12,539,42,593
5102720,12,206,21,239
5102721,12,483,26,521
5102722,18,377,25,420
5102723,15,511,14,540
5102724,16,500,40,556
5102725,15,452,27,494
5102801,29,337,22,388
5102802,24,252,33,309
5102803,74,484,85,643
5102804,31,454,65,550
5102805,19,332,56,407
5102806,130,698,38,866
5102807,21,183,15,219
5102808,15,321,34,370
5102809,13,439,39,491
5102810,3,174,15,192
5102811,25,397,19,441
5102812,22,521,18,561
5102813,35,439,31,505
5102814,8,313,16,337
5102815,28,199,10,237
5102816,64,379,27,470
5102817,39,319,54,412
5102818,30,282,18,330
5102819,34,423,12,469
5102820,67,262,25,354
5102821,31,424,33,488
5102822,13,243,7,263
5102901,41,304,15,360
5102902,15,563,24,602
5102903,21,360,43,424
5102904,3,170,14,187
5102905,3,155,12,170
5102906,6,212,6,224
5102907,4,300,40,344
5102908,21,924,40,985
5102909,16,466,21,503
5102910,13,480,46,539
5102911,15,433,31,479
5102912,6,195,21,222
5102913,12,352,34,398
5102914,30,433,48,511
5102915,25,409,25,459
5102916,79,364,26,469
5102917,15,286,7,308
5102918,21,450,43,514
5102919,12,252,12,276
5103001,41,189,13,243
5103002,9,334,0,343
5103003,0,0,0,0
5103004,3,74,3,80
5103005,0,0,0,0
5103006,0,0,0,0
5103007,0,426,34,460
5103008,6,431,31,468
5103009,3,437,21,461
5103010,6,522,24,552
5103011,28,631,11,670
5103012,14,352,26,392
5103013,3,459,10,472
5103014,0,255,10,265
5103015,6,596,17,619
5103016,3,502,16,521
5103017,3,273,17,293
5103018,9,486,23,518
5103101,15,168,27,210
5103102,0,0,0,0
5103103,3,391,33,427
5103104,12,334,30,376
5103105,8,324,39,371
5103106,33,478,101,612
5103107,49,269,13,331
5103108,6,483,38,527
5103109,6,255,5,266
5103110,35,243,19,297
5103111,6,367,43,416
5103112,11,249,21,281
5103113,9,394,3,406
5103114,18,529,38,585
5103115,9,373,18,400
5103116,0,0,0,0
5103117,3,356,36,395
5103118,6,248,103,357
5103119,33,372,18,423
5103120,4,395,31,430
5103121,24,421,40,485
5103201,16,289,39,344
5103202,70,255,18,343
5103203,6,359,18,383
5103204,0,308,27,335
5103205,10,409,22,441
5103206,10,328,12,350
5103207,7,345,59,411
5103208,0,265,22,287
5103209,5,577,64,646
5103210,8,316,36,360
5103211,0,414,71,485
5103212,3,272,35,310
5103213,6,495,44,545
5103214,12,351,40,403
5103215,4,440,85,529
5103216,3,278,38,319
5103217,4,361,28,393
5103218,15,480,21,516
5103301,0,309,12,321
5103302,5,314,6,325
5103303,6,501,32,539
5103304,11,270,20,301
5103305,11,473,10,494
5103306,6,410,9,425
5103307,13,420,9,442
5103308,0,0,0,0
5103309,5,291,0,296
5103310,3,308,9,320
5103311,8,229,3,240
5103312,12,425,18,455
5103313,9,222,6,237
5103314,0,0,0,0
5103315,12,445,9,466
5103316,6,324,0,330
5103317,8,253,4,265
5103318,15,253,3,271
5103319,7,288,15,310
5103320,15,498,15,528
5103321,8,326,12,346
5103322,3,306,12,321
5103401,6,219,51,276
5103402,7,194,3,204
5103403,21,552,49,622
5103404,0,338,11,349
5103405,21,452,14,487
5103406,17,481,12,510
5103407,6,459,21,486
5103408,12,340,27,379
5103409,46,409,11,466
5103410,29,343,4,376
5103411,3,283,12,298
5103412,7,324,15,346
5103413,15,519,35,569
5103414,21,312,44,377
5103415,0,431,55,486
5103416,5,383,8,396
5103417,85,400,16,501
5103418,6,255,18,279
5103419,10,255,12,277
5103420,12,419,37,468
5103421,26,627,80,733
5103422,6,344,22,372
5103423,6,322,13,341
5103424,31,442,42,515
5103501,3,248,15,266
5103502,0,3,0,3
5103503,33,371,15,419
5103504,9,458,63,530
5103505,3,429,24,456
5103506,6,321,18,345
5103507,3,258,3,264
5103508,0,0,0,0
5103509,3,174,19,196
5103510,6,513,40,559
5103511,7,468,14,489
5103512,62,555,49,666
5103513,12,605,6,623
5103514,6,496,24,526
5103515,7,314,0,321
5103516,11,378,6,395
5103517,6,479,6,491
5103518,3,356,12,371
5103519,3,269,31,303
5103520,16,359,12,387
5103521,15,634,47,696
5103522,0,427,13,440
5103523,8,505,24,537
5103524,0,515,26,541
5103525,9,439,30,478
5103526,3,249,13,265
5103527,8,391,13,412
5103528,6,460,37,503
5103529,7,325,4,336
5103530,12,295,22,329
5103531,12,388,18,418
5103532,10,598,28,636
5103533,18,679,17,714
5103534,44,212,87,343
5103535,16,487,6,509
5103536,5,472,7,484
5103537,6,374,19,399
5103538,15,464,16,495
5103539,10,447,14,471
5103540,10,438,26,474
5103541,6,441,9,456
5103601,0,0,0,0
5103602,20,406,24,450
5103603,0,396,18,414
5103604,0,259,4,263
5103605,14,319,15,348
5103606,16,438,10,464
5103607,0,0,7,7
5103608,6,215,12,233
5103609,9,451,33,493
5103610,6,208,6,220
5103611,3,399,7,409
5103612,18,531,18,567
5103613,0,223,13,236
5103614,7,371,15,393
5103615,9,185,6,200
5103616,9,282,9,300
5103617,13,539,10,562
5103618,9,303,6,318
5103619,20,499,18,537
5103620,21,336,9,366
5103621,18,265,65,348
5103622,0,0,0,0
5103623,6,407,16,429
5103624,18,294,25,337
5103625,0,0,0,0
5103701,0,26,6,32
5103801,15,262,12,289
5103802,33,333,39,405
5103803,12,414,64,490
5103804,0,257,36,293
5103805,9,271,22,302
5103806,10,464,76,550
5103807,6,219,22,247
5103808,3,215,35,253
5103809,18,410,39,467
5103810,18,419,12,449
5103811,10,421,29,460
5103812,0,0,0,0
5103813,12,469,28,509
5103814,13,279,12,304
5103815,12,332,12,356
5103816,12,274,3,289
5103817,21,526,17,564
5103818,9,292,6,307
5103819,6,264,9,279
5103820,3,260,44,307
5103821,9,246,9,264
5103822,14,569,35,618
5103823,7,260,9,276
5103824,18,378,17,413
5103825,3,264,18,285
5103826,6,562,47,615
5103827,4,298,18,320
5103828,15,359,24,398
5103901,8,223,14,245
5103902,12,419,25,456
5103903,9,368,15,392
5103904,0,0,0,0
5103905,18,366,33,417
5103906,8,302,16,326
5103907,7,393,7,407
5103908,19,482,41,542
5103909,4,274,44,322
5103910,11,496,26,533
5103911,15,330,28,373
5103912,8,353,37,398
5103913,3,314,24,341
5103914,5,422,21,448
5103915,50,221,8,279
5103916,12,396,24,432
5103917,8,442,16,466
5103918,6,476,22,504
5103919,3,446,38,487
5103920,10,430,21,461
5103921,0,435,30,465
5103922,15,507,18,540
5103923,12,445,111,568
5103924,49,432,50,531
5103925,16,418,49,483
5103926,5,244,21,270
5103927,10,321,39,370
5103928,15,438,9,462
5103929,9,522,53,584
5103930,15,527,28,570
5103931,4,303,24,331
5103932,7,432,35,474
5103933,32,447,18,497
5103934,3,331,24,358
5103935,82,396,28,506
5103936,3,328,13,344
5103937,10,331,15,356
5103938,4,310,26,340
5103939,9,299,19,327
5104001,18,358,21,397
5104002,23,398,38,459
5104003,12,439,30,481
5104004,6,286,11,303
5104005,12,434,20,466
5104006,9,543,25,577
5104007,16,445,18,479
5104008,4,276,28,308
5104009,9,386,27,422
5104010,65,363,38,466
5104011,25,427,29,481
5104012,12,219,9,240
5104013,12,376,15,403
5104014,18,336,18,372
5104015,19,302,36,357
5104016,92,196,8,296
5104017,7,409,51,467
5104018,12,292,22,326
5104019,13,332,52,397
5104020,16,305,27,348
5104021,77,376,42,495
5104101,15,594,57,666
5104102,0,409,85,494
5104103,3,424,42,469
5104104,38,354,67,459
5104105,27,402,56,485
5104106,19,322,99,440
5104107,0,349,103,452
5104108,3,958,139,1100
5104109,9,557,115,681
5104110,9,591,194,794
5104111,24,885,294,1203
5104112,12,1313,313,1638
5104113,3,411,33,447
5104114,0,339,31,370
5104115,0,247,58,305
5104116,12,254,37,303
5104117,0,197,66,263
5104118,4,152,21,177
5104119,10,253,29,292
5104120,20,513,60,593
5104121,10,687,108,805
5104122,10,453,44,507
5104123,46,427,54,527
5104124,62,300,68,430
5104125,16,277,81,374
5104126,6,673,100,779
5104127,14,356,82,452
5104128,7,435,89,531
5104129,10,547,51,608
5104130,21,523,45,589
5104131,24,555,111,690
5104132,12,372,42,426
5104133,0,376,52,428
5104134,15,494,55,564
5104135,3,431,79,513
5104136,6,636,69,711
5104137,18,538,69,625
5104138,0,167,54,221
5104139,3,301,81,385
5104140,3,248,59,310
5104141,16,554,122,692
5104142,21,525,101,647
5104143,48,342,45,435
5104144,15,604,102,721
5104145,11,339,134,484
5104146,6,333,85,424
5104201,3,406,25,434
5104202,13,362,21,396
5104203,6,517,101,624
5104204,40,653,33,726
5104205,24,425,27,476
5104206,27,455,13,495
5104207,6,343,18,367
5104208,19,584,32,635
5104209,36,343,11,390
5104210,3,385,12,400
5104211,0,311,16,327
5104212,17,325,39,381
5104213,12,365,21,398
5104214,10,283,26,319
5104215,6,411,17,434
5104216,15,335,20,370
5104217,12,423,3,438
5104218,12,201,0,213
5104219,6,392,43,441
5104220,4,354,20,378
5104221,9,420,28,457
5104222,9,383,24,416
5104223,9,540,12,561
5104224,7,367,27,401
5104225,0,386,28,414
5104226,66,333,28,427
5104227,107,15,7,129
5104228,6,239,18,263
5104229,7,285,31,323
5104230,15,362,21,398
5104231,47,435,46,528
5104232,3,249,26,278
5104233,5,518,61,584
5104234,0,397,25,422
5104235,3,268,30,301
5104236,30,427,61,518
5104301,8,250,7,265
5104302,9,568,133,710
5104303,14,341,30,385
5104304,84,340,42,466
5104305,25,282,70,377
5104306,10,448,31,489
5104307,6,214,28,248
5104308,15,357,17,389
5104309,0,0,0,0
5104310,74,383,26,483
5104311,0,0,0,0
5104312,6,533,84,623
5104313,8,462,113,583
5104314,12,373,33,418
5104315,4,253,29,286
5104316,8,537,30,575
5104317,9,485,50,544
5104318,5,313,6,324
5104319,7,480,15,502
5104320,47,399,12,458
5104321,13,394,3,410
5104322,9,362,12,383
5104323,12,495,15,522
5104324,131,385,25,541
5104325,18,420,18,456
5104326,0,340,9,349
5104327,3,345,8,356
5104328,6,418,6,430
5104329,11,526,30,567
5104330,12,533,25,570
5104331,0,518,6,524
5104332,29,331,41,401
5104333,29,360,3,392
5104334,0,435,13,448
5104335,12,386,64,462
5104336,9,300,16,325
5104337,7,485,55,547
5104338,9,297,31,337
5104339,12,377,16,405
5104401,21,269,6,296
5104402,12,373,18,403
5104403,4,245,0,249
5104404,21,411,30,462
5104405,33,397,24,454
5104406,22,312,25,359
5104407,13,451,18,482
5104408,19,446,24,489
5104409,12,309,9,330
5104410,18,255,14,287
5104411,15,441,10,466
5104412,6,292,15,313
5104413,17,308,31,356
5104414,24,374,19,417
5104415,25,592,50,667
5104416,9,415,9,433
5104417,9,317,27,353
5104418,4,346,41,391
5104419,19,460,49,528
5104420,12,298,29,339
5104421,12,510,36,558
5104422,20,492,19,531
5104423,24,522,18,564
5104424,32,273,21,326
5104425,15,285,12,312
5104426,32,440,50,522
5104427,22,288,18,328
5104428,18,378,16,412
5104429,30,542,18,590
5104430,27,307,18,352
5104431,9,327,24,360
5104432,0,4,0,4
5104433,18,597,23,638
5104434,0,0,0,0
5104435,75,294,17,386
5104436,12,225,12,249
5104437,10,179,27,216
5104501,6,314,18,338
5104502,6,258,16,280
5104503,18,449,22,489
5104504,13,363,30,406
5104505,32,467,22,521
5104506,17,317,12,346
5104507,12,322,14,348
5104508,13,260,4,277
5104509,14,382,12,408
5104510,24,238,44,306
5104511,13,546,35,594
5104512,0,34,0,34
5104513,14,426,9,449
5104514,15,386,7,408
5104515,13,366,43,422
5104516,10,388,20,418
5104517,22,497,13,532
5104518,3,250,14,267
5104519,0,0,0,0
5104520,135,505,36,676
5104521,6,298,17,321
5104522,13,251,12,276
5104523,15,235,18,268
5104524,79,462,18,559
5104525,6,428,15,449
5104526,7,613,21,641
5104527,94,232,37,363
5104528,15,446,14,475
5104529,9,276,37,322
5104530,23,499,24,546
5104531,9,316,15,340
5104532,6,434,12,452
5104533,86,336,25,447
5104534,13,475,0,488
5104535,12,296,15,323
5104536,33,264,11,308
5104537,25,498,17,540
5104538,85,243,18,346
5104539,3,351,12,366
5104540,12,374,20,406
5104541,9,414,69,492
5104542,12,375,37,424
5104543,15,422,18,455
5104544,21,399,9,429
5104545,3,298,17,318
5104546,18,430,37,485
5104547,15,382,22,419
5104548,21,306,38,365
5104549,5,594,107,706
5104550,16,395,31,442
5104551,12,322,17,351
5104552,4,230,19,253
5104553,14,261,28,303
5104601,9,238,31,278
5104602,15,534,46,595
5104603,15,263,7,285
5104604,7,327,29,363
5104605,10,463,45,518
5104606,0,411,20,431
5104607,0,315,21,336
5104608,0,3,0,3
5104609,10,488,42,540
5104610,124,341,56,521
5104611,18,291,52,361
5104612,5,319,35,359
5104613,18,360,27,405
5104614,4,483,61,548
5104615,8,368,51,427
5104616,20,498,29,547
5104617,11,370,30,411
5104618,15,356,40,411
5104619,8,289,47,344
5104620,11,316,32,359
5104621,12,547,56,615
5104622,21,508,83,612
5104623,30,540,86,656
5104624,12,333,28,373
5104625,9,405,62,476
5104626,17,499,47,563
5104627,15,437,42,494
5104628,3,475,42,520
5104701,17,418,27,462
5104702,9,398,14,421
5104703,18,371,10,399
5104704,14,381,14,409
5104705,17,439,40,496
5104706,21,402,24,447
5104707,31,414,20,465
5104708,22,384,20,426
5104709,13,585,20,618
5104710,21,287,11,319
5104711,17,440,19,476
5104712,24,431,23,478
5104713,15,468,59,542
5104714,23,313,9,345
5104715,0,0,0,0
5104716,33,346,30,409
5104717,29,457,27,513
5104718,18,395,9,422
5104719,12,219,9,240
5104720,13,336,9,358
5104721,22,354,35,411
5104722,20,389,16,425
5104723,22,423,21,466
5104724,20,320,24,364
5104725,18,353,14,385
5104726,24,508,31,563
5104727,26,544,35,605
5104728,14,415,16,445
5104729,8,484,59,551
5104730,9,337,12,358
5104731,23,255,14,292
5104732,21,502,20,543
5104733,15,577,35,627
5104734,10,383,12,405
5104735,23,582,30,635
5104736,12,409,15,436
5104737,15,476,12,503
5104738,23,551,31,605
5104739,27,485,19,531
5104740,21,375,21,417
5104741,36,513,36,585
5104742,16,417,10,443
5104743,13,552,22,587
5104744,57,409,6,472
5104745,3,366,35,404
5104801,0,0,0,0
5104802,22,526,45,593
5104803,66,358,24,448
5104804,12,334,9,355
5104805,4,360,7,371
5104806,27,457,3,487
5104807,18,511,22,551
5104808,19,468,4,491
5104809,15,476,13,504
5104810,24,293,9,326
5104811,15,457,12,484
5104812,24,408,9,441
5104813,13,222,0,235
5104814,4,277,6,287
5104815,17,446,21,484
5104816,15,331,3,349
5104817,13,428,24,465
5104818,0,268,3,271
5104819,14,337,18,369
5104820,6,263,11,280
5104821,9,256,12,277
5104901,12,295,34,341
5104902,9,295,9,313
5104903,0,163,3,166
5104904,26,321,5,352
5104905,0,65,1386,1451
5104906,18,284,18,320
5104907,18,388,9,415
5104908,0,331,9,340
5104909,0,51,12,63
5104910,12,180,22,214
5104911,3,40,3,46
5105001,13,294,9,316
5105002,9,277,42,328
5105003,0,0,0,0
5105004,9,344,12,365
5105005,3,349,9,361
5105006,3,417,6,426
5105007,15,274,31,320
5105008,12,319,6,337
5105009,10,281,6,297
5105010,6,416,21,443
5105011,3,291,15,309
5105012,7,304,16,327
5105013,10,501,19,530
5105014,3,296,11,310
5105015,10,538,17,565
5105016,6,223,3,232
5105017,3,163,3,169
5105018,6,433,57,496
5105019,14,279,33,326
5105020,10,509,63,582
5105101,5,270,16,291
5105102,3,767,33,803
5105103,4,268,23,295
5105104,27,396,61,484
5105105,19,450,53,522
5105106,26,340,27,393
5105107,12,322,13,347
5105108,18,410,13,441
5105109,6,322,18,346
5105110,29,697,21,747
5105201,6,12,4,22
5105301,9,340,39,388
5105302,0,273,7,280
5105303,12,549,13,574
5105304,12,452,24,488
5105305,25,553,19,597
5105306,6,139,12,157
5105307,9,196,28,233
5105308,12,412,26,450
5105309,16,231,10,257
5105310,6,256,25,287
5105311,6,301,0,307
5105312,9,400,15,424
5105313,12,197,6,215
5105314,15,502,18,535
5105315,0,34,9,43
5105316,4,380,13,397
5105317,11,448,22,481
5105318,3,283,5,291
5105319,9,277,30,316
5105320,10,302,6,318
5105321,6,360,9,375
5105322,11,363,31,405
5105323,12,371,18,401
5105324,0,481,24,505
5105325,4,318,24,346
5105326,3,212,43,258
5105327,18,175,18,211
5105328,3,240,32,275
5105329,5,375,11,391
5105330,0,187,16,203
5105331,14,310,18,342
5105332,0,9,0,9
5105333,3,171,10,184
5105334,12,313,21,346
5105335,11,455,34,500
5105336,0,208,18,226
5105337,39,295,50,384
5105338,18,233,8,259
5105401,12,306,9,327
5105402,23,196,14,233
5105403,12,433,43,488
5105404,21,421,19,461
5105405,12,254,13,279
5105406,15,176,9,200
5105407,13,536,25,574
5105408,13,447,16,476
5105409,10,405,11,426
5105410,28,179,19,226
5105411,13,371,11,395
5105412,17,215,20,252
5105413,18,349,34,401
5105414,4,209,12,225
5105415,16,489,36,541
5105416,18,384,29,431
5105417,12,278,32,322
5105418,7,232,12,251
5105419,19,403,18,440
5105420,6,365,27,398
5105421,101,344,28,473
5105422,15,360,12,387
5105423,21,447,7,475
5105424,7,265,16,288
5105425,6,393,17,416
5105426,16,403,22,441
5105427,20,467,22,509
5105428,21,445,35,501
5105429,8,227,65,300
5105430,7,292,19,318
5105431,27,179,12,218
5105432,18,285,22,325
5105501,0,0,0,0
5105601,15,182,10,207
5105602,3,305,33,341
5105603,10,297,4,311
5105604,6,224,12,242
5105605,24,371,14,409
5105606,25,233,13,271
5105607,9,462,34,505
5105608,6,540,28,574
5105609,21,214,6,241
5105610,9,332,29,370
5105611,12,270,15,297
5105612,10,257,14,281
5105613,8,495,32,535
5105614,7,388,26,421
5105615,6,281,17,304
5105616,15,386,18,419
5105617,9,356,10,375
5105618,6,387,15,408
5105619,15,536,25,576
5105620,3,369,14,386
5105621,7,315,12,334
5105622,16,388,7,411
5105623,15,410,3,428
5105624,6,256,12,274
5105625,12,445,21,478
5105626,11,394,38,443
5105627,6,384,6,396
5105628,14,487,16,517
5105629,24,369,42,435
5105630,15,285,42,342
5105631,6,384,15,405
5105632,6,117,7,130
5105633,27,370,12,409
5105634,6,334,8,348
5105635,6,361,3,370
5105636,4,323,15,342
5105637,17,516,29,562
5105638,9,304,7,320
5105639,14,336,6,356
5105640,15,307,24,346
5105641,10,524,20,554
5105642,15,344,16,375
5105643,7,292,15,314
5105644,0,217,6,223
5105645,21,367,27,415
5105646,15,592,42,649
5105647,16,321,19,356
5105648,12,442,22,476
5105649,12,244,0,256
5105650,0,0,0,0
5105651,6,328,6,340
5105701,12,222,11,245
5105702,15,446,35,496
5105703,18,416,15,449
5105704,3,411,17,431
5105705,13,647,42,702
5105706,16,754,50,820
5105707,9,344,18,371
5105708,24,517,42,583
5105709,0,0,0,0
5105710,10,462,25,497
5105711,0,240,20,260
5105712,3,275,7,285
5105713,8,324,20,352
5105714,14,576,36,626
5105715,28,402,23,453
5105716,12,431,12,455
5105717,19,411,38,468
5105718,16,402,44,462
5105719,18,452,24,494
5105720,22,460,33,515
5105721,16,274,21,311
5105722,23,361,12,396
5105723,30,474,18,522
5105724,13,511,39,563
5105725,12,476,46,534
5105726,24,799,53,876
5105727,33,500,22,555
5105728,18,238,6,262
5105729,30,538,22,590
5105730,15,374,36,425
5105731,6,138,229,373
5105732,23,312,45,380
5105733,12,405,41,458
5105801,0,5,0,5
5105802,24,346,9,379
5105803,24,601,37,662
5105804,3,206,6,215
5105805,8,187,18,213
5105806,6,135,30,171
5105807,7,177,14,198
5105808,9,354,28,391
5105809,15,513,22,550
5105810,17,385,7,409
5105811,8,402,43,453
5105812,9,245,16,270
5105813,9,376,30,415
5105901,7,879,53,939
5105902,9,472,9,490
5105903,12,622,18,652
5105904,7,789,37,833
5105905,9,299,12,320
5105906,9,267,6,282
5105907,0,0,0,0
5105908,3,80,3,86
5105909,18,401,28,447
5105910,99,375,15,489
5105911,0,101,3,104
5105912,6,250,22,278
5105913,8,301,14,323
5105914,9,241,12,262
5105915,12,409,19,440
5105916,4,257,9,270
5105917,18,330,7,355
5105918,8,354,14,376
5105919,4,330,9,343
5105920,20,508,27,555
5105921,6,273,20,299
5105922,15,387,28,430
5105923,4,503,34,541
5105924,4,543,3,550
5105925,4,226,0,230
5105926,12,466,28,506
5105927,0,282,9,291
5105928,7,180,0,187
5105929,4,215,19,238
5105930,4,267,0,271
5105931,9,685,86,780
5105932,12,411,41,464
5105933,12,446,33,491
5105934,6,385,61,452
5105935,18,125,9,152
5105936,0,252,10,262
5105937,3,673,30,706
5105938,4,373,8,385
5105939,3,241,3,247
5105940,4,430,13,447
5105941,10,441,8,459
5105942,6,362,12,380
5105943,7,377,26,410
5105944,3,326,33,362
5105945,4,388,27,419
5105946,16,411,31,458
5105947,12,179,3,194
5105948,3,314,9,326
5105949,7,498,11,516
5105950,6,600,32,638
5105951,0,0,0,0
5105952,10,296,25,331
5105953,16,478,45,539
5105954,9,354,15,378
5105955,6,226,9,241
5105956,5,511,23,539
5105957,9,330,10,349
5105958,12,679,28,719
5105959,4,349,0,353
5106001,6,215,13,234
5106002,3,280,15,298
5106003,3,197,24,224
5106004,9,290,24,323
5106005,15,446,42,503
5106006,3,308,21,332
5106007,3,234,25,262
5106008,4,337,18,359
5106101,15,341,15,371
5106102,21,706,68,795
5106103,0,3,0,3
5106104,10,243,17,270
5106105,8,589,55,652
5106106,0,0,0,0
5106107,17,461,26,504
5106108,18,371,27,416
5106109,0,402,12,414
5106110,8,187,4,199
5106201,13,295,19,327
5106202,3,232,21,256
5106203,7,317,22,346
5106204,15,406,6,427
5106205,15,440,44,499
5106206,8,280,4,292
5106207,27,285,15,327
5106208,19,234,28,281
5106209,15,463,27,505
5106210,12,277,22,311
5106211,6,277,37,320
5106212,22,368,23,413
5106213,15,354,6,375
5106214,15,256,8,279
5106215,38,537,45,620
5106216,21,548,13,582
5106217,14,631,13,658
5106218,37,402,12,451
5106219,0,199,12,211
5106220,28,504,21,553
5106301,0,13,0,13
5106401,0,4,0,4
5106501,6,15,3,24
5106502,18,331,21,370
5106503,9,305,41,355
5106504,10,273,29,312
5106505,18,434,89,541
5106506,13,203,110,326
5106507,16,283,30,329
5106508,25,521,40,586
5106509,37,353,37,427
5106510,3,93,19,115
5106511,18,390,27,435
5106512,20,468,40,528
5106513,35,539,32,606
5106514,0,220,28,248
5106601,23,329,48,400
5106602,23,198,45,266
5106603,102,358,59,519
5106604,33,371,22,426
5106605,26,375,143,544
5106606,17,370,15,402
5106607,21,395,34,450
5106608,33,635,69,737
5106609,83,441,89,613
5106610,89,137,9,235
5106611,28,223,6,257
5106612,16,564,85,665
5106613,36,344,34,414
5106614,13,312,47,372
5106615,128,524,27,679
5106616,6,240,15,261
5106617,6,56,14,76
5106618,3,168,50,221
5106619,29,366,70,465
5106620,29,413,23,465
5106621,15,615,44,674
5106622,15,416,18,449
5106701,19,534,27,580
5106702,12,334,57,403
5106703,10,283,19,312
5106704,19,421,16,456
5106705,15,408,5,428
5106706,9,262,18,289
5106707,3,209,6,218
5106708,9,380,9,398
5106709,18,460,21,499
5106710,3,92,3,98
5106711,0,364,39,403
5106712,0,369,33,402
5106713,17,373,23,413
5106714,12,247,16,275
5106715,17,380,52,449
5106716,17,571,18,606
5106717,9,240,3,252
5106718,0,0,0,0
5106719,0,0,0,0
5106720,17,224,6,247
5106801,3,208,9,220
5106802,0,261,18,279
5106803,6,265,27,298
5106804,3,392,21,416
5106805,3,328,12,343
5106806,9,712,16,737
5106807,19,461,24,504
5106808,7,266,6,279
5106809,18,615,21,654
5106810,9,173,16,198
5106811,6,342,15,363
5106812,6,246,15,267
5106813,3,443,9,455
5106814,15,354,24,393
5106901,0,0,0,0
5107001,9,201,17,227
5107002,12,410,10,432
5107003,0,241,4,245
5107004,12,364,12,388
5107005,13,450,26,489
5107006,15,379,15,409
5107007,18,522,26,566
5107008,32,525,28,585
5107009,4,305,31,340
5107010,6,266,26,298
5107011,14,301,13,328
5107012,12,367,14,393
5107013,0,305,15,320
5107014,26,571,30,627
5107015,21,596,30,647
5107016,10,510,24,544
5107017,12,401,7,420
5107018,13,506,26,545
5107019,6,263,16,285
5107020,0,429,34,463
5107021,15,334,24,373
5107022,13,360,16,389
5107023,0,0,0,0
5107024,15,218,12,245
5107101,9,408,7,424
5107102,6,413,3,422
5107103,15,364,3,382
5107104,9,332,3,344
5107105,9,516,15,540
5107106,43,182,0,225
5107107,15,423,33,471
5107108,9,344,6,359
5107109,3,248,15,266
5107110,9,452,10,471
5107111,3,302,9,314
5107112,10,383,14,407
5107113,7,398,15,420
5107114,10,482,3,495
5107115,7,331,18,356
5107116,19,590,13,622
5107117,14,481,17,512
5107118,9,622,20,651
5107119,6,361,9,376
5107120,11,339,8,358
5107121,6,313,8,327
5107122,9,421,15,445
5107123,0,531,22,553
5107124,18,544,6,568
5107125,0,0,0,0
5107126,6,379,9,394
5107127,12,414,0,426
5107128,3,343,8,354
5107129,5,375,13,393
5107130,3,300,12,315
5107131,12,235,3,250
5107132,8,412,9,429
5107133,0,28,6,34
5107134,4,477,6,487
5107135,0,532,17,549
5107201,9,236,3,248
5107202,3,202,6,211
5107203,9,263,12,284
5107204,12,575,5,592
5107205,9,675,14,698
5107206,9,525,11,545
5107207,15,424,18,457
5107208,12,328,4,344
5107209,26,340,15,381
5107210,15,391,9,415
5107211,0,236,12,248
5107212,6,421,6,433
5107213,15,546,3,564
5107214,119,464,16,599
5107215,12,657,9,678
5107216,13,575,15,603
5107217,10,482,10,502
5107218,3,387,6,396
5107219,7,464,13,484
5107220,12,436,15,463
5107221,9,210,3,222
5107222,0,272,4,276
5107223,15,492,11,518
5107224,12,480,17,509
5107225,3,400,18,421
5107226,15,471,14,500
5107227,13,424,15,452
5107228,12,549,15,576
5107229,4,254,7,265
5107230,6,249,12,267
5107231,6,533,24,563
5107232,18,473,23,514
5107233,15,416,5,436
5107234,9,339,9,357
5107301,18,437,9,464
5107302,7,384,13,404
5107303,15,372,18,405
5107304,9,457,15,481
5107305,12,400,33,445
5107306,3,231,9,243
5107307,6,321,9,336
5107308,10,511,14,535
5107309,9,291,12,312
5107310,12,546,16,574
5107311,9,495,42,546
5107312,6,231,0,237
5107313,4,224,3,231
5107314,18,445,18,481
5107315,0,354,10,364
5107316,8,342,7,357
5107317,17,480,20,517
5107318,8,314,5,327
5107319,90,454,15,559
5107320,6,414,15,435
5107321,17,556,15,588
5107322,9,207,15,231
5107323,9,356,21,386
5107324,7,348,3,358
5107325,6,271,6,283
5107326,10,342,14,366
5107327,9,359,4,372
5107328,4,340,3,347
5107329,6,303,10,319
5107330,7,265,15,287
5107331,12,434,3,449
5107332,9,300,9,318
5107333,0,0,0,0
5107334,13,288,22,323
5107335,15,507,19,541
5107401,14,386,12,412
5107402,0,503,22,525
5107403,16,483,15,514
5107404,10,638,18,666
5107405,7,504,27,538
5107406,0,371,20,391
5107407,5,293,3,301
5107408,17,399,20,436
5107409,9,501,45,555
5107410,21,304,15,340
5107411,9,391,21,421
5107412,23,628,65,716
5107413,16,351,15,382
5107414,16,552,20,588
5107415,15,450,16,481
5107416,19,671,30,720
5107417,12,457,33,502
5107418,15,390,18,423
5107419,15,498,15,528
5107420,6,420,14,440
5107421,11,512,17,540
5107501,6,585,15,606
5107502,6,361,17,384
5107503,12,346,9,367
5107504,6,502,23,531
5107505,0,290,21,311
5107506,15,548,33,596
5107507,10,272,21,303
5107508,10,338,27,375
5107509,7,386,11,404
5107510,18,636,15,669
5107511,4,502,10,516
5107512,0,467,39,506
5107513,10,533,24,567
5107514,8,434,7,449
5107515,13,500,25,538
5107516,7,402,12,421
5107517,0,236,6,242
5107518,6,457,6,469
5107519,0,224,12,236
5107520,15,703,21,739
5107521,5,424,27,456
5107522,3,502,14,519
5107523,8,447,12,467
5107601,6,335,3,344
5107602,12,392,4,408
5107603,6,460,15,481
5107604,6,403,12,421
5107605,12,1152,27,1191
5107606,3,238,3,244
5107607,6,282,0,288
5107608,12,575,18,605
5107609,9,556,18,583
5107610,16,1564,25,1605
5107701,0,9,0,9
5107702,5,269,12,286
5107703,6,395,12,413
5107704,23,420,84,527
5107705,54,251,56,361
5107706,7,367,10,384
5107707,3,336,6,345
5107708,11,502,19,532
5107709,6,209,9,224
5107710,13,383,27,423
5107711,7,318,15,340
5107712,30,408,4,442
5107713,6,442,64,512
5107714,5,494,67,566
5107715,3,360,30,393
5107716,0,0,3,3
5107717,15,262,25,302
5107718,6,269,6,281
5107719,3,576,73,652
5107720,13,425,22,460
5107721,12,502,21,535
5107722,16,416,18,450
5107723,12,528,12,552
5107724,15,437,12,464
5107725,21,378,18,417
5107726,53,287,6,346
5107727,18,477,15,510
5107728,9,322,12,343
5107729,0,327,21,348
5107730,6,340,15,361
5107731,10,423,23,456
5107732,93,424,28,545
5107733,0,0,0,0
5107734,0,0,0,0
5107735,12,337,12,361
5107736,10,573,9,592
5107801,28,496,18,542
5107802,6,325,6,337
5107803,18,425,21,464
5107804,19,441,12,472
5107805,9,418,13,440
5107806,15,312,3,330
5107807,3,444,15,462
5107808,18,517,18,553
5107809,3,293,6,302
5107810,10,196,3,209
5107811,10,551,16,577
5107812,3,526,7,536
5107813,0,311,5,316
5107814,6,246,9,261
5107815,9,382,14,405
5107816,27,340,67,434
5107817,9,435,12,456
5107818,17,431,3,451
5107819,6,371,3,380
5107820,3,230,12,245
5107821,6,480,29,515
5107822,15,277,18,310
5107823,15,553,15,583
5107824,18,419,12,449
5107825,6,321,12,339
5107826,0,3,6,9
5107827,6,305,10,321
5107828,5,239,6,250
5107829,16,416,3,435
5107830,3,380,12,395
5107831,46,234,9,289
5107832,0,0,0,0
5107833,112,479,79,670
5107834,10,157,107,274
5107835,9,192,15,216
5107901,3,430,10,443
5107902,6,488,23,517
5107903,3,206,9,218
5107904,49,496,36,581
5107905,12,507,13,532
5107906,9,598,16,623
5107907,9,345,18,372
5107908,6,526,15,547
5107909,4,424,21,449
5107910,9,420,13,442
5107911,15,370,29,414
5107912,9,448,7,464
5107913,18,440,37,495
5107914,0,0,0,0
5107915,9,398,40,447
5107916,3,277,5,285
5107917,0,367,24,391
5107918,13,290,15,318
5107919,3,265,9,277
5107920,6,238,3,247
5107921,6,499,11,516
5107922,12,354,12,378
5107923,0,393,21,414
5107924,0,0,0,0
5107925,12,499,30,541
5107926,10,478,21,509
5107927,12,523,41,576
5108001,15,374,9,398
5108002,12,321,10,343
5108003,10,381,11,402
5108004,6,177,3,186
5108005,15,419,16,450
5108006,6,299,0,305
5108007,9,433,7,449
5108008,10,364,6,380
5108009,6,231,19,256
5108010,6,318,30,354
5108011,3,372,9,384
5108012,7,289,8,304
5108013,3,260,9,272
5108014,10,568,45,623
5108015,9,275,0,284
5108016,0,0,0,0
5108017,9,317,6,332
5108018,12,256,22,290
5108019,21,458,26,505
5108020,12,370,7,389
5108021,6,380,10,396
5108022,11,410,23,444
5108023,12,345,7,364
5108101,6,336,20,362
5108102,12,367,13,392
5108103,12,412,15,439
5108104,0,0,0,0
5108105,5,257,14,276
5108106,9,375,31,415
5108107,6,483,13,502
5108108,18,358,12,388
5108109,9,305,12,326
5108110,4,307,27,338
5108111,8,323,46,377
5108112,9,350,51,410
5108113,15,259,24,298
5108114,16,457,15,488
5108115,12,432,15,459
5108116,0,0,0,0
5108117,18,433,24,475
5108118,15,296,12,323
5108119,13,347,9,369
5108120,12,253,9,274
5108121,21,467,12,500
5108122,11,216,10,237
5108123,12,424,20,456
5108124,6,258,12,276
5108201,6,324,6,336
5108202,6,339,32,377
5108203,0,328,24,352
5108204,9,310,9,328
5108205,6,276,3,285
5108206,4,402,42,448
5108207,13,396,14,423
5108208,6,235,10,251
5108209,27,490,22,539
5108210,6,270,3,279
5108211,9,524,13,546
5108212,3,377,12,392
5108213,0,266,3,269
5108214,4,301,10,315
5108215,10,383,6,399
5108216,9,286,9,304
5108217,3,371,3,377
5108218,11,366,14,391
5108219,15,399,40,454
5108220,6,360,13,379
5108221,3,271,48,322
5108222,3,354,9,366
5108223,3,443,33,479
5108224,7,408,37,452
5108225,9,427,45,481
5108301,18,362,9,389
5108302,3,515,27,545
5108303,12,395,15,422
5108304,6,378,15,399
5108305,0,430,23,453
5108306,15,289,6,310
5108307,12,275,3,290
5108308,4,306,4,314
5108309,0,0,0,0
5108310,3,399,7,409
5108311,6,284,6,296
5108312,6,306,15,327
5108313,9,218,7,234
5108314,9,527,16,552
5108315,0,236,8,244
5108316,4,208,7,219
5108317,0,425,20,445
5108318,9,328,0,337
5108319,0,286,0,286
5108320,30,227,17,274
5108321,15,370,18,403
5108322,6,463,3,472
5108323,3,297,18,318
5108324,6,201,3,210
5108325,12,453,26,491
5108326,0,15,0,15
5108327,12,272,16,300
5108328,0,0,0,0
5108329,0,0,0,0
5108330,0,0,0,0
5108331,5,242,11,258
5108401,18,437,13,468
5108402,15,416,9,440
5108403,35,466,14,515
5108404,11,410,18,439
5108405,7,516,36,559
5108406,6,286,8,300
5108407,3,225,12,240
5108408,3,234,5,242
5108409,10,351,8,369
5108410,15,330,3,348
5108411,17,336,4,357
5108412,85,586,50,721
5108413,9,280,25,314
5108414,20,407,49,476
5108415,0,382,8,390
5108416,22,398,9,429
5108417,15,327,18,360
5108418,9,501,17,527
5108419,10,315,15,340
5108420,15,381,18,414
5108421,22,500,14,536
5108422,3,3,0,6
5108423,15,272,13,300
5108424,13,258,9,280
5108425,15,302,21,338
5108426,12,286,19,317
5108427,25,329,4,358
5108428,24,392,34,450
5108429,113,410,24,547
5108430,25,359,9,393
5108431,19,389,15,423
5108432,21,347,18,386
5108433,24,384,43,451
5108434,45,443,80,568
5108435,38,350,39,427
5108436,19,354,31,404
5108437,31,493,28,552
5108501,36,435,36,507
5108502,9,383,27,419
5108503,30,415,40,485
5108504,20,343,27,390
5108505,6,275,56,337
5108506,24,483,71,578
5108507,19,472,41,532
5108508,22,470,50,542
5108509,35,438,48,521
5108510,28,374,17,419
5108511,15,337,36,388
5108512,14,331,25,370
5108513,24,497,62,583
5108514,26,318,24,368
5108515,23,308,37,368
5108516,21,448,66,535
5108517,15,337,67,419
5108518,10,272,48,330
5108519,16,343,59,418
5108520,13,447,66,526
5108521,29,466,45,540
5108522,9,267,26,302
5108523,29,466,68,563
5108524,29,490,59,578
5108525,18,260,27,305
5108526,27,446,57,530
5108527,6,321,37,364
5108528,12,271,39,322
5108529,26,360,61,447
5108530,12,276,48,336
5108531,28,446,94,568
5108532,8,280,8,296
5108533,0,0,0,0
5108534,0,0,0,0
5108535,25,458,67,550
5108536,6,248,15,269
5108537,24,463,47,534
5108538,0,0,0,0
5108539,19,489,34,542
5108540,12,296,21,329
5108541,24,404,30,458
5108542,29,392,26,447
5108543,18,344,46,408
5108544,15,268,32,315
5108601,6,94,15,115
5108602,27,438,18,483
5108603,7,265,17,289
5108604,9,240,3,252
5108605,20,452,78,550
5108606,9,316,39,364
5108607,15,386,23,424
5108608,13,361,25,399
5108609,35,420,23,478
5108610,4,268,21,293
5108611,16,219,9,244
5108612,10,407,12,429
5108613,8,360,14,382
5108614,23,499,30,552
5108615,34,409,16,459
5108616,25,599,16,640
5108617,23,507,24,554
5108618,41,409,24,474
5108619,18,249,4,271
5108620,0,0,0,0
5108621,20,415,9,444
5108622,24,419,18,461
5108623,19,457,21,497
5108624,11,372,32,415
5108625,15,342,15,372
5108626,15,406,25,446
5108627,11,238,4,253
5108628,7,244,19,270
5108629,12,409,29,450
5108630,11,411,22,444
5108631,15,379,37,431
5108632,26,503,21,550
5108633,15,315,18,348
5108634,18,434,14,466
5108635,17,422,18,457
5108636,19,339,17,375
5108637,20,331,13,364
5108638,12,281,3,296
5108639,7,278,6,291
5108640,23,444,10,477
5108641,18,434,29,481
5108642,28,557,66,651
5108643,28,309,31,368
5108644,9,237,3,249
5108645,18,416,27,461
5108646,21,487,21,529
5108647,8,271,13,292
5108648,19,504,6,529
5108649,6,246,21,273
5108650,83,454,42,579
5108651,18,423,12,453
5108652,12,303,12,327
5108653,19,411,21,451
5108654,6,322,9,337
5108655,8,340,3,351
5108656,3,330,15,348
5108657,9,389,6,404
5108658,0,0,0,0
5108659,3,281,8,292
5108701,0,3,0,3
5108801,21,384,30,435
5108802,0,25,0,25
5108803,4,392,11,407
5108804,14,298,64,376
5108805,3,304,20,327
5108806,6,350,14,370
5108807,6,246,15,267
5108808,13,274,63,350
5108809,15,346,72,433
5108810,12,349,25,386
5108811,5,444,18,467
5108812,21,312,48,381
5108813,7,422,31,460
5108814,5,551,32,588
5108815,9,453,21,483
5108816,12,448,13,473
5108817,10,293,12,315
5108818,45,654,69,768
5108819,33,672,60,765
5108820,15,461,22,498
5108821,9,365,18,392
5108822,17,499,37,553
5108823,22,335,20,377
5108824,49,518,19,586
5108825,6,357,64,427
5108826,13,282,34,329
5108827,15,220,68,303
5108828,21,484,29,534
5108829,31,328,41,400
5108830,6,392,41,439
5108831,19,442,25,486
5108832,105,236,16,357
5108833,15,408,9,432
5108834,17,466,24,507
5108835,7,495,15,517
5108901,18,460,24,502
5108902,12,357,13,382
5108903,3,150,21,174
5108904,0,0,0,0
5108905,25,262,10,297
5108906,9,310,21,340
5108907,18,304,6,328
5108908,13,582,16,611
5108909,15,505,21,541
5108910,71,230,18,319
5108911,0,277,31,308
5108912,6,392,7,405
5108913,45,429,85,559
5108914,14,552,35,601
5108915,0,71,0,71
5108916,9,385,16,410
5108917,6,383,7,396
5108918,17,445,12,474
5108919,12,146,21,179
5108920,0,341,17,358
5108921,9,455,37,501
5108922,84,553,51,688
5108923,9,415,33,457
5108924,3,327,18,348
5108925,9,383,10,402
5108926,3,510,12,525
5108927,53,273,9,335
5108928,0,0,0,0
5108929,28,448,43,519
5108930,6,534,11,551
5108931,6,334,4,344
5108932,11,438,26,475
5108933,16,512,24,552
5108934,9,165,3,177
5108935,12,473,13,498
5108936,9,355,13,377
5108937,0,0,0,0
5108938,7,392,14,413
5108939,12,265,3,280
5108940,6,229,17,252
5108941,6,527,15,548
5108942,12,424,6,442
5108943,8,479,10,497
5108944,6,386,3,395
5108945,0,167,6,173
5108946,0,373,3,376
5108947,6,283,7,296
5108948,6,511,21,538
5108949,0,320,18,338
5108950,15,354,0,369
5109001,27,709,46,782
5109002,13,280,24,317
5109003,19,352,21,392
5109004,22,580,51,653
5109005,17,501,21,539
5109006,15,297,4,316
5109007,12,479,34,525
5109008,19,332,37,388
5109009,24,379,23,426
5109010,27,365,17,409
5109011,19,284,26,329
5109012,34,416,54,504
5109013,25,501,55,581
5109014,16,392,79,487
5109015,27,574,94,695
5109016,27,580,47,654
5109017,22,485,34,541
5109018,29,786,59,874
5109019,3,396,28,427
5109020,24,508,70,602
5109021,16,375,52,443
5109022,32,572,38,642
5109023,19,534,74,627
5109024,18,348,28,394
5109025,30,574,17,621
5109026,30,567,109,706
5109027,27,500,61,588
5109028,26,535,46,607
5109101,0,7,0,7
5109201,6,361,43,410
5109202,12,366,35,413
5109203,9,321,54,384
5109204,18,437,51,506
5109205,12,401,23,436
5109206,9,325,24,358
5109207,3,496,82,581
5109208,3,348,30,381
5109209,0,395,80,475
5109210,0,261,104,365
5109211,3,244,115,362
5109212,3,380,40,423
5109213,12,288,16,316
5109214,9,264,54,327
5109215,0,281,54,335
5109216,6,520,147,673
5109217,7,474,108,589
5109218,15,436,51,502
5109219,19,512,41,572
5109220,6,328,26,360
5109221,4,459,50,513
5109222,12,471,53,536
5109223,12,338,55,405
5109224,15,567,28,610
5109225,4,378,32,414
5109226,37,375,27,439
5109227,11,318,21,350
5109228,9,427,27,463
5109229,0,204,37,241
5109230,10,396,31,437
5109231,7,459,24,490
5109232,17,550,43,610
5109301,6,425,135,566
5109302,29,454,80,563
5109303,9,352,18,379
5109304,4,321,4,329
5109305,15,465,10,490
5109306,21,492,8,521
5109307,25,493,13,531
5109308,8,611,15,634
5109309,6,255,60,321
5109310,9,456,83,548
5109311,6,347,25,378
5109312,19,465,28,512
5109313,6,313,45,364
5109314,25,292,56,373
5109315,53,310,44,407
5109316,3,419,13,435
5109317,22,546,17,585
5109318,16,487,16,519
5109319,23,233,15,271
5109320,9,383,9,401
5109321,26,497,40,563
5109322,26,365,26,417
5109323,15,403,13,431
5109324,15,274,3,292
5109325,12,290,0,302
5109326,18,360,9,387
5109327,6,557,16,579
5109328,9,315,17,341
5109329,12,713,23,748
5109330,0,6,0,6
5109401,12,231,11,254
5109402,6,275,14,295
5109403,14,474,13,501
5109404,15,297,5,317
5109405,10,476,31,517
5109406,7,609,29,645
5109407,18,372,39,429
5109408,16,331,10,357
5109409,15,393,28,436
5109410,10,408,46,464
5109411,0,351,24,375
5109412,18,441,37,496
5109413,3,208,9,220
5109414,18,350,20,388
5109415,6,308,7,321
5109416,0,0,0,0
5109417,20,344,26,390
5109418,12,235,6,253
5109419,6,254,17,277
5109501,18,287,23,328
5109502,9,378,38,425
5109503,10,423,29,462
5109504,9,262,35,306
5109505,28,361,24,413
5109506,17,412,11,440
5109507,12,407,16,435
5109508,37,432,49,518
5109509,10,247,18,275
5109510,18,318,17,353
5109511,18,561,63,642
5109512,12,386,43,441
5109513,20,439,19,478
5109514,20,495,40,555
5109515,7,346,27,380
5109516,6,362,85,453
5109517,12,362,31,405
5109518,0,217,29,246
5109519,5,281,23,309
5109520,11,420,29,460
5109521,17,244,25,286
5109522,45,286,19,350
5109523,25,383,25,433
5109524,9,346,33,388
5109525,3,283,82,368
5109526,11,346,38,395
5109527,7,280,13,300
5109528,55,333,21,409
5109601,6,357,28,391
5109602,44,300,10,354
5109603,9,346,6,361
5109604,7,384,4,395
5109605,9,560,27,596
5109606,6,257,0,263
5109607,12,321,6,339
5109608,13,522,26,561
5109609,9,225,3,237
5109610,8,368,0,376
5109611,16,421,15,452
5109612,18,480,13,511
5109613,10,403,13,426
5109614,16,303,3,322
5109615,0,326,3,329
5109616,18,465,11,494
5109617,8,439,3,450
5109618,18,472,4,494
5109619,3,369,9,381
5109620,7,410,4,421
5109621,17,403,4,424
5109622,6,322,5,333
5109623,17,452,9,478
5109624,13,539,19,571
5109625,12,402,12,426
5109626,7,401,10,418
5109627,0,0,0,0
5109628,18,482,3,503
5109629,6,356,9,371
5109630,18,383,6,407
5109631,8,501,7,516
5109701,6,212,9,227
5109702,12,274,15,301
5109703,12,258,4,274
5109704,27,451,29,507
5109705,27,359,9,395
5109706,25,462,24,511
5109707,29,238,26,293
5109708,12,319,9,340
5109709,15,337,24,376
5109710,122,484,37,643
5109711,6,322,20,348
5109712,27,525,21,573
5109713,16,519,31,566
5109714,9,263,18,290
5109715,17,501,33,551
5109716,86,554,46,686
5109717,21,433,11,465
5109718,17,359,18,394
5109719,14,475,38,527
5109720,14,459,29,502
5109721,12,442,40,494
5109722,27,519,42,588
5109723,12,529,80,621
5109724,26,316,24,366
5109725,0,271,9,280
5109726,58,309,18,385
5109727,7,431,33,471
5109728,193,219,16,428
5109729,7,263,22,292
5109730,54,483,10,547
5109731,21,488,9,518
5109732,9,494,6,509
5109733,14,538,11,563
5109734,0,0,0,0
5109801,11,456,35,502
5109802,21,435,15,471
5109803,15,388,17,420
5109804,9,239,23,271
5109805,17,343,25,385
5109806,15,344,70,429
5109807,18,380,47,445
5109808,21,342,21,384
5109809,7,241,26,274
5109810,33,485,59,577
5109811,18,342,22,382
5109812,15,185,27,227
5109813,16,243,15,274
5109814,27,437,12,476
5109815,25,391,15,431
5109816,21,297,9,327
5109817,20,369,3,392
5109818,0,0,0,0
5109819,30,428,23,481
5109820,14,507,23,544
5109821,21,476,25,522
5109822,12,377,13,402
5109823,12,485,35,532
5109824,12,393,18,423
5109825,4,415,23,442
5109826,15,177,3,195
5109827,9,416,21,446
5109828,9,499,8,516
5109829,3,418,12,433
5109901,34,430,9,473
5109902,8,571,55,634
5109903,137,279,21,437
5109904,3,315,23,341
5109905,12,452,16,480
5109906,12,438,30,480
5109907,6,519,24,549
5109908,0,0,0,0
5109909,17,706,35,758
5109910,17,507,29,553
5109911,0,232,18,250
5109912,12,654,54,720
5109913,4,362,25,391
5109914,0,0,0,0
5109915,18,596,34,648
5109916,6,294,22,322
5109917,9,435,39,483
5109918,9,412,21,442
5109919,18,426,27,471
5109920,6,175,0,181
5109921,6,485,28,519
5109922,17,520,83,620
5109923,6,297,44,347
5109924,21,674,43,738
5109925,12,612,38,662
5109926,15,895,35,945
5109927,15,594,11,620
5109928,16,1861,108,1985
5109929,19,541,91,651
5109930,18,333,44,395
5109931,19,369,50,438
5109932,21,409,64,494
5109933,4,347,54,405
5109934,76,398,26,500
5109935,17,1072,201,1290
5110001,6,510,19,535
5110002,9,406,18,433
5110003,18,484,25,527
5110004,29,1059,71,1159
5110005,5,442,26,473
5110006,12,472,30,514
5110007,7,839,30,876
5110008,6,475,24,505
5110009,19,494,22,535
5110010,18,605,26,649
5110011,9,522,24,555
5110012,0,12,0,12
5110013,0,228,25,253
5110014,21,563,36,620
5110015,12,339,4,355
5110016,13,546,12,571
5110017,6,453,15,474
5110018,0,502,12,514
5110019,9,397,15,421
5110020,6,567,47,620
5110021,9,671,63,743
5110101,8,260,3,271
5110102,12,298,24,334
5110103,0,0,0,0
5110104,16,407,37,460
5110105,12,384,24,420
5110106,6,260,3,269
5110107,9,730,46,785
5110108,7,375,113,495
5110109,21,466,55,542
5110110,12,551,36,599
5110111,15,546,51,612
5110112,12,602,36,650
5110113,15,922,134,1071
5110114,15,697,58,770
5110115,14,408,51,473
5110116,21,496,51,568
5110117,15,343,37,395
5110118,9,319,30,358
5110119,12,299,22,333
5110120,12,344,35,391
5110121,15,212,24,251
5110122,11,450,15,476
5110123,6,462,15,483
5110124,11,318,34,363
5110125,12,309,13,334
5110201,22,341,49,412
5110202,16,491,40,547
5110203,7,261,3,271
5110204,17,405,53,475
5110205,18,217,21,256
5110206,13,217,23,253
5110207,12,298,24,334
5110208,15,418,30,463
5110209,6,258,16,280
5110210,15,247,23,285
5110211,24,314,16,354
5110212,6,336,27,369
5110213,0,292,20,312
5110214,15,403,17,435
5110215,19,317,32,368
5110216,21,375,33,429
5110217,18,296,11,325
5110218,27,430,35,492
5110219,16,472,47,535
5110220,15,351,28,394
5110221,28,273,22,323
5110222,28,358,41,427
5110301,28,1355,83,1466
5110302,14,849,24,887
5110303,0,18,0,18
5110304,0,3,0,3
5110305,0,0,0,0
5110306,0,403,9,412
5110307,3,340,9,352
5110308,21,545,11,577
5110309,3,308,6,317
5110310,9,401,3,413
5110311,0,304,6,310
5110312,6,384,0,390
5110313,9,421,27,457
5110314,20,565,31,616
5110315,9,543,15,567
5110316,16,333,18,367
5110317,0,0,0,0
5110318,3,19,0,22
5110319,10,379,19,408
5110320,3,273,18,294
5110321,3,413,3,419
5110322,11,394,13,418
5110323,36,368,119,523
5110324,9,613,17,639
5110325,22,872,33,927
5110326,15,517,15,547
5110327,25,1281,31,1337
5110328,10,347,12,369
5110329,15,491,9,515
5110330,24,1073,34,1131
5110331,20,1080,62,1162
5110332,20,1405,30,1455
5110333,6,636,25,667
5110334,14,474,12,500
5110335,6,462,18,486
5110336,0,0,0,0
5110401,0,3,0,3
5110402,8,270,10,288
5110403,53,477,18,548
5110404,15,353,12,380
5110405,144,420,33,597
5110406,18,282,23,323
5110407,15,432,18,465
5110408,20,301,10,331
5110409,21,312,13,346
5110410,16,375,19,410
5110411,14,408,17,439
5110412,27,337,25,389
5110413,12,449,27,488
5110414,13,326,36,375
5110415,9,494,24,527
5110416,21,455,34,510
5110417,9,343,58,410
5110418,9,344,7,360
5110419,3,185,15,203
5110420,9,495,15,519
5110421,12,378,15,405
5110422,11,439,26,476
5110423,24,398,23,445
5110424,12,440,20,472
5110425,9,246,6,261
5110426,14,529,15,558
5110501,12,365,30,407
5110502,7,258,7,272
5110503,3,207,21,231
5110504,3,292,3,298
5110505,6,445,11,462
5110506,6,453,17,476
5110507,11,546,20,577
5110508,9,321,23,353
5110509,3,361,15,379
5110510,12,579,31,622
5110511,106,606,45,757
5110512,6,325,7,338
5110513,6,255,4,265
5110514,18,574,4,596
5110515,3,231,11,245
5110516,4,688,38,730
5110517,19,523,15,557
5110518,9,511,30,550
5110519,9,459,9,477
5110520,4,417,4,425
5110521,16,1140,26,1182
5110522,12,584,78,674
5110523,12,517,15,544
5110524,10,302,23,335
5110525,9,623,50,682
5110526,5,380,22,407
5110527,12,584,52,648
5110528,3,303,27,333
5110529,3,638,43,684
5110530,12,476,81,569
5110531,9,423,43,475
5110532,0,0,0,0
5110533,0,0,0,0
5110534,21,434,41,496
5110535,15,652,14,681
5110536,6,275,15,296
5110537,18,416,36,470
5110601,0,0,0,0
5110701,6,441,26,473
5110702,3,507,48,558
5110703,15,299,25,339
5110704,4,220,10,234
5110705,7,320,18,345
5110706,9,250,18,277
5110707,6,486,39,531
5110708,9,506,17,532
5110709,51,352,17,420
5110710,6,417,10,433
5110711,3,400,31,434
5110712,6,328,6,340
5110713,12,361,15,388
5110714,0,379,9,388
5110715,6,755,24,785
5110716,0,678,13,691
5110717,5,829,39,873
5110718,9,894,59,962
5110719,9,528,15,552
5110720,19,285,30,334
5110721,6,567,17,590
5110722,9,504,50,563
5110723,9,478,14,501
5110724,3,263,10,276
5110725,4,666,43,713
5110801,9,306,15,330
5110802,6,329,6,341
5110803,0,0,0,0
5110804,9,694,31,734
5110805,10,935,58,1003
5110806,12,333,9,354
5110807,6,362,21,389
5110808,3,224,0,227
5110809,31,1445,64,1540
5110810,0,256,5,261
5110811,9,584,21,614
5110812,3,478,22,503
5110813,12,499,51,562
5110814,9,317,16,342
5110815,12,776,31,819
5110816,21,253,18,292
5110817,22,496,15,533
5110818,12,225,24,261
5110819,83,575,22,680
5110820,9,401,10,420
5110821,102,321,32,455
5110822,4,240,16,260
5110823,11,454,30,495
5110824,11,315,15,341
5110825,24,230,8,262
5110826,8,244,15,267
5110827,116,597,22,735
5110828,21,448,27,496
5110829,24,457,40,521
5110830,18,317,30,365
5110831,21,471,25,517
5110832,23,411,35,469
5110833,23,499,17,539
5110834,28,601,19,648
5110835,13,393,16,422
5110836,24,1276,70,1370
5110837,5,423,35,463
5110838,6,216,9,231
5110839,14,247,12,273
5110840,3,296,29,328
5110841,8,593,28,629
5110842,7,508,19,534
5110843,12,304,9,325
5110844,29,570,16,615
5110845,6,366,15,387
5110846,0,366,28,394
5110847,3,405,10,418
5110901,29,262,31,322
5110902,10,231,3,244
5110903,12,365,18,395
5110904,9,218,29,256
5110905,21,288,40,349
5110906,15,392,24,431
5110907,15,573,11,599
5110908,14,362,26,402
5110909,18,248,13,279
5110910,6,286,20,312
5110911,7,248,24,279
5110912,6,332,32,370
5110913,66,883,168,1117
5110914,30,649,53,732
5110915,9,657,69,735
5110916,12,227,21,260
5110917,3,135,9,147
5110918,9,198,7,214
5111001,47,502,55,604
5111002,7,412,19,438
5111003,21,392,28,441
5111004,18,500,21,539
5111005,41,698,34,773
5111006,0,211,12,223
5111007,9,211,8,228
5111008,12,211,30,253
5111009,22,381,55,458
5111010,9,252,30,291
5111011,15,463,74,552
5111012,22,630,51,703
5111013,15,350,18,383
5111014,114,510,42,666
5111015,37,546,41,624
5111016,21,257,53,331
5111017,62,696,88,846
5111018,27,538,27,592
5111019,44,439,49,532
5111020,37,428,16,481
5111021,8,369,64,441
5111022,22,396,46,464
5111023,24,381,41,446
5111024,23,384,33,440
5111025,34,294,24,352
5111026,18,313,36,367
5111027,24,314,34,372
5111028,7,163,6,176
5111029,20,435,52,507
5111030,31,395,113,539
5111031,17,317,35,369
5111032,28,643,19,690
5111033,41,470,33,544
5111034,16,238,25,279
5111035,18,251,29,298
5111101,0,0,0,0
5111201,45,323,23,391
5111202,4,314,23,341
5111203,15,312,18,345
5111204,18,345,13,376
5111205,18,324,18,360
5111206,8,377,24,409
5111207,14,387,24,425
5111208,6,313,7,326
5111209,15,315,84,414
5111210,14,355,31,400
5111211,14,425,44,483
5111212,16,275,9,300
5111213,19,231,27,277
5111214,3,144,4,151
5111215,15,223,16,254
5111301,23,390,18,431
5111302,12,369,22,403
5111303,3,208,16,227
5111304,12,836,37,885
5111305,15,750,40,805
5111306,3,923,38,964
5111307,4,1145,46,1195
5111308,0,744,21,765
5111309,9,842,27,878
5111310,4,872,27,903
5111401,7,321,16,344
5111402,9,400,41,450
5111403,28,299,39,366
5111404,15,281,37,333
5111405,19,432,24,475
5111406,4,487,22,513
5111407,9,412,6,427
5111408,15,200,15,230
5111409,9,428,16,453
5111410,21,320,30,371
5111411,15,397,51,463
5111412,70,354,43,467
5111413,15,329,25,369
5111414,30,466,37,533
5111415,26,412,53,491
5111416,22,345,64,431
5111417,26,486,39,551
5111418,0,0,0,0
5111419,18,399,42,459
5111420,6,305,17,328
5111421,9,327,9,345
5111422,12,213,12,237
5111423,6,266,17,289
5111424,58,224,7,289
5111425,31,343,68,442
5111426,7,346,20,373
5111501,6,164,6,176
5111502,32,589,46,667
5111503,12,334,45,391
5111504,9,391,12,412
5111505,18,1060,38,1116
5111506,15,502,8,525
5111507,15,559,65,639
5111508,6,407,15,428
5111509,0,0,0,0
5111510,12,333,28,373
5111511,20,486,16,522
5111512,10,338,12,360
5111513,4,337,0,341
5111514,12,506,29,547
5111515,10,369,9,388
5111516,21,398,37,456
5111601,3,211,4,218
5111602,12,221,9,242
5111603,3,499,10,512
5111604,3,275,6,284
5111605,9,282,10,301
5111606,5,437,3,445
5111607,7,193,3,203
5111608,10,421,19,450
5111609,8,205,6,219
5111610,6,461,12,479
5111611,10,426,3,439
5111612,18,529,26,573
5111613,3,388,17,408
5111614,7,302,12,321
5111615,9,562,27,598
5111616,11,462,6,479
5111617,12,227,9,248
5111618,15,318,9,342
5111701,12,418,22,452
5111702,18,726,59,803
5111703,12,373,21,406
5111704,12,335,27,374
5111705,16,802,73,891
5111706,6,526,47,579
5111707,13,730,78,821
5111708,15,386,62,463
5111709,7,474,28,509
5111710,21,491,16,528
5111711,4,223,10,237
5111712,13,399,15,427
5111713,19,604,38,661
5111714,21,532,31,584
5111715,8,390,37,435
5111716,9,308,30,347
5111717,14,306,22,342
5111718,9,329,15,353
5111801,21,314,38,373
5111802,3,307,63,373
5111803,17,548,85,650
5111804,12,479,65,556
5111805,12,313,20,345
5111806,4,363,19,386
5111807,52,514,44,610
5111808,12,383,29,424
5111809,6,402,47,455
5111810,12,529,59,600
5111811,6,738,44,788
5111812,3,414,41,458
5111813,12,433,44,489
5111814,16,536,39,591
5111815,12,491,70,573
5111816,79,369,51,499
5111817,132,486,69,687
5111818,22,636,54,712
5111819,12,402,34,448
5111820,25,626,43,694
5111821,27,415,44,486
5111822,23,318,54,395
5111823,18,422,39,479
5111824,34,437,90,561
5111825,42,561,47,650
5111901,9,278,24,311
5111902,10,337,12,359
5111903,12,243,25,280
5111904,22,477,51,550
5111905,0,0,0,0
5111906,0,3,0,3
5111907,10,213,15,238
5111908,12,404,17,433
5111909,3,559,76,638
5111910,15,312,9,336
5111911,21,397,31,449
5111912,9,318,13,340
5111913,12,293,6,311
5111914,12,376,9,397
5111915,9,299,13,321
5111916,12,352,24,388
5111917,9,384,20,413
5111918,28,420,18,466
5111919,23,395,24,442
5111920,75,338,25,438
5111921,23,235,13,271
5111922,18,432,31,481
5111923,15,313,13,341
5111924,100,298,27,425
5111925,9,327,46,382
5111926,12,431,59,502
5111927,18,291,18,327
5111928,18,278,24,320
5111929,12,284,27,323
5111930,15,438,51,504
5111931,7,324,31,362
5111932,13,408,30,451
5111933,11,370,25,406
5111934,9,305,41,355
5111935,17,644,39,700
5111936,6,341,42,389
5111937,6,349,15,370
5111938,28,309,19,356
5111939,3,240,46,289
5111940,6,285,27,318
5112001,0,0,0,0
5112101,0,0,54,54
5112201,19,234,22,275
5112202,9,403,18,430
5112203,21,339,12,372
5112204,10,428,8,446
5112205,9,408,26,443
5112206,34,576,26,636
5112207,18,339,9,366
5112208,16,622,53,691
5112209,9,352,29,390
5112210,9,299,18,326
5112211,10,355,33,398
5112212,18,362,25,405
5112213,21,599,36,656
5112214,6,318,28,352
5112215,14,468,45,527
5112216,18,288,31,337
5112217,13,347,13,373
5112218,20,340,31,391
5112219,37,409,46,492
5112220,12,288,24,324
5112221,6,731,98,835
5112222,21,504,70,595
5112223,0,220,37,257
5112224,17,354,21,392
5112225,21,510,33,564
5112226,3,367,33,403
5112227,16,432,19,467
5112228,28,459,29,516
5112229,7,381,6,394
5112230,28,464,28,520
5112231,15,331,63,409
5112232,36,317,59,412
5112233,15,553,39,607
5112234,9,494,34,537
5112235,13,300,33,346
5112236,18,421,12,451
5112237,24,441,42,507
5112238,30,312,36,378
5112239,33,599,42,674
5112240,28,568,72,668
5112241,15,344,21,380
5112242,19,402,34,455
5112243,21,379,20,420
5112244,18,280,18,316
5112245,24,344,15,383
5112246,16,523,34,573
5112247,19,297,23,339
5112248,23,373,43,439
5112301,6,236,8,250
5112302,6,281,3,290
5112303,25,453,12,490
5112304,9,350,26,385
5112305,0,272,26,298
5112306,6,298,51,355
5112307,28,391,65,484
5112308,13,504,159,676
5112309,7,347,104,458
5112310,15,814,67,896
5112311,11,497,34,542
5112312,21,372,18,411
5112313,9,251,16,276
5112314,15,403,27,445
5112315,16,406,4,426
5112316,3,412,38,453
5112317,4,322,22,348
5112318,4,603,49,656
5112319,13,270,37,320
5112320,25,423,36,484
5112321,0,268,19,287
5112322,9,361,13,383
5112323,9,373,17,399
5112324,3,256,3,262
5112325,4,641,50,695
5112326,8,440,54,502
5112327,0,373,49,422
5112328,9,457,39,505
5112329,3,266,75,344
5112330,0,260,86,346
5112331,0,0,0,0
5112332,6,422,90,518
5112401,23,323,33,379
5112402,21,294,73,388
5112403,38,358,27,423
5112404,12,419,34,465
5112405,18,394,52,464
5112406,6,509,48,563
5112407,25,247,33,305
5112408,10,296,51,357
5112409,39,766,75,880
5112410,9,412,39,460
5112411,27,517,55,599
5112412,0,462,17,479
5112413,9,333,19,361
5112414,66,226,14,306
5112415,18,493,44,555
5112416,13,585,23,621
5112417,56,244,233,533
5112418,28,498,58,584
5112419,11,511,39,561
5112420,447,377,39,863
5112421,9,301,18,328
5112422,76,297,42,415
5112423,23,490,35,548
5112424,6,274,14,294
5112425,13,734,24,771
5112426,10,586,75,671
5112427,61,345,84,490
5112428,13,639,36,688
5112429,5,247,29,281
5112430,27,479,49,555
5112431,19,353,22,394
5112432,6,499,67,572
5112433,9,313,28,350
5112434,26,535,47,608
5112435,12,412,50,474
5112436,18,378,36,432
5112437,17,567,38,622
5112438,68,555,39,662
5112439,13,233,15,261
5112501,6,363,0,369
5112502,6,364,6,376
5112503,25,766,15,806
5112504,3,471,9,483
5112505,3,314,12,329
5112506,13,557,16,586
5112507,18,481,23,522
5112508,15,461,12,488
5112509,0,322,0,322
5112510,20,209,15,244
5112511,3,413,13,429
5112512,6,366,16,388
5112513,3,353,12,368
5112514,12,346,9,367
5112515,9,413,3,425
5112516,9,167,9,185
5112517,9,498,4,511
5112518,9,252,0,261
5112519,11,564,22,597
5112520,5,398,14,417
5112521,0,258,7,265
5112522,10,516,32,558
5112523,6,540,9,555
5112524,6,288,9,303
5112601,0,0,0,0
5112701,9,313,14,336
5112702,5,429,8,442
5112703,22,765,104,891
5112704,12,442,6,460
5112705,28,695,59,782
5112706,16,503,39,558
5112707,14,516,30,560
5112708,18,386,22,426
5112709,29,667,35,731
5112710,25,607,73,705
5112711,27,704,50,781
5112712,30,719,30,779
5112713,21,740,69,830
5112714,21,442,54,517
5112715,28,464,36,528
5112716,17,383,15,415
5112717,21,742,63,826
5112718,22,552,77,651
5112719,12,349,46,407
5112720,27,445,53,525
5112721,24,482,48,554
5112722,13,264,14,291
5112723,6,269,34,309
5112724,14,472,97,583
5112725,23,446,58,527
5112726,12,455,71,538
5112801,0,184,9,193
5112802,8,310,9,327
5112803,12,300,6,318
5112804,6,294,18,318
5112805,10,302,15,327
5112806,9,265,18,292
5112807,16,240,6,262
5112808,0,0,0,0
5112809,13,560,18,591
5112810,11,277,40,328
5112811,16,257,3,276
5112812,8,360,18,386
5112813,24,485,46,555
5112814,6,388,17,411
5112815,9,352,26,387
5112816,6,313,6,325
5112817,121,589,9,719
5112818,15,495,15,525
5112819,25,517,29,571
5112820,7,328,19,354
5112821,9,204,3,216
5112822,21,327,24,372
5112823,9,345,15,369
5112824,12,357,9,378
5112825,18,532,9,559
5112826,12,436,3,451
5112827,9,328,15,352
5112828,3,241,6,250
5112829,8,317,6,331
5112830,16,502,26,544
5112831,14,532,21,567
5112832,12,487,18,517
5112833,7,268,17,292
5112834,11,384,5,400
5112835,26,438,18,482
5112901,12,402,68,482
5112902,13,276,13,302
5112903,8,366,6,380
5112904,15,334,21,370
5112905,9,266,9,284
5112906,13,565,19,597
5112907,6,279,8,293
5112908,126,227,9,362
5112909,15,432,9,456
5112910,9,166,6,181
5112911,4,407,22,433
5112912,16,464,20,500
5112913,18,581,13,612
5112914,18,341,18,377
5112915,0,346,9,355
5112916,0,265,18,283
5112917,101,452,33,586
5112918,6,292,9,307
5112919,0,214,6,220
5112920,9,461,27,497
5112921,5,401,39,445
5112922,18,363,22,403
5112923,12,518,46,576
5112924,15,409,30,454
5112925,21,478,9,508
5112926,35,572,22,629
5112927,23,551,24,598
5112928,15,310,4,329
5112929,9,253,44,306
5112930,6,230,3,239
5112931,6,209,4,219
5112932,11,413,23,447
5112933,4,122,14,140
5113001,0,16,3,19
5113101,9,378,15,402
5113102,9,463,10,482
5113103,50,260,12,322
5113104,9,308,3,320
5113105,3,456,21,480
5113106,15,322,6,343
5113107,4,309,6,319
5113108,12,470,9,491
5113109,15,459,0,474
5113110,13,501,21,535
5113111,7,315,3,325
5113112,15,461,7,483
5113113,12,417,18,447
5113114,12,441,9,462
5113115,7,378,19,404
5113116,11,335,12,358
5113117,3,368,9,380
5113118,7,493,15,515
5113119,3,406,13,422
5113120,9,532,25,566
5113121,3,232,7,242
5113122,4,288,0,292
5113123,13,452,24,489
5113124,9,297,9,315
5113125,19,498,16,533
5113126,6,424,3,433
5113127,9,419,3,431
5113128,10,401,4,415
5113129,18,560,5,583
5113130,12,471,15,498
5113131,29,559,24,612
5113132,9,584,12,605
5113133,15,533,7,555
5113134,15,473,12,500
5113135,6,320,9,335
5113136,14,415,6,435
5113137,7,590,13,610
5113138,5,520,16,541
5113139,8,399,9,416
5113201,15,384,43,442
5113202,6,369,13,388
5113203,12,370,30,412
5113204,21,434,63,518
5113205,21,446,52,519
5113206,21,500,48,569
5113207,6,179,12,197
5113208,12,213,5,230
5113209,0,0,0,0
5113210,12,238,8,258
5113211,18,475,43,536
5113212,3,286,15,304
5113213,16,384,13,413
5113214,16,361,12,389
5113215,13,267,19,299
5113216,13,301,12,326
5113217,24,543,32,599
5113218,29,477,22,528
5113219,17,428,16,461
5113220,12,283,19,314
5113221,6,337,56,399
5113222,12,381,59,452
5113223,21,332,18,371
5113224,11,503,62,576
5113225,16,334,55,405
5113226,26,530,33,589
5113227,9,280,24,313
5113228,16,266,38,320
5113229,7,346,25,378
5113230,22,660,47,729
5113231,15,323,19,357
5113232,27,392,70,489
5113233,16,585,61,662
5113234,22,453,35,510
5113235,12,287,36,335
5113236,5,485,80,570
5113237,3,283,14,300
5113238,23,431,22,476
5113239,21,368,9,398
5113240,21,464,28,513
5113241,3,180,7,190
5113242,29,306,15,350
5113243,11,209,17,237
5113301,6,362,12,380
5113302,4,611,75,690
5113303,12,340,9,361
5113304,30,938,59,1027
5113305,6,498,119,623
5113306,13,309,0,322
5113307,6,394,27,427
5113308,12,1095,68,1175
5113309,12,328,22,362
5113310,9,511,19,539
5113311,3,368,6,377
5113312,9,434,9,452
5113313,6,499,22,527
5113314,13,1014,119,1146
5113315,9,790,59,858
5113316,7,551,28,586
5113317,6,470,13,489
5113318,13,656,24,693
5113319,6,760,50,816
5113320,9,824,46,879
5113321,10,919,35,964
5113322,12,519,3,534
5113323,15,413,6,434
5113324,12,510,7,529
5113325,4,350,6,360
5113326,0,316,3,319
5113327,3,349,3,355
5113328,7,519,32,558
5113329,0,305,12,317
5113330,62,676,40,778
5113331,12,563,50,625
5113332,0,287,10,297
5113333,10,870,62,942
5113334,0,0,0,0
5113335,0,12,765,777
5113401,10,216,4,230
5113402,11,298,32,341
5113403,27,456,27,510
5113404,9,256,21,286
5113405,44,204,95,343
5113406,6,379,12,397
5113407,19,213,27,259
5113408,28,341,111,480
5113409,6,298,31,335
5113410,12,308,28,348
5113411,14,488,18,520
5113412,9,385,21,415
5113413,42,345,23,410
5113414,45,553,90,688
5113415,0,4,0,4
5113416,25,555,79,659
5113417,21,302,26,349
5113418,24,358,33,415
5113419,10,213,6,229
5113420,27,421,26,474
5113421,28,490,43,561
5113422,18,318,58,394
5113423,18,106,0,124
5113424,20,475,39,534
5113425,28,358,53,439
5113426,15,384,41,440
5113427,19,411,31,461
5113428,12,314,24,350
5113429,7,304,25,336
5113430,5,306,42,353
5113431,10,221,30,261
5113432,14,335,55,404
5113433,39,551,66,656
5113434,24,368,23,415
5113435,6,244,30,280
5113436,44,468,96,608
5113437,16,268,30,314
5113438,27,528,57,612
5113439,27,428,55,510
5113440,24,347,61,432
5113441,16,567,90,673
5113442,108,450,10,568
5113443,21,380,80,481
5113444,12,387,28,427
5113445,25,402,25,452
5113446,21,359,15,395
5113501,19,439,42,500
5113502,10,398,21,429
5113503,3,231,18,252
5113504,9,631,66,706
5113505,24,614,48,686
5113506,15,870,19,904
5113507,6,485,29,520
5113508,12,476,12,500
5113509,9,494,18,521
5113510,13,400,10,423
5113511,15,487,21,523
5113512,18,625,36,679
5113513,21,588,26,635
5113514,49,580,28,657
5113515,13,645,39,697
5113516,24,768,37,829
5113517,21,343,3,367
5113518,15,433,11,459
5113519,18,301,16,335
5113520,12,216,3,231
5113521,18,360,15,393
5113522,13,759,19,791
5113523,0,577,18,595
5113524,16,328,6,350
5113525,6,122,3,131
5113526,16,1355,52,1423
5113601,12,232,9,253
5113602,6,328,28,362
5113603,0,250,30,280
5113604,29,338,25,392
5113605,0,186,0,186
5113606,40,508,25,573
5113607,3,230,30,263
5113608,29,370,68,467
5113609,21,352,47,420
5113610,12,196,84,292
5113611,26,355,36,417
5113612,9,325,26,360
5113613,34,452,34,520
5113614,28,559,35,622
5113615,30,555,38,623
5113616,18,401,63,482
5113617,9,290,62,361
5113618,30,491,15,536
5113619,19,334,10,363
5113620,12,433,24,469
5113621,57,501,23,581
5113622,0,130,15,145
5113623,3,214,15,232
5113624,12,323,3,338
5113625,29,476,32,537
5113626,3,260,23,286
5113627,16,260,13,289
5113628,32,364,12,408
5113629,24,618,92,734
5113701,18,266,3,287
5113702,4,401,4,409
5113703,9,340,24,373
5113704,21,449,7,477
5113705,15,407,30,452
5113706,11,419,30,460
5113707,11,263,16,290
5113708,15,550,6,571
5113709,25,534,48,607
5113710,15,277,3,295
5113711,10,371,12,393
5113712,6,404,6,416
5113713,24,385,6,415
5113714,6,274,28,308
5113715,21,339,17,377
5113716,9,359,12,380
5113717,18,332,62,412
5113718,4,449,7,460
5113719,15,529,26,570
5113720,12,243,6,261
5113721,16,423,44,483
5113722,3,236,13,252
5113723,7,413,38,458
5113724,15,511,28,554
5113725,16,330,31,377
5113726,11,442,26,479
5113727,9,295,24,328
5113728,21,385,30,436
5113729,12,349,19,380
5113730,19,347,27,393
5113731,15,458,27,500
5113732,9,381,23,413
5113733,18,215,24,257
5113734,37,337,22,396
5113735,15,327,26,368
5113736,24,723,28,775
5113737,3,353,21,377
5113738,13,333,3,349
5113739,12,478,24,514
5113740,12,330,28,370
5113741,18,298,3,319
5113742,12,338,22,372
5113743,12,320,19,351
5113744,8,332,12,352
5113745,3,285,17,305
5113746,3,206,0,209
5113747,12,317,27,356
5113748,30,489,13,532
5113749,14,403,29,446
5113750,11,320,0,331
5113751,12,411,24,447
5113752,15,219,3,237
5113753,6,269,15,290
5113754,6,269,25,300
5113755,18,484,18,520
5113756,3,191,0,194
5113757,3,361,3,367
5113758,4,365,6,375
5113759,0,0,0,0
5113801,15,172,6,193
5113802,23,861,30,914
5113803,9,467,22,498
5113804,23,508,27,558
5113805,16,886,47,949
5113806,0,0,0,0
5113807,21,327,49,397
5113808,79,297,7,383
5113809,19,199,27,245
5113810,13,340,4,357
5113811,7,290,33,330
5113812,3,228,19,250
5113813,23,448,25,496
5113814,27,513,24,564
5113815,17,365,39,421
5113816,3,201,3,207
5113817,0,0,0,0
5113818,6,321,19,346
5113819,24,406,27,457
5113820,9,385,15,409
5113821,18,373,30,421
5113822,19,494,30,543
5113823,16,313,61,390
5113824,3,277,16,296
5113825,10,437,33,480
5113826,11,487,20,518
5113827,6,283,18,307
5113828,6,325,32,363
5113829,13,716,36,765
5113830,12,780,31,823
5113831,0,334,15,349
5113832,21,409,39,469
5113833,20,493,31,544
5113834,33,358,26,417
5113835,9,309,27,345
5113836,18,365,32,415
5113837,22,475,23,520
5113838,0,0,0,0
5113839,0,0,0,0
5113901,7,252,18,277
5113902,5,495,42,542
5113903,14,474,39,527
5113904,9,480,27,516
5113905,18,655,39,712
5113906,45,740,34,819
5113907,18,294,20,332
5113908,38,354,11,403
5113909,26,380,12,418
5113910,15,231,10,256
5113911,6,526,67,599
5113912,9,784,100,893
5113913,6,340,23,369
5113914,11,347,12,370
5113915,6,413,28,447
5113916,9,213,32,254
5113917,16,250,24,290
5113918,22,533,26,581
5113919,12,436,15,463
5113920,12,389,66,467
5113921,4,448,24,476
5113922,14,448,37,499
5113923,9,521,31,561
5113924,8,357,15,380
5113925,18,298,15,331
5114001,18,473,15,506
5114002,15,371,25,411
5114003,8,367,13,388
5114004,14,311,15,340
5114005,3,405,9,417
5114006,19,428,11,458
5114007,13,317,16,346
5114008,13,332,11,356
5114009,18,509,32,559
5114010,9,346,5,360
5114011,4,235,3,242
5114012,12,437,6,455
5114013,23,479,19,521
5114014,3,327,3,333
5114015,22,488,17,527
5114016,18,571,47,636
5114017,9,421,18,448
5114018,0,353,21,374
5114019,20,480,0,500
5114020,20,319,15,354
5114021,18,389,25,432
5114022,9,322,16,347
5114023,29,387,14,430
5114024,18,505,18,541
5114025,4,274,6,284
5114026,9,409,30,448
5114027,9,481,40,530
5114028,15,363,27,405
5114029,6,244,6,256
5114030,9,263,13,285
5114031,7,270,6,283
5114032,15,658,21,694
5114033,6,389,12,407
5114034,12,606,26,644
5114035,0,9,0,9
5114101,4,6,0,10
5114102,0,133,0,133
5114103,55,347,12,414
5114104,17,425,14,456
5114105,9,399,6,414
5114106,6,335,24,365
5114107,3,312,6,321
5114108,15,528,20,563
5114109,5,252,5,262
5114110,6,433,9,448
5114111,6,300,19,325
5114112,12,300,22,334
5114113,4,403,23,430
5114114,9,417,30,456
5114115,6,159,9,174
5114116,9,312,67,388
5114117,3,241,20,264
5114118,9,255,20,284
5114119,3,324,21,348
5114120,11,342,11,364
5114121,12,404,13,429
5114122,4,227,25,256
5114123,9,169,18,196
5114124,3,294,49,346
5114125,19,327,24,370
5114126,21,429,13,463
5114127,32,499,17,548
5114128,15,308,6,329
5114129,4,275,15,294
5114130,8,248,8,264
5114131,12,457,25,494
5114132,39,238,12,289
5114133,9,266,12,287
5114201,0,361,3,364
5114202,29,1527,82,1638
5114203,86,711,27,824
5114204,6,776,20,802
5114205,17,401,11,429
5114206,21,496,14,531
5114207,3,284,21,308
5114208,9,700,38,747
5114209,15,1117,42,1174
5114210,3,270,9,282
5114211,16,546,22,584
5114212,3,172,0,175
5114213,15,265,21,301
5114301,14,252,3,269
5114302,9,288,27,324
5114303,3,284,15,302
5114304,7,380,13,400
5114305,11,548,9,568
5114306,12,212,26,250
5114307,12,293,19,324
5114308,7,448,15,470
5114309,6,307,10,323
5114310,10,250,24,284
5114311,3,384,9,396
5114312,9,568,26,603
5114313,0,457,28,485
5114314,9,382,4,395
5114315,6,269,3,278
5114401,0,0,237,237
5114402,7,236,4,247
5114403,12,383,22,417
5114404,22,309,6,337
5114405,8,262,8,278
5114406,12,399,12,423
5114407,18,319,15,352
5114408,9,242,12,263
5114409,13,261,21,295
5114410,0,97,0,97
5114411,7,282,30,319
5114412,24,314,31,369
5114413,15,298,6,319
5114501,4,229,18,251
5114502,26,406,132,564
5114503,3,318,17,338
5114504,3,440,23,466
5114505,29,510,72,611
5114506,12,441,24,477
5114507,3,308,24,335
5114508,6,545,36,587
5114509,6,346,21,373
5114510,10,458,10,478
5114511,6,451,7,464
5114512,3,303,5,311
5114513,9,388,19,416
5114514,12,418,17,447
5114515,6,450,23,479
5114516,49,252,19,320
5114517,9,484,19,512
5114518,15,476,20,511
5114519,6,376,25,407
5114520,64,352,25,441
5114521,11,451,24,486
5114522,13,381,22,416
5114523,9,480,75,564
5114524,9,436,10,455
5114525,13,423,63,499
5114526,22,428,17,467
5114527,3,331,22,356
5114528,3,346,30,379
5114529,16,301,6,323
5114530,24,607,29,660
5114531,0,0,0,0
5114601,0,304,21,325
5114602,3,200,18,221
5114603,24,290,20,334
5114604,21,518,45,584
5114605,12,512,47,571
5114606,222,475,31,728
5114607,3,292,3,298
5114608,10,355,54,419
5114609,17,228,41,286
5114610,10,424,21,455
5114611,3,238,15,256
5114612,13,472,25,510
5114613,62,459,53,574
5114614,53,407,16,476
5114615,15,337,14,366
5114616,7,311,31,349
5114617,27,533,40,600
5114618,9,297,12,318
5114619,13,210,0,223
5114620,21,307,21,349
5114621,12,555,28,595
5114622,12,264,7,283
5114623,4,294,6,304
5114624,3,282,21,306
5114625,6,262,3,271
5114626,0,330,28,358
5114627,12,352,60,424
5114628,0,0,0,0
5114629,0,193,3,196
5114630,0,0,0,0
5114701,9,369,122,500
5114702,6,434,88,528
5114703,14,458,76,548
5114704,6,358,25,389
5114705,3,381,6,390
5114706,101,480,23,604
5114707,3,288,21,312
5114708,12,465,12,489
5114709,9,201,12,222
5114710,18,550,19,587
5114711,3,319,15,337
5114712,6,463,18,487
5114713,3,411,23,437
5114714,9,404,30,443
5114715,3,323,28,354
5114716,0,382,13,395
5114717,0,395,35,430
5114718,3,448,11,462
5114719,6,197,29,232
5114720,12,532,71,615
5114721,0,0,0,0
5114722,3,444,52,499
5114723,0,213,24,237
5114724,9,308,15,332
5114725,42,294,21,357
5114726,15,628,56,699
5114727,8,444,20,472
5114728,13,424,49,486
5114729,10,302,71,383
5114730,6,368,9,383
5114731,7,218,21,246
5114732,13,401,17,431
5114733,3,237,21,261
5114734,0,290,6,296
5114735,10,250,20,280
5114736,6,493,26,525
5114737,0,351,41,392
5114738,0,0,0,0
5114739,4,201,10,215
5114740,17,291,11,319
5114741,3,226,6,235
5114742,3,360,17,380
5114743,10,213,10,233
5114801,18,2104,111,2233
5114802,19,1805,93,1917
5114803,7,540,12,559
5114804,18,944,65,1027
5114805,15,1090,25,1130
5114806,4,685,38,727
5114807,9,263,11,283
5114808,9,534,21,564
5114809,18,619,27,664
5114810,12,485,6,503
5114811,3,590,23,616
5114812,12,351,18,381
5114813,3,322,4,329
5114814,3,268,13,284
5114815,0,313,12,325
5114816,11,631,39,681
5114817,9,466,18,493
5114818,3,522,18,543
5114819,7,522,33,562
5114820,7,340,24,371
5114901,8,245,22,275
5114902,0,85,6,91
5114903,12,377,24,413
5114904,6,439,21,466
5114905,0,330,13,343
5114906,10,461,19,490
5114907,13,249,27,289
5114908,6,407,32,445
5114909,18,432,35,485
5114910,18,578,28,624
5114911,6,458,11,475
5114912,9,350,13,372
5114913,18,419,15,452
5114914,4,429,25,458
5114915,4,272,6,282
5115001,0,17,0,17
5115101,0,0,0,0
5115201,23,653,40,716
5115202,24,422,15,461
5115203,6,284,15,305
5115204,13,453,19,485
5115205,11,398,34,443
5115206,13,402,30,445
5115207,21,558,28,607
5115208,6,253,18,277
5115209,15,501,27,543
5115210,14,166,15,195
5115211,18,566,18,602
5115212,18,653,16,687
5115213,14,274,24,312
5115214,15,315,24,354
5115215,21,406,12,439
5115216,6,634,24,664
5115301,21,418,4,443
5115302,6,268,6,280
5115303,6,436,19,461
5115304,12,290,9,311
5115305,12,293,15,320
5115306,27,478,15,520
5115307,21,296,50,367
5115308,12,365,32,409
5115309,23,285,21,329
5115310,18,291,28,337
5115311,9,267,24,300
5115312,3,396,15,414
5115313,0,259,4,263
5115314,15,249,18,282
5115315,21,369,24,414
5115316,12,353,12,377
5115317,12,380,27,419
5115318,64,451,27,542
5115319,12,430,6,448
5115320,23,451,33,507
5115401,16,328,11,355
5115402,29,337,33,399
5115403,21,407,19,447
5115404,30,553,28,611
5115405,18,296,27,341
5115406,99,214,18,331
5115407,28,480,46,554
5115408,27,447,22,496
5115409,33,331,20,384
5115410,37,529,35,601
5115411,34,462,51,547
5115412,42,541,59,642
5115413,37,537,18,592
5115414,14,445,53,512
5115415,26,345,23,394
5115416,28,416,29,473
5115417,12,246,27,285
5115418,27,327,9,363
5115419,11,269,30,310
5115420,52,504,38,594
5115421,28,569,32,629
5115501,0,15,0,15
5115601,0,523,40,563
5115602,14,271,17,302
5115603,0,0,0,0
5115604,18,220,6,244
5115605,7,246,0,253
5115606,3,254,18,275
5115607,10,558,11,579
5115608,0,284,21,305
5115701,0,188,31,219
5115801,3,148,9,160
5115802,0,345,45,390
5115803,0,31,0,31
5115901,15,322,7,344
5115902,11,310,5,326
5115903,0,235,0,235
5115904,8,449,10,467
5115905,6,358,25,389
5115906,63,405,26,494
5115907,18,386,29,433
5115908,25,435,20,480
5115909,6,422,35,463
5115910,21,472,25,518
5115911,22,432,25,479
5115912,21,638,39,698
5115913,24,301,7,332
5115914,6,320,12,338
5115915,0,315,10,325
5115916,27,581,21,629
5115917,15,334,14,363
5115918,9,456,18,483
5115919,21,637,18,676
5115920,9,514,16,539
5115921,5,388,6,399
5115922,9,280,10,299
5115923,8,337,3,348
5115924,18,499,9,526
5115925,35,398,17,450
5116001,16,423,27,466
5116002,33,471,24,528
5116003,7,212,13,232
5116004,27,377,18,422
5116005,18,301,20,339
5116006,12,303,9,324
5116007,27,326,27,380
5116008,14,223,15,252
5116009,6,413,19,438
5116010,15,401,25,441
5116011,31,538,21,590
5116012,10,246,7,263
5116013,22,473,16,511
5116014,64,311,7,382
5116015,25,291,9,325
5116016,23,315,24,362
5116017,26,360,18,404
5116018,22,287,20,329
5116019,15,318,24,357
5116020,21,493,22,536
5116021,6,205,21,232
5116022,30,306,24,360
5116023,130,457,39,626
5116101,8,199,12,219
5116102,9,435,12,456
5116103,9,369,7,385
5116104,12,1051,36,1099
5116105,9,359,11,379
5116106,4,321,13,338
5116107,3,226,10,239
5116108,12,515,38,565
5116109,12,619,46,677
5116110,3,390,23,416
5116111,21,1066,81,1168
5116112,0,171,21,192
5116113,7,706,70,783
5116114,3,305,49,357
5116115,6,491,24,521
5116116,7,402,22,431
5116117,9,481,7,497
5116118,12,285,0,297
5116119,9,327,18,354
5116120,98,473,46,617
5116121,9,434,12,455
5116122,18,470,21,509
5116201,3,165,6,174
5116202,27,351,19,397
5116301,3,212,12,227
5116302,20,648,75,743
5116303,7,560,42,609
5116304,0,0,0,0
5116305,3,356,31,390
5116306,3,211,18,232
5116307,15,461,34,510
5116308,6,287,3,296
5116309,17,467,27,511
5116310,7,249,22,278
5116311,24,553,29,606
5116312,9,323,14,346
5116313,5,304,24,333
5116314,20,453,10,483
5116315,4,233,14,251
5116316,9,420,50,479
5116317,13,449,51,513
5116318,3,280,26,309
5116401,3,342,24,369
5116402,6,315,4,325
5116403,3,253,9,265
5116404,9,293,10,312
5116405,3,323,18,344
5116406,9,374,12,395
5116407,16,365,41,422
5116408,15,447,25,487
5116409,6,477,37,520
5116410,41,565,39,645
5116411,0,308,39,347
5116412,12,344,34,390
5116413,13,326,25,364
5116414,60,395,9,464
5116415,8,366,16,390
5116416,21,518,12,551
5116417,6,320,10,336
5116501,0,0,0,0
5116502,30,567,34,631
5116503,4,580,51,635
5116504,10,517,43,570
5116505,10,357,42,409
5116506,46,258,39,343
5116507,24,519,15,558
5116508,13,279,32,324
5116509,20,527,33,580
5116510,15,344,58,417
5116511,8,378,23,409
5116512,0,274,21,295
5116513,15,378,80,473
5116514,8,302,13,323
5116515,27,573,24,624
5116516,29,464,35,528
5116517,22,590,27,639
5116518,23,439,12,474
5116519,55,396,86,537
5116520,21,294,37,352
5116521,7,322,11,340
5116522,22,480,29,531
5116523,16,222,23,261
5116524,6,180,32,218
5116525,0,108,9,117
5116526,15,484,26,525
5116527,13,361,10,384
5116528,70,463,47,580
5116529,12,219,25,256
5116530,13,337,7,357
5116531,3,200,8,211
5116532,10,286,40,336
5116601,0,26,0,26
5116602,6,278,24,308
5116603,9,187,18,214
5116604,42,342,43,427
5116605,18,452,9,479
5116606,0,0,0,0
5116607,29,417,37,483
5116608,20,581,23,624
5116609,15,457,41,513
5116610,27,534,46,607
5116611,9,319,25,353
5116612,12,356,21,389
5116613,22,485,37,544
5116614,23,359,9,391
5116615,24,256,6,286
5116616,9,275,12,296
5116617,16,364,3,383
5116618,18,328,9,355
5116619,151,259,16,426
5116620,16,281,27,324
5116621,6,187,3,196
5116622,24,313,21,358
5116623,9,302,26,337
5116624,12,334,23,369
5116625,39,487,25,551
5116626,22,335,16,373
5116627,0,103,0,103
5116628,28,484,29,541
5116629,9,227,22,258
5116630,26,262,25,313
5116631,7,270,9,286
5116632,15,307,9,331
5116633,23,421,12,456
5116634,26,669,31,726
5116635,30,464,48,542
5116636,9,271,9,289
5116701,0,6,0,6
5116702,0,0,0,0
5116801,13,299,12,324
5116802,6,52,6,64
5116803,0,188,3,191
5116804,18,202,38,258
5116805,12,272,15,299
5116901,28,1119,83,1230
5116902,14,456,38,508
5116903,0,0,0,0
5116904,3,328,7,338
5116905,3,211,16,230
5116906,0,0,0,0
5116907,13,442,51,506
5116908,17,532,8,557
5116909,10,523,35,568
5116910,15,476,32,523
5116911,23,938,49,1010
5116912,6,498,32,536
5116913,9,375,41,425
5116914,6,524,33,563
5116915,18,757,54,829
5117001,16,546,53,615
5117002,0,0,0,0
5117003,138,452,80,670
5117004,26,299,33,358
5117005,19,271,60,350
5117006,26,452,71,549
5117007,12,247,22,281
5117008,29,429,76,534
5117009,8,485,86,579
5117010,12,322,43,377
5117011,12,279,55,346
5117012,12,383,34,429
5117013,6,389,23,418
5117014,14,508,70,592
5117015,33,511,64,608
5117016,29,554,73,656
5117017,0,6,0,6
5117101,15,505,16,536
5117102,0,0,571,571
5117103,21,430,30,481
5117104,12,313,24,349
5117201,0,0,0,0
5117202,0,93,13,106
5117301,3,11,0,14
5117401,18,262,18,298
5117402,12,209,62,283
5117403,0,21,0,21
5117404,8,293,39,340
5117405,0,0,0,0
5117406,5,518,18,541
5117407,12,212,44,268
5117408,14,204,36,254
5117409,9,227,6,242
5117410,15,415,28,458
5117411,28,464,31,523
5117412,15,394,40,449
5117413,13,499,18,530
5117414,34,614,37,685
5117415,14,308,28,350
5117416,8,258,14,280
5117417,12,315,33,360
5117418,17,517,29,563
5117419,17,228,6,251
5117420,25,588,16,629
5117421,20,260,15,295
5117422,30,590,36,656
5117423,26,511,64,601
5117424,24,307,44,375
5117425,20,311,39,370
5117426,21,322,62,405
5117427,18,269,59,346
5117428,27,427,34,488
5117501,9,293,74,376
5117502,12,402,39,453
5117503,18,434,84,536
5117504,15,543,13,571
5117505,8,387,19,414
5117506,12,299,13,324
5117507,7,303,59,369
5117508,4,474,28,506
5117509,9,422,42,473
5117510,15,421,18,454
5117511,15,440,31,486
5117512,9,345,21,375
5117513,13,294,23,330
5117514,8,414,32,454
5117515,4,414,35,453
5117516,13,496,24,533
5117517,14,473,42,529
5117518,12,469,56,537
5117519,3,329,8,340
5117520,21,487,15,523
5117521,9,351,24,384
5117522,3,309,12,324
5117523,0,538,24,562
5117524,6,300,16,322
5117601,15,373,22,410
5117602,61,351,25,437
5117603,9,457,18,484
5117604,9,305,16,330
5117605,9,228,3,240
5117606,6,479,4,489
5117607,17,543,12,572
5117608,6,260,0,266
5117609,9,493,12,514
5117701,9,309,16,334
5117702,9,427,9,445
5117703,96,388,18,502
5117704,12,370,3,385
5117705,12,338,9,359
5117706,18,353,7,378
5117707,18,337,28,383
5117708,17,416,35,468
5117709,15,384,36,435
5117710,6,361,25,392
5117711,0,281,46,327
5117712,12,314,30,356
5117713,18,634,31,683
5117714,12,263,17,292
5117715,69,349,14,432
5117716,4,405,7,416
5117717,13,452,29,494
5117718,14,475,18,507
5117719,34,460,25,519
5117720,23,409,15,447
5117721,7,420,28,455
5117722,9,230,3,242
5117723,34,290,47,371
5117724,13,442,20,475
5117725,12,399,29,440
5117726,11,357,15,383
5117727,12,403,30,445
5117728,26,603,38,667
5117729,21,324,24,369
5117730,18,521,23,562
5117801,12,542,19,573
5117802,15,417,46,478
5117803,15,258,14,287
5117804,15,415,19,449
5117805,16,469,15,500
5117806,13,411,39,463
5117807,34,521,21,576
5117808,9,363,20,392
5117809,18,513,29,560
5117810,15,373,9,397
5117811,5,458,13,476
5117812,15,473,15,503
5117813,14,442,31,487
5117814,6,262,13,281
5117815,96,608,42,746
5117816,4,282,21,307
5117817,37,363,20,420
5117818,7,357,13,377
5117819,6,236,7,249
5117820,15,468,23,506
5117821,13,274,0,287
5117822,20,412,11,443
5117823,17,394,22,433
5117824,13,385,3,401
5117825,11,359,24,394
5117826,10,576,35,621
5117827,8,637,68,713
5117828,0,190,12,202
5117829,7,444,27,478
5117830,24,340,19,383
5117831,11,440,21,472
5117901,4,241,6,251
5117902,11,384,5,400
5117903,8,485,10,503
5117904,42,177,0,219
5117905,3,549,16,568
5117906,6,355,15,376
5117907,135,208,18,361
5117908,16,413,19,448
5117909,5,346,0,351
5117910,3,420,9,432
5117911,64,424,0,488
5117912,20,612,15,647
5117913,18,499,21,538
5117914,3,388,22,413
5117915,0,318,15,333
5117916,12,539,21,572
5117917,12,602,20,634
5118001,7,283,0,290
5118002,0,294,5,299
5118003,12,407,10,429
5118004,6,285,0,291
5118005,6,252,9,267
5118006,11,458,12,481
5118007,6,303,6,315
5118008,10,485,18,513
5118009,5,343,6,354
5118010,9,266,3,278
5118011,6,362,15,383
5118012,9,515,18,542
5118013,6,306,0,312
5118014,0,296,7,303
5118015,18,540,15,573
5118016,12,419,12,443
5118017,9,438,15,462
5118018,3,203,13,219
5118019,9,352,3,364
5118020,11,572,9,592
5118021,6,488,8,502
5118022,0,341,11,352
5118023,6,210,7,223
5118024,3,241,3,247
5118025,3,180,9,192
5118026,0,0,0,0
5118027,6,226,0,232
5118028,0,283,9,292
5118029,3,533,4,540
5118030,6,239,6,251
5118031,3,244,15,262
5118032,3,270,3,276
5118101,16,326,16,358
5118102,14,409,18,441
5118103,7,392,8,407
5118104,13,464,23,500
5118105,13,382,15,410
5118106,16,425,12,453
5118107,14,534,8,556
5118108,15,417,12,444
5118109,6,422,33,461
5118110,15,392,15,422
5118111,18,542,39,599
5118112,10,543,41,594
5118113,10,528,24,562
5118114,3,415,10,428
5118115,6,407,10,423
5118116,14,470,15,499
5118117,3,222,4,229
5118118,15,567,21,603
5118119,83,449,31,563
5118120,21,585,19,625
5118121,10,486,27,523
5118122,12,421,30,463
5118123,5,442,25,472
5118124,22,572,15,609
5118125,15,605,12,632
5118126,12,473,27,512
5118127,75,167,7,249
5118128,9,299,9,317
5118129,10,401,16,427
5118130,16,578,39,633
5118131,12,573,14,599
5118132,12,432,11,455
5118201,7,522,9,538
5118202,16,460,10,486
5118203,6,206,4,216
5118204,15,373,15,403
5118205,10,293,4,307
5118206,18,390,18,426
5118207,9,384,12,405
5118208,6,371,27,404
5118209,9,395,19,423
5118210,16,532,10,558
5118211,6,203,17,226
5118212,4,383,35,422
5118213,117,807,86,1010
5118214,9,417,18,444
5118215,12,247,14,273
5118216,7,316,9,332
5118217,12,393,15,420
5118218,13,375,5,393
5118219,9,304,0,313
5118220,9,360,6,375
5118221,12,525,7,544
5118222,12,329,18,359
5118223,6,494,39,539
5118224,9,644,15,668
5118225,3,307,6,316
5118226,9,270,15,294
5118227,6,601,0,607
5118228,4,383,9,396
5118301,29,399,6,434
5118302,52,567,13,632
5118303,13,363,8,384
5118304,9,419,15,443
5118305,12,343,22,377
5118306,33,522,55,610
5118307,33,256,54,343
5118308,46,548,56,650
5118309,19,347,25,391
5118310,44,419,43,506
5118401,4,291,7,302
5118402,6,261,6,273
5118403,10,492,10,512
5118404,6,402,4,412
5118405,0,248,7,255
5118406,9,285,4,298
5118407,0,0,0,0
5118408,9,297,15,321
5118409,12,514,12,538
5118410,7,504,3,514
5118411,18,359,19,396
5118412,3,224,0,227
5118413,5,314,15,334
5118414,14,361,3,378
5118415,3,265,6,274
5118416,0,263,3,266
5118417,9,289,6,304
5118418,8,578,6,592
5118501,0,0,0,0
5118502,24,1289,31,1344
5118503,15,627,43,685
5118504,9,1125,28,1162
5118505,9,1322,49,1380
5118506,6,324,19,349
5118507,9,241,6,256
5118508,7,227,14,248
5118509,16,347,29,392
5118510,18,344,12,374
5118511,9,583,47,639
5118512,6,331,6,343
5118513,9,298,35,342
5118514,6,270,7,283
5118515,18,911,52,981
5118516,6,255,24,285
5118517,21,546,15,582
5118518,4,281,11,296
5118519,3,401,9,413
5118520,3,352,25,380
5118521,9,554,22,585
5118522,16,1120,44,1180
5118523,25,1359,79,1463
5118524,30,2120,82,2232
5118525,10,379,17,406
5118601,22,325,9,356
5118602,22,514,33,569
5118603,27,349,28,404
5118604,81,425,45,551
5118605,27,517,43,587
5118606,21,362,12,395
5118607,0,267,17,284
5118608,14,237,9,260
5118609,64,485,23,572
5118610,21,417,15,453
5118611,9,315,27,351
5118612,20,299,17,336
5118613,12,294,22,328
5118614,24,220,13,257
5118615,19,267,35,321
5118616,45,431,33,509
5118617,15,409,9,433
5118618,29,265,5,299
5118619,21,303,19,343
5118620,22,443,40,505
5118621,22,451,22,495
5118701,10,240,32,282
5118702,6,272,3,281
5118703,18,365,50,433
5118704,8,511,35,554
5118705,11,417,49,477
5118706,10,199,46,255
5118707,12,563,19,594
5118708,6,299,16,321
5118709,7,470,36,513
5118710,9,396,18,423
5118711,11,426,20,457
5118712,21,607,102,730
5118713,15,474,24,513
5118714,13,400,9,422
5118715,18,398,41,457
5118716,12,318,12,342
5118717,9,446,24,479
5118718,74,381,103,558
5118719,18,474,36,528
5118720,4,393,17,414
5118721,16,812,41,869
5118722,0,0,0,0
5118723,0,63,12,75
5118724,3,19,0,22
5118725,10,300,35,345
5118726,15,348,42,405
5118727,9,273,20,302
5118728,7,281,36,324
5118729,6,305,46,357
5118730,12,328,26,366
5118731,12,272,36,320
5118732,13,440,34,487
5118733,12,621,36,669
5118734,19,482,16,517
5118801,0,0,0,0
5118802,9,254,9,272
5118803,9,255,60,324
5118804,35,444,7,486
5118805,102,349,16,467
5118806,54,197,19,270
5118807,18,490,35,543
5118808,38,606,45,689
5118809,15,263,9,287
5118810,21,556,41,618
5118811,48,518,72,638
5118812,8,284,31,323
5118813,27,375,15,417
5118814,36,503,30,569
5118815,62,386,29,477
5118816,55,449,19,523
5118817,0,0,0,0
5118818,40,468,52,560
5118819,0,431,80,511
5118820,11,241,10,262
5118821,19,534,80,633
5118822,29,377,40,446
5118823,9,98,6,113
5118824,27,332,11,370
5118825,14,684,23,721
5118826,22,401,52,475
5118827,18,355,33,406
5118828,8,426,9,443
5118829,29,578,88,695
5118830,25,363,24,412
5118831,22,436,22,480
5118832,15,327,35,377
5118833,3,36,0,39
5118834,18,319,24,361
5118835,6,583,25,614
5118901,0,15,0,15
5119001,28,386,32,446
5119002,24,427,32,483
5119003,21,424,18,463
5119004,23,366,29,418
5119005,15,272,3,290
5119006,15,301,10,326
5119007,21,493,25,539
5119008,38,505,29,572
5119009,18,382,29,429
5119010,10,382,6,398
5119011,25,484,10,519
5119012,26,347,48,421
5119013,30,372,28,430
5119014,9,322,21,352
5119015,9,458,12,479
5119016,9,191,9,209
5119017,12,431,39,482
5119018,8,307,24,339
5119019,15,353,10,378
5119020,6,293,9,308
5119021,20,343,32,395
5119022,10,302,15,327
5119023,164,260,16,440
5119024,15,257,18,290
5119025,12,435,15,462
5119026,32,968,49,1049
5119101,9,607,28,644
5119102,3,273,39,315
5119103,10,490,32,532
5119104,4,365,17,386
5119105,9,244,32,285
5119106,13,331,35,379
5119107,18,295,29,342
5119108,3,298,9,310
5119109,21,498,12,531
5119110,10,619,20,649
5119111,8,680,25,713
5119112,9,651,26,686
5119113,12,730,30,772
5119114,4,470,9,483
5119115,4,315,21,340
5119116,3,621,24,648
5119117,9,284,0,293
5119118,9,554,15,578
5119119,12,343,58,413
5119120,11,766,13,790
5119121,13,1160,46,1219
5119122,12,325,24,361
5119123,9,294,4,307
5119124,12,558,24,594
5119125,13,427,22,462
5119126,21,450,30,501
5119127,11,670,42,723
5119128,15,398,17,430
5119129,16,600,20,636
5119130,13,278,10,301
5119201,11,282,21,314
5119202,18,371,19,408
5119203,12,351,46,409
5119204,30,442,18,490
5119205,5,269,15,289
5119206,15,404,24,443
5119207,12,401,31,444
5119208,9,257,42,308
5119209,9,311,15,335
5119210,21,318,39,378
5119211,15,305,29,349
5119212,12,614,67,693
5119213,20,483,27,530
5119214,16,300,9,325
5119215,15,226,18,259
5119216,66,211,0,277
5119217,30,550,79,659
5119218,6,606,44,656
5119219,27,517,28,572
5119220,22,529,9,560
5119221,15,259,25,299
5119222,17,366,11,394
5119223,20,399,49,468
5119224,7,394,28,429
5119225,3,287,24,314
5119226,5,353,15,373
5119227,12,309,15,336
5119228,12,378,9,399
5119229,27,211,36,274
5119301,7,315,32,354
5119302,23,368,22,413
5119303,9,258,21,288
5119304,12,267,18,297
5119305,3,497,18,518
5119306,12,210,0,222
5119307,10,400,34,444
5119308,30,300,38,368
5119309,26,462,37,525
5119310,19,492,51,562
5119311,20,317,26,363
5119312,9,293,21,323
5119313,18,221,15,254
5119314,32,436,42,510
5119315,15,315,12,342
5119316,21,331,12,364
5119317,12,344,41,397
5119318,8,282,12,302
5119319,0,194,21,215
5119320,18,275,18,311
5119321,10,338,18,366
5119322,15,469,24,508
5119323,9,394,15,418
5119324,19,384,42,445
5119325,14,570,37,621
5119326,21,477,27,525
5119327,15,402,29,446
5119328,13,374,16,403
5119401,9,351,9,369
5119402,7,195,9,211
5119403,0,9,0,9
5119404,0,0,0,0
5119405,12,294,37,343
5119406,95,203,27,325
5119407,15,424,52,491
5119408,20,505,44,569
5119409,15,385,66,466
5119410,3,306,43,352
5119411,36,274,33,343
5119412,3,323,21,347
5119413,18,349,28,395
5119414,6,313,13,332
5119415,10,348,34,392
5119416,10,295,67,372
5119417,21,462,28,511
5119418,10,276,15,301
5119419,10,201,17,228
5119420,9,401,12,422
5119421,6,411,19,436
5119422,0,244,6,250
5119423,3,222,6,231
5119424,15,311,33,359
5119425,14,420,23,457
5119426,6,262,18,286
5119427,15,157,28,200
5119428,7,331,9,347
5119429,3,180,18,201
5119430,27,336,23,386
5119431,21,410,57,488
5119432,24,288,19,331
5119433,18,257,0,275
5119434,7,158,13,178
5119435,12,224,21,257
5119501,0,0,0,0
5119502,6,163,9,178
5119503,12,183,10,205
5119504,3,3,0,6
5119505,10,552,47,609
5119506,21,486,50,557
5119507,9,194,29,232
5119508,0,334,3,337
5119509,6,242,7,255
5119510,3,157,0,160
5119511,9,415,24,448
5119512,0,453,41,494
5119513,0,3,0,3
5119514,12,415,10,437
5119515,0,243,6,249
5119601,9,186,0,195
5119602,22,436,33,491
5119603,12,342,33,387
5119604,15,279,32,326
5119605,6,277,67,350
5119606,15,267,55,337
5119607,15,351,72,438
5119608,21,317,56,394
5119609,15,320,56,391
5119610,12,301,30,343
5119611,15,244,54,313
5119612,6,328,48,382
5119613,25,174,25,224
5119614,9,307,39,355
5119615,3,196,13,212
5119616,9,204,12,225
5119701,0,0,0,0
5119702,0,109,9,118
5119703,6,208,14,228
5119704,9,202,21,232
5119705,9,367,47,423
5119706,0,317,16,333
5119707,0,167,18,185
5119708,12,433,40,485
5119709,3,201,53,257
5119710,18,303,9,330
5119711,18,282,12,312
5119712,0,110,15,125
5119713,3,207,10,220
5119714,10,146,28,184
5119715,20,464,24,508
5119801,9,595,86,690
5119802,11,375,64,450
5119803,15,482,162,659
5119804,3,349,67,419
5119805,14,285,87,386
5119806,0,0,0,0
5119807,12,286,88,386
5119808,9,200,82,291
5119809,18,335,61,414
5119810,9,419,75,503
5119811,21,344,94,459
5119812,8,459,55,522
5119813,9,410,44,463
5119814,4,373,69,446
5119815,0,366,8,374
5119816,3,406,30,439
5119817,6,358,13,377
5119818,10,372,64,446
5119901,9,186,65,260
5119902,3,98,3,104
5119903,6,113,14,133
5119904,47,392,88,527
5119905,3,236,78,317
5119906,7,328,93,428
5119907,0,230,16,246
5119908,6,416,15,437
5119909,3,113,10,126
5119910,0,320,59,379
5119911,0,280,41,321
5119912,12,447,44,503
5119913,17,297,33,347
5119914,15,525,41,581
5119915,12,399,93,504
5119916,93,339,23,455
5119917,8,546,190,744
5119918,7,490,79,576
5119919,18,350,82,450
5119920,6,421,76,503
5119921,3,365,75,443
5119922,5,398,46,449
5119923,15,545,27,587
5119924,20,348,74,442
5119925,9,575,35,619
5119926,24,641,110,775
5119927,6,495,39,540
5119928,12,557,37,606
5119929,9,383,12,404
5119930,9,389,15,413
5119931,0,297,17,314
5119932,6,377,32,415
5120001,6,222,13,241
5120002,6,171,22,199
5120003,6,210,42,258
5120004,4,298,48,350
5120005,0,41,0,41
5120006,8,282,51,341
5120007,12,415,173,600
5120008,9,369,27,405
5120009,0,0,0,0
5120010,0,257,30,287
5120011,0,0,0,0
5120012,0,322,30,352
5120013,0,0,0,0
5120014,0,0,0,0
5120015,3,233,19,255
5120016,6,285,25,316
5120017,0,0,0,0
5120018,6,320,30,356
5120019,6,332,20,358
5120020,9,460,28,497
5120021,6,333,68,407
5120022,4,348,69,421
5120023,12,494,55,561
5120024,11,335,54,400
5120025,3,199,12,214
5120026,6,419,36,461
5120027,12,442,19,473
5120028,7,369,15,391
5120029,10,421,12,443
5120030,4,480,40,524
5120031,0,0,0,0
5120101,0,0,0,0
5120201,21,304,60,385
5120202,0,0,0,0
5120203,10,200,31,241
5120204,8,268,48,324
5120205,0,27,3,30
5120206,0,385,97,482
5120207,0,46,0,46
5120208,0,84,0,84
5120209,6,283,78,367
5120210,27,371,53,451
5120211,16,282,33,331
5120212,4,451,38,493
5120213,0,400,30,430
5120214,0,286,23,309
5120215,8,304,26,338
5120216,0,255,18,273
5120217,6,293,81,380
5120218,7,373,61,441
5120301,0,0,0,0
5120302,8,191,6,205
5120303,0,168,9,177
5120304,9,133,6,148
5120305,13,260,30,303
5120306,27,414,31,472
5120307,3,405,41,449
5120308,0,437,75,512
5120309,0,464,118,582
5120310,0,91,0,91
5120311,15,486,277,778
5120312,0,164,15,179
5120313,3,265,168,436
5120314,6,349,60,415
5120315,17,125,6,148
5120316,6,180,0,186
5120317,6,114,6,126
5120318,0,217,46,263
5120319,3,72,0,75
5120401,0,0,0,0
5120501,3,78,128,209
5120502,0,0,0,0
5120503,6,287,39,332
5120504,9,369,44,422
5120505,3,427,30,460
5120506,0,93,17,110
5120507,6,228,69,303
5120508,0,149,31,180
5120509,19,556,67,642
5120510,17,323,66,406
5120511,15,326,48,389
5120512,24,360,94,478
5120513,0,240,18,258
5120514,3,185,15,203
5120515,16,342,68,426
5120516,7,253,31,291
5120517,44,186,15,245
5120518,0,108,19,127
5120519,6,298,34,338
5120520,3,304,37,344
5120521,5,507,75,587
5120522,0,84,30,114
5120523,0,491,23,514
5120524,6,304,8,318
5120525,6,668,66,740
5120526,7,281,9,297
5120527,3,232,32,267
5120528,9,292,17,318
5120529,18,249,90,357
5120530,12,256,40,308
5120531,14,232,41,287
5120532,9,358,66,433
5120533,8,300,46,354
5120534,12,644,62,718
5120535,15,592,76,683
5120536,3,268,34,305
5120601,3,94,15,112
5120602,10,117,0,127
5120603,0,68,0,68
5120604,3,126,18,147
5120605,0,147,4,151
5120606,0,63,4,67
5120607,3,40,0,43
5120608,3,49,3,55
5120609,0,312,5,317
5120610,11,526,42,579
5120611,24,157,5,186
5120612,25,347,7,379
5120613,10,124,0,134
5120614,6,97,3,106
5120615,6,75,0,81
5120616,8,154,22,184
5120617,6,264,12,282
5120618,3,29,25,57
5120619,42,276,102,420
5120620,3,190,31,224
5120621,9,365,75,449
5120622,4,376,200,580
5120623,18,451,118,587
5120624,18,444,126,588
5120625,3,166,1436,1605
5120626,0,82,17,99
5120627,0,107,0,107
5120628,10,290,6,306
5120629,18,345,12,375
5120701,6,281,11,298
5120702,10,111,0,121
5120703,13,436,15,464
5120704,9,342,6,357
5120705,34,449,21,504
5120706,7,261,44,312
5120707,10,240,6,256
5120708,6,142,0,148
5120709,29,465,15,509
5120710,27,158,6,191
5120711,20,347,40,407
5120801,6,193,7,206
5120802,12,177,28,217
5120803,9,245,10,264
5120804,0,343,76,419
5120805,12,688,47,747
5120806,3,18,6,27
5120807,6,136,15,157
5120808,0,223,55,278
5120809,12,415,40,467
5120810,16,429,59,504
5120811,13,875,51,939
5120812,0,119,19,138
5120813,0,94,7,101
5120814,12,535,57,604
5120815,14,699,80,793
5120816,10,548,99,657
5120817,6,602,139,747
5120818,3,479,64,546
5120901,9,296,40,345
5120902,6,574,12,592
5120903,6,316,12,334
5120904,12,229,0,241
5120905,3,263,21,287
5120906,9,235,31,275
5120907,0,165,3,168
5121001,15,440,37,492
5121002,24,260,18,302
5121003,6,245,16,267
5121004,21,432,21,474
5121005,13,257,9,279
5121006,18,338,27,383
5121007,15,445,24,484
5121008,52,293,31,376
5121009,35,265,30,330
5121010,13,262,12,287
5121011,12,431,23,466
5121012,117,155,12,284
5121013,20,524,19,563
5121014,14,457,18,489
5121015,94,321,42,457
5121016,3,202,19,224
5121017,32,445,59,536
5121018,20,467,16,503
5121019,44,407,48,499
5121020,30,331,5,366
5121021,21,357,19,397
5121022,27,423,31,481
5121023,0,0,0,0
5121024,3,3,0,6
5121025,25,337,17,379
5121026,12,334,15,361
5121027,33,381,68,482
5121028,18,282,20,320
5121029,12,268,44,324
5121030,12,417,30,459
5121031,3,127,18,148
5121032,9,379,47,435
5121033,23,435,31,489
5121101,17,632,27,676
5121102,19,491,38,548
5121103,15,177,24,216
5121104,19,468,43,530
5121105,26,529,94,649
5121106,24,229,79,332
5121107,15,230,55,300
5121108,6,405,12,423
5121109,26,462,50,538
5121110,3,260,0,263
5121111,17,362,8,387
5121112,6,245,17,268
5121113,9,464,9,482
5121114,6,422,9,437
5121115,20,377,16,413
5121116,9,335,9,353
5121117,27,355,47,429
5121118,9,203,295,507
5121201,6,384,27,417
5121202,6,240,11,257
5121203,4,448,22,474
5121204,22,388,17,427
5121205,15,177,3,195
5121206,8,392,15,415
5121207,12,348,15,375
5121208,10,591,24,625
5121209,0,341,21,362
5121210,3,273,12,288
5121211,9,411,9,429
5121212,15,330,3,348
5121213,9,325,6,340
5121214,15,334,24,373
5121215,4,193,9,206
5121216,9,349,12,370
5121217,8,331,15,354
5121218,3,216,19,238
5121301,6,417,24,447
5121302,8,493,12,513
5121303,9,484,20,513
5121304,4,323,13,340
5121305,7,406,19,432
5121306,19,419,18,456
5121307,9,353,37,399
5121308,15,555,56,626
5121309,6,457,30,493
5121310,14,384,28,426
5121311,6,503,21,530
5121312,9,421,16,446
5121313,11,525,21,557
5121314,12,261,18,291
5121315,14,454,29,497
5121316,21,668,28,717
5121317,0,219,12,231
5121318,9,368,28,405
5121319,12,471,15,498
5121320,6,330,6,342
5121401,3,149,3,155
5121402,21,476,35,532
5121403,0,0,0,0
5121404,21,487,34,542
5121405,15,423,17,455
5121406,21,359,41,421
5121407,21,328,29,378
5121408,8,394,21,423
5121409,10,284,25,319
5121410,16,310,13,339
5121501,9,95,11,115
5121502,0,73,3,76
5121503,19,396,86,501
5121504,10,149,77,236
5121505,3,73,0,76
5121506,7,275,9,291
5121507,6,316,82,404
5121508,10,180,37,227
5121509,24,480,27,531
5121510,6,648,136,790
5121511,3,451,111,565
5121512,0,30,11,41
5121513,3,88,14,105
5121514,0,90,26,116
5121601,27,323,41,391
5121602,20,358,29,407
5121603,21,203,21,245
5121604,6,228,6,240
5121605,3,173,9,185
5121606,12,251,27,290
5121607,12,251,15,278
5121608,0,128,12,140
5121609,3,100,15,118
5121610,9,642,69,720
5121611,4,199,0,203
5121612,3,220,3,226
5121613,6,148,6,160
5121614,3,289,0,292
5121615,11,335,9,355
5121616,9,212,35,256
5121701,9,114,9,132
5121702,0,28,6,34
5121703,12,194,9,215
5121704,17,162,9,188
5121705,22,331,17,370
5121706,3,161,24,188
5121707,15,279,15,309
5121708,13,258,6,277
5121709,12,302,15,329
5121710,6,222,6,234
5121711,19,270,19,308
5121712,6,345,18,369
5121713,13,257,18,288
5121714,15,289,34,338
5121715,6,190,15,211
5121716,23,427,30,480
5121717,27,387,27,441
5121718,10,347,3,360
5121719,0,3,0,3
5121720,16,298,43,357
5121721,0,154,19,173
5121722,3,175,6,184
5121801,0,379,11,390
5121802,0,369,24,393
5121803,3,545,17,565
5121804,3,302,33,338
5121805,3,357,38,398
5121806,9,613,31,653
5121807,7,1656,666,2329
5121808,6,555,28,589
5121809,9,460,17,486
5121810,0,434,15,449
5121811,0,355,20,375
5121812,3,1307,402,1712
5121813,0,611,40,651
5121814,13,564,87,664
5121901,9,157,11,177
5121902,9,147,0,156
5121903,0,3,3,6
5121904,3,122,6,131
5121905,13,294,48,355
5121906,4,16,3,23
5121907,0,182,26,208
5121908,3,98,6,107
5121909,3,112,100,215
5121910,6,61,16,83
5121911,6,769,110,885
5121912,3,164,7,174
5121913,9,1350,490,1849
5121914,0,64,6,70
5121915,0,1014,317,1331
5121916,3,570,233,806
5121917,7,849,306,1162
5122001,3,353,43,399
5122002,0,396,84,480
5122003,0,194,63,257
5122004,0,122,66,188
5122005,3,193,35,231
5122006,0,303,38,341
5122007,0,0,3,3
5122008,3,7,0,10
5122009,6,336,125,467
5122010,3,1116,103,1222
5122011,0,251,51,302
5122012,4,244,80,328
5122013,0,440,63,503
5122014,0,256,76,332
5122015,0,4,0,4
5122016,0,458,404,862
5122017,6,838,148,992
5122018,3,276,104,383
5122019,6,159,54,219
5122020,3,301,102,406
5122021,7,248,54,309
5122022,0,257,51,308
5122023,3,195,47,245
5122024,3,323,107,433
5122025,6,219,36,261
5122026,0,312,148,460
5122027,3,141,31,175
5122028,6,368,82,456
5122029,3,286,52,341
5122030,0,238,33,271
5122031,3,215,48,266
5122032,3,152,28,183
5122033,3,429,98,530
5122034,9,270,49,328
5122035,3,176,88,267
5122036,6,537,68,611
5122037,9,256,58,323
5122038,0,377,56,433
5122039,11,537,54,602
5122040,9,230,48,287
5122041,3,293,59,355
5122042,3,394,109,506
5122043,0,454,144,598
5122101,0,4,0,4
5122102,3,179,54,236
5122103,3,336,207,546
5122104,3,421,107,531
5122105,6,314,120,440
5122106,3,364,31,398
5122107,0,0,0,0
5122108,0,0,0,0
5122109,0,321,36,357
5122110,0,423,79,502
5122111,0,314,73,387
5122112,6,367,70,443
5122113,0,309,75,384
5122114,3,297,106,406
5122115,3,378,54,435
5122116,0,375,34,409
5122117,0,0,0,0
5122201,0,0,0,0
5122202,0,481,89,570
5122203,9,358,30,397
5122204,6,372,88,466
5122205,6,82,0,88
5122206,0,93,73,166
5122207,9,457,158,624
5122208,6,415,38,459
5122209,0,193,117,310
5122210,9,199,83,291
5122211,6,481,109,596
5122212,4,130,69,203
5122213,0,197,30,227
5122214,0,0,0,0
5122215,0,0,0,0
5122301,17,174,17,208
5122302,0,0,0,0
5122303,12,189,33,234
5122304,18,300,50,368
5122305,0,284,28,312
5122306,0,233,45,278
5122307,3,253,41,297
5122308,6,189,71,266
5122309,3,372,115,490
5122310,0,338,88,426
5122311,0,270,46,316
5122312,0,242,56,298
5122313,9,977,734,1720
5122314,9,275,54,338
5122315,0,146,41,187
5122316,0,0,0,0
5122317,0,40,37,77
5122318,0,360,241,601
5122401,0,22,0,22
5122402,0,247,92,339
5122403,51,103,69,223
5122404,0,82,35,117
5122405,6,257,79,342
5122406,0,172,87,259
5122407,3,383,103,489
5122408,6,270,72,348
5122409,3,213,93,309
5122410,0,0,0,0
5122411,4,514,86,604
5122412,6,536,38,580
5122413,6,399,52,457
5122414,4,510,153,667
5122415,11,324,69,404
5122416,0,421,113,534
5122417,12,280,150,442
5122418,12,291,114,417
5122419,9,315,119,443
5122420,3,245,54,302
5122421,0,281,92,373
5122422,9,454,59,522
5122423,9,404,121,534
5122424,3,254,38,295
5122425,13,271,77,361
5122501,11,473,19,503
5122502,8,234,9,251
5122503,15,381,9,405
5122504,42,308,14,364
5122505,37,596,21,654
5122506,17,314,14,345
5122507,11,271,7,289
5122508,12,292,6,310
5122509,34,496,21,551
5122510,48,303,24,375
5122511,31,347,30,408
5122512,94,381,5,480
5122513,69,215,18,302
5122514,18,387,22,427
5122515,19,546,16,581
5122516,12,312,21,345
5122517,10,323,28,361
5122518,24,342,26,392
5122519,30,507,19,556
5122520,9,181,10,200
5122521,29,576,20,625
5122522,49,342,13,404
5122523,32,479,15,526
5122524,27,599,13,639
5122525,6,234,9,249
5122526,79,293,15,387
5122527,95,201,13,309
5122528,24,175,6,205
5122529,6,165,4,175
5122530,33,400,18,451
5122531,0,10,0,10
5122532,9,267,3,279
5122533,17,443,46,506
5122534,23,298,8,329
5122535,9,328,9,346
5122536,5,114,0,119
5122601,6,293,22,321
5122602,11,435,20,466
5122603,0,287,9,296
5122604,0,250,0,250
5122605,11,317,9,337
5122606,9,268,0,277
5122607,9,322,24,355
5122608,12,245,17,274
5122609,9,240,12,261
5122610,3,153,0,156
5122701,6,229,6,241
5122702,16,514,23,553
5122703,19,336,0,355
5122704,0,237,9,246
5122705,35,431,19,485
5122706,21,394,18,433
5122707,0,34,0,34
5122708,15,458,24,497
5122709,24,272,24,320
5122710,9,284,34,327
5122711,15,344,6,365
5122712,7,375,16,398
5122801,18,238,9,265
5122802,16,275,15,306
5122803,0,0,0,0
5122804,0,0,0,0
5122805,0,0,0,0
5122806,7,236,8,251
5122807,20,168,9,197
5122808,19,157,9,185
5122809,0,327,9,336
5122810,9,267,11,287
5122811,6,245,15,266
5122812,13,325,18,356
5122813,0,163,4,167
5122814,24,341,53,418
5122815,27,243,15,285
5122816,3,255,3,261
5122817,15,268,12,295
5122818,18,215,12,245
5122819,22,234,14,270
5122820,12,422,6,440
5122821,12,324,24,360
5122901,0,177,7,184
5122902,9,228,3,240
5122903,6,260,9,275
5122904,0,259,6,265
5122905,3,206,7,216
5122906,6,327,31,364
5122907,3,196,8,207
5122908,9,223,6,238
5122909,22,323,16,361
5122910,0,216,24,240
5122911,15,220,18,253
5123001,17,427,24,468
5123002,9,222,12,243
5123003,29,287,12,328
5123004,7,283,16,306
5123005,17,311,18,346
5123006,5,227,8,240
5123007,6,267,9,282
5123008,6,313,28,347
5123009,6,420,9,435
5123010,17,386,15,418
5123011,6,211,24,241
5123012,21,241,13,275
5123013,43,340,21,404
5123014,13,238,19,270
5123101,11,242,13,266
5123102,13,423,22,458
5123103,0,324,28,352
5123104,15,313,24,352
5123105,3,268,15,286
5123106,15,211,4,230
5123107,7,247,21,275
5123108,34,519,7,560
5123109,21,521,27,569
5123110,0,176,3,179
5123111,6,248,3,257
5123112,3,153,6,162
5123113,0,240,9,249
5123201,15,247,12,274
5123202,0,262,11,273
5123203,12,388,3,403
5123204,6,289,12,307
5123205,6,254,27,287
5123206,16,325,0,341
5123207,6,216,3,225
5123208,3,329,21,353
5123209,5,218,9,232
5123210,0,51,305,356
5123211,9,212,3,224
5123301,18,363,23,404
5123302,18,418,18,454
5123303,8,261,6,275
5123304,3,254,26,283
5123305,15,534,36,585
5123306,7,381,21,409
5123307,15,202,22,239
5123308,23,546,30,599
5123309,24,496,18,538
5123310,21,370,15,406
5123311,41,357,24,422
5123312,18,453,33,504
5123313,18,238,19,275
5123314,37,1220,29,1286
5123315,30,387,33,450
5123316,23,237,21,281
5123317,40,383,40,463
5123318,21,343,11,375
5123319,19,385,31,435
5123320,18,433,15,466
5123321,8,288,12,308
5123401,0,237,14,251
5123402,9,245,10,264
5123403,8,232,10,250
5123404,7,314,29,350
5123405,3,125,6,134
5123406,39,170,14,223
5123407,15,371,24,410
5123408,12,222,15,249
5123409,12,228,18,258
5123410,15,204,18,237
5123411,15,285,6,306
5123412,18,408,38,464
5123413,19,356,22,397
5123414,28,324,35,387
5123415,17,306,21,344
5123416,9,252,107,368
5123501,0,0,0,0
5123601,6,196,23,225
5123602,4,236,9,249
5123603,7,299,29,335
5123604,13,395,16,424
5123605,6,238,15,259
5123606,6,308,24,338
5123607,15,709,42,766
5123608,6,253,9,268
5123609,9,501,17,527
5123610,20,459,26,505
5123611,12,231,12,255
5123612,12,252,24,288
5123701,21,138,9,168
5123702,0,217,16,233
5123703,18,249,6,273
5123704,25,330,18,373
5123705,70,450,36,556
5123706,6,291,18,315
5123707,6,382,9,397
5123708,36,607,37,680
5123709,4,301,6,311
5123710,15,243,12,270
5123711,15,330,14,359
5123801,22,348,24,394
5123802,16,347,28,391
5123803,42,475,13,530
5123804,9,413,42,464
5123805,24,253,38,315
5123806,0,163,0,163
5123807,13,247,10,270
5123808,3,294,6,303
5123809,25,330,15,370
5123810,11,292,0,303
5123811,9,192,6,207
5123812,0,336,6,342
5123901,15,173,21,209
5123902,12,238,18,268
5123903,9,184,21,214
5123904,13,326,48,387
5123905,28,498,58,584
5123906,6,173,59,238
5123907,13,446,43,502
5123908,11,213,18,242
5123909,9,71,3,83
5123910,18,314,24,356
5123911,3,178,6,187
5123912,25,707,11,743
5123913,8,119,11,138
5123914,6,212,26,244
5123915,4,310,169,483
5123916,6,319,10,335
5123917,24,417,21,462
5123918,18,374,12,404
5123919,23,535,48,606
5123920,28,575,35,638
5123921,9,272,6,287
5123922,6,248,13,267
5124001,32,392,35,459
5124002,40,476,29,545
5124003,22,418,14,454
5124004,10,243,14,267
5124005,22,550,47,619
5124006,18,658,56,732
5124007,28,451,31,510
5124008,9,225,6,240
5124009,6,143,0,149
5124010,6,294,12,312
5124011,12,238,4,254
5124012,0,173,0,173
5124013,3,159,9,171
5124014,3,170,12,185
5124101,4,305,22,331
5124102,9,194,4,207
5124103,15,219,15,249
5124104,15,450,37,502
5124105,26,513,52,591
5124106,0,173,0,173
5124107,3,215,9,227
5124108,18,504,31,553
5124109,4,182,3,189
5124110,6,307,5,318
5124111,0,238,3,241
5124112,12,332,16,360
5124113,18,181,0,199
5124114,6,237,15,258
5124115,9,219,12,240
5124201,4,40,3,47
5124202,3,290,84,377
5124203,9,156,0,165
5124204,10,251,15,276
5124205,7,227,6,240
5124206,4,246,3,253
5124207,11,275,5,291
5124208,6,212,13,231
5124209,23,315,8,346
5124210,9,390,29,428
5124211,10,281,42,333
5124212,0,180,9,189
5124213,0,198,8,206
5124214,3,71,6,80
5124301,24,278,20,322
5124302,32,307,61,400
5124303,6,304,16,326
5124304,13,227,17,257
5124305,59,243,47,349
5124306,9,256,6,271
5124307,13,274,91,378
5124308,32,316,37,385
5124309,9,276,13,298
5124310,24,214,18,256
5124311,9,274,22,305
5124312,6,202,24,232
5124313,27,352,48,427
5124314,21,223,16,260
5124315,29,316,18,363
5124316,15,264,42,321
5124317,14,210,34,258
5124318,22,273,20,315
5124319,22,242,52,316
5124320,8,364,32,404
5124321,17,378,43,438
5124322,22,301,33,356
5124323,7,257,15,279
5124324,0,229,8,237
5124325,13,277,15,305
5124326,12,187,0,199
5124327,4,186,0,190
5124328,9,205,9,223
5124329,12,274,6,292
5124330,16,239,18,273
5124331,21,277,40,338
5124332,4,219,5,228
5124333,6,295,16,317
5124334,0,85,21,106
5124335,9,302,19,330
5124401,24,326,24,374
5124402,27,304,35,366
5124403,14,196,18,228
5124404,20,323,15,358
5124405,3,356,12,371
5124406,12,313,17,342
5124407,21,360,30,411
5124408,9,149,25,183
5124409,12,344,9,365
5124410,6,273,21,300
5124411,21,329,63,413
5124412,10,207,28,245
5124413,15,385,32,432
5124501,23,240,9,272
5124502,30,265,18,313
5124503,22,211,36,269
5124504,26,471,54,551
5124505,3,210,24,237
5124506,23,329,26,378
5124507,25,305,12,342
5124508,29,279,10,318
5124509,15,281,15,311
5124510,13,394,30,437
5124511,15,242,3,260
5124512,18,269,9,296
5124513,3,149,0,152
5124514,12,242,6,260
5124515,12,260,27,299
5124516,15,229,15,259
5124601,16,360,16,392
5124602,10,350,24,384
5124603,15,233,18,266
5124604,9,166,6,181
5124605,4,230,0,234
5124606,9,409,21,439
5124607,14,305,9,328
5124608,22,364,18,404
5124609,23,386,28,437
5124610,66,445,33,544
5124701,0,146,11,157
5124702,3,165,3,171
5124703,3,322,7,332
5124704,0,138,7,145
5124705,6,265,4,275
5124706,9,205,13,227
5124707,6,213,9,228
5124708,9,306,13,328
5124709,6,274,3,283
5124710,18,230,10,258
5124711,9,263,24,296
5124712,3,184,9,196
5124713,3,216,0,219
5124714,6,289,56,351
5124715,18,180,0,198
5124716,6,390,12,408
5124717,24,255,9,288
5124718,6,225,9,240
5124801,9,363,11,383
5124802,5,467,27,499
5124803,13,383,24,420
5124804,9,150,26,185
5124805,0,685,304,989
5124806,3,122,3,128
5124807,9,302,11,322
5124901,9,230,11,250
5124902,21,342,24,387
5124903,3,244,3,250
5124904,6,236,21,263
5124905,36,556,48,640
5124906,6,153,0,159
5124907,3,189,4,196
5124908,19,403,13,435
5124909,3,233,4,240
5124910,10,285,24,319
5124911,61,497,18,576
5124912,21,435,52,508
5124913,59,426,27,512
5125001,18,339,12,369
5125002,16,337,17,370
5125003,19,248,21,288
5125004,5,222,8,235
5125005,49,451,11,511
5125006,11,292,30,333
5125007,7,211,3,221
5125008,6,252,3,261
5125009,7,225,0,232
5125010,12,248,9,269
5125011,14,341,9,364
5125012,12,512,21,545
5125013,14,191,12,217
5125014,0,272,6,278
5125015,9,362,10,381
5949999,199,5803,1295,7297
5979991,0,0,0,0
5979992,3,225,42,270
5979993,3,123,19,145
6100101,15,221,23,259
6100102,36,359,35,430
6100103,21,281,39,341
6100104,9,175,38,222
6100105,28,240,43,311
6100106,9,275,6,290
6100107,11,203,13,227
6100108,38,277,28,343
6100109,25,256,44,325
6100110,25,230,21,276
6100111,30,277,55,362
6100112,30,278,48,356
6100113,27,320,56,403
6100114,37,306,72,415
6100115,24,302,47,373
6100116,15,160,38,213
6100117,19,208,34,261
6100118,35,330,80,445
6100119,31,254,12,297
6100120,46,461,19,526
6100121,20,211,37,268
6100122,21,338,24,383
6100123,6,136,3,145
6100201,27,412,17,456
6100202,15,363,3,381
6100203,13,313,0,326
6100204,15,422,15,452
6100205,23,295,3,321
6100206,27,485,4,516
6100207,31,844,33,908
6100208,22,497,13,532
6100209,39,445,24,508
6100210,12,386,11,409
6100301,0,0,0,0
6100302,16,664,9,689
6100303,19,455,15,489
6100304,3,187,3,193
6100305,9,274,3,286
6100306,96,141,6,243
6100307,12,530,13,555
6100308,19,480,15,514
6100309,20,703,30,753
6100401,0,0,0,0
6100402,17,217,6,240
6100403,0,18,0,18
6100404,20,411,18,449
6100405,8,319,20,347
6100406,17,374,23,414
6100407,6,332,15,353
6100408,6,284,15,305
6100409,21,260,16,297
6100410,35,351,15,401
6100411,6,204,17,227
6100412,34,501,62,597
6100413,19,304,12,335
6100414,15,242,12,269
6100415,20,234,9,263
6100416,8,286,15,309
6100417,33,420,23,476
6100418,9,259,15,283
6100419,9,239,6,254
6100501,12,384,3,399
6100502,0,549,21,570
6100503,3,393,12,408
6100504,12,206,9,227
6100505,12,426,3,441
6100506,5,274,6,285
6100507,0,22,0,22
6100508,7,321,11,339
6100509,0,0,0,0
6100510,17,357,11,385
6100511,37,467,22,526
6100512,3,320,6,329
6100513,16,388,0,404
6100514,9,282,9,300
6100515,4,207,3,214
6100516,12,361,4,377
6100517,12,429,9,450
6100518,15,336,18,369
6100519,6,250,3,259
6100520,7,406,9,422
6100521,9,195,9,213
6100522,0,3,0,3
6100523,0,24,0,24
6100524,0,234,9,243
6100601,15,391,17,423
6100602,21,353,18,392
6100603,11,295,23,329
6100604,16,398,22,436
6100605,15,544,9,568
6100606,27,328,17,372
6100607,20,406,0,426
6100608,6,223,4,233
6100701,3,221,0,224
6100702,41,449,19,509
6100703,24,311,15,350
6100704,12,376,13,401
6100705,25,394,25,444
6100706,18,691,12,721
6100707,27,378,0,405
6100708,24,382,10,416
6100709,15,658,24,697
6100710,30,450,36,516
6100711,25,308,16,349
6100712,20,890,33,943
6100713,11,427,19,457
6100714,10,376,9,395
6100715,14,321,7,342
6100716,21,532,15,568
6100717,18,446,3,467
6100718,12,256,9,277
6100719,18,328,29,375
6100720,10,346,11,367
6100721,6,400,3,409
6100801,24,461,19,504
6100802,34,548,19,601
6100803,6,206,8,220
6100804,30,411,10,451
6100805,28,577,21,626
6100806,25,455,7,487
6100807,15,452,9,476
6100808,19,419,6,444
6100809,142,327,22,491
6100810,20,484,17,521
6100811,177,244,15,436
6100812,13,347,4,364
6100813,9,288,7,304
6100814,3,21,0,24
6100815,12,261,8,281
6100816,6,238,5,249
6100817,23,216,6,245
6100901,21,216,27,264
6100902,12,276,18,306
6100903,31,509,45,585
6100904,15,350,19,384
6100905,9,224,16,249
6100906,114,423,19,556
6100907,0,3,0,3
6100908,21,360,26,407
6100909,72,290,33,395
6100910,0,0,0,0
6100911,50,390,24,464
6100912,12,241,21,274
6100913,55,355,48,458
6100914,33,208,11,252
6101001,34,285,27,346
6101002,17,185,10,212
6101003,29,409,33,471
6101004,3,4,0,7
6101005,16,215,15,246
6101006,39,281,23,343
6101007,25,290,11,326
6101008,8,194,18,220
6101009,0,0,404,404
6101010,18,281,21,320
6101101,19,229,18,266
6101102,19,271,0,290
6101103,25,296,36,357
6101104,29,882,76,987
6101105,17,344,29,390
6101106,21,253,16,290
6101107,12,101,6,119
6101108,35,367,53,455
6101109,31,263,15,309
6101110,19,244,10,273
6101111,0,18,0,18
6101112,18,269,23,310
6101113,28,284,21,333
6101114,32,310,22,364
6101115,15,346,53,414
6101116,15,286,20,321
6101201,9,217,15,241
6101202,9,247,3,259
6101203,9,316,19,344
6101204,9,377,31,417
6101205,21,422,18,461
6101206,12,252,12,276
6101207,6,238,3,247
6101208,9,394,3,406
6101209,0,111,3,114
6101210,11,502,42,555
6101211,3,93,3,99
6101212,12,303,12,327
6101213,21,306,7,334
6101301,24,310,9,343
6101302,18,314,3,335
6101303,23,543,16,582
6101304,9,351,4,364
6101305,0,0,0,0
6101306,18,193,12,223
6101307,0,0,0,0
6101308,0,0,0,0
6101309,9,238,0,247
6101310,5,350,18,373
6101311,21,568,16,605
6101312,28,436,29,493
6101313,10,159,15,184
6101401,10,237,0,247
6101402,27,346,22,395
6101403,27,270,36,333
6101404,30,286,27,343
6101405,16,308,21,345
6101406,22,353,12,387
6101407,26,324,28,378
6101408,18,267,9,294
6101409,32,441,39,512
6101410,10,398,19,427
6101411,15,288,15,318
6101412,9,208,0,217
6101413,12,218,4,234
6101414,12,340,11,363
6101415,45,241,21,307
6101416,0,14,0,14
6101417,53,167,6,226
6101501,13,322,15,350
6101502,36,530,23,589
6101503,0,0,0,0
6101504,13,202,0,215
6101505,92,262,15,369
6101506,21,194,15,230
6101507,35,317,34,386
6101508,49,238,33,320
6101509,22,269,18,309
6101510,54,494,13,561
6101511,28,354,12,394
6101512,36,548,21,605
6101513,8,345,5,358
6101514,12,223,5,240
6101515,19,344,15,378
6101516,18,343,24,385
6101517,30,484,27,541
6101518,24,429,10,463
6101519,37,442,32,511
6101520,30,431,23,484
6101601,20,299,12,331
6101602,0,6,0,6
6101603,23,269,9,301
6101604,26,381,22,429
6101605,22,415,20,457
6101606,18,415,30,463
6101607,19,364,17,400
6101608,9,204,28,241
6101609,29,321,29,379
6101610,0,3,0,3
6101611,25,497,36,558
6101612,55,487,32,574
6101701,24,374,15,413
6101702,33,460,25,518
6101703,37,343,27,407
6101704,27,344,24,395
6101705,19,308,11,338
6101706,37,303,20,360
6101707,26,222,19,267
6101708,24,209,27,260
6101709,102,293,31,426
6101710,46,238,34,318
6101711,42,160,18,220
6101712,40,349,16,405
6101713,44,355,12,411
6101714,0,0,0,0
6101715,32,388,9,429
6101716,52,541,43,636
6101717,15,114,6,135
6101718,23,278,18,319
6101719,17,325,15,357
6101720,20,580,17,617
6101721,27,321,10,358
6101722,18,351,38,407
6101723,6,161,9,176
6101724,11,307,20,338
6101725,18,372,18,408
6101726,0,0,0,0
6101727,6,6,0,12
6101728,26,366,15,407
6101729,29,382,21,432
6101730,31,224,30,285
6101731,36,212,3,251
6101732,39,201,6,246
6101801,83,138,0,221
6101802,44,313,25,382
6101803,17,446,24,487
6101804,0,0,0,0
6101805,24,223,21,268
6101806,28,353,13,394
6101807,19,409,9,437
6101808,17,370,8,395
6101809,17,300,27,344
6101810,34,368,9,411
6101811,11,371,30,412
6101812,10,282,10,302
6101813,23,196,11,230
6101814,20,259,18,297
6101901,18,436,32,486
6101902,42,384,15,441
6101903,24,399,22,445
6101904,36,360,21,417
6101905,30,423,37,490
6101906,43,378,22,443
6101907,36,500,38,574
6101908,28,576,3,607
6101909,23,245,12,280
6101910,44,545,37,626
6101911,15,306,6,327
6102001,83,102,9,194
6102002,3,203,3,209
6102003,6,238,0,244
6102004,11,379,16,406
6102005,32,465,13,510
6102006,39,315,15,369
6102007,20,290,9,319
6102008,47,357,33,437
6102009,23,279,15,317
6102010,38,255,15,308
6102011,28,417,28,473
6102012,11,331,12,354
6102013,3,129,6,138
6102014,18,287,4,309
6102015,34,419,30,483
6102016,22,438,27,487
6102017,12,280,18,310
6102018,10,206,12,228
6102019,15,207,3,225
6102101,21,368,28,417
6102102,27,333,12,372
6102103,24,479,16,519
6102104,9,562,13,584
6102105,31,437,24,492
6102106,27,356,24,407
6102107,26,346,21,393
6102108,7,200,18,225
6102109,26,329,19,374
6102201,16,284,6,306
6102202,0,0,0,0
6102203,27,337,22,386
6102204,3,73,6,82
6102205,31,456,17,504
6102206,16,575,6,597
6102207,21,295,16,332
6102208,19,782,12,813
6102209,6,217,15,238
6102210,22,590,33,645
6102211,13,375,0,388
6102212,10,450,22,482
6102213,13,208,15,236
6102214,12,232,9,253
6102215,18,208,6,232
6102216,16,280,15,311
6102217,39,899,26,964
6102218,9,392,11,412
6102219,0,3,0,3
6102220,9,242,7,258
6102221,16,215,9,240
6102222,6,200,12,218
6102223,6,355,6,367
6102224,21,533,18,572
6102225,21,374,6,401
6102226,12,276,12,300
6102227,117,446,15,578
6102228,13,363,8,384
6102229,18,225,12,255
6102301,19,347,0,366
6102302,4,278,12,294
6102303,0,185,6,191
6102304,9,295,27,331
6102305,17,265,4,286
6102306,14,265,0,279
6102307,14,303,7,324
6102308,14,498,13,525
6102309,3,354,3,360
6102310,19,318,12,349
6102311,3,290,15,308
6102312,3,249,0,252
6102313,9,303,3,315
6102314,21,503,15,539
6102315,54,458,16,528
6102316,25,564,16,605
6102317,4,389,6,399
6102318,12,371,9,392
6102319,21,454,3,478
6102320,3,212,22,237
6102321,13,334,9,356
6102322,12,380,13,405
6102323,13,361,5,379
6102324,21,462,7,490
6102325,6,263,6,275
6102326,15,462,14,491
6102401,13,501,6,520
6102402,10,474,14,498
6102403,5,124,0,129
6102404,11,345,6,362
6102405,9,346,6,361
6102406,15,164,9,188
6102407,15,449,10,474
6102408,12,282,6,300
6102409,9,129,0,138
6102410,0,146,9,155
6102411,13,741,40,794
6102412,18,515,20,553
6102413,0,223,23,246
6102414,13,436,10,459
6102415,19,441,8,468
6102416,8,309,3,320
6102417,0,244,7,251
6102418,9,87,0,96
6102419,69,673,23,765
6102501,0,0,0,0
6102601,15,482,9,506
6102602,0,15,0,15
6102603,4,263,12,279
6102604,18,427,7,452
6102605,12,401,15,428
6102606,9,339,15,363
6102607,90,251,9,350
6102608,6,159,0,165
6102609,11,279,13,303
6102610,6,229,3,238
6102611,10,382,19,411
6102701,7,257,24,288
6102702,10,304,16,330
6102703,9,289,12,310
6102704,7,259,6,272
6102705,7,273,24,304
6102706,13,261,27,301
6102707,28,359,24,411
6102708,9,407,32,448
6102709,6,351,14,371
6102710,6,216,24,246
6102711,3,248,5,256
6102712,9,454,21,484
6102713,6,316,27,349
6102714,10,466,44,520
6102715,8,358,43,409
6102716,99,199,7,305
6102717,22,361,46,429
6102718,9,221,49,279
6102719,21,359,120,500
6102720,6,515,71,592
6102721,0,28,6,34
6102801,16,489,24,529
6102802,16,477,16,509
6102803,9,607,27,643
6102804,22,404,20,446
6102805,0,62,3,65
6102806,3,239,6,248
6102807,9,308,18,335
6102808,23,397,18,438
6102809,15,381,9,405
6102810,12,529,6,547
6102811,14,326,9,349
6102812,32,480,8,520
6102813,18,376,23,417
6102814,18,499,8,525
6102815,10,490,3,503
6102816,4,227,6,237
6102817,7,339,10,356
6102818,29,443,9,481
6102819,19,544,13,576
6102901,16,402,21,439
6102902,12,444,27,483
6102903,10,552,28,590
6102904,17,466,15,498
6102905,13,570,25,608
6102906,10,278,13,301
6102907,6,470,15,491
6102908,0,324,14,338
6102909,9,616,41,666
6103001,21,384,0,405
6103002,12,358,9,379
6103003,55,551,26,632
6103004,29,489,32,550
6103005,29,340,21,390
6103006,21,289,46,356
6103007,129,244,24,397
6103008,26,213,15,254
6103009,97,322,19,438
6103010,19,524,15,558
6103011,15,333,24,372
6103012,106,476,8,590
6103013,25,606,17,648
6103014,0,0,0,0
6103101,12,468,8,488
6103102,10,453,28,491
6103103,12,622,21,655
6103104,10,273,9,292
6103105,71,595,33,699
6103106,5,253,11,269
6103107,13,366,24,403
6103108,76,580,32,688
6103109,7,282,6,295
6103110,18,387,15,420
6103111,0,0,0,0
6103112,3,308,15,326
6103113,16,346,16,378
6103114,9,390,4,403
6103115,9,332,33,374
6103116,6,456,12,474
6103117,0,36,0,36
6103118,15,442,20,477
6103119,6,415,17,438
6103120,11,345,14,370
6103121,5,282,31,318
6103122,12,349,55,416
6103123,12,239,15,266
6103124,8,225,15,248
6103125,13,577,45,635
6103126,6,308,27,341
6103127,84,513,22,619
6103128,9,312,10,331
6103201,15,498,52,565
6103202,12,280,18,310
6103203,12,266,3,281
6103204,14,460,28,502
6103205,29,442,11,482
6103206,12,228,22,262
6103207,3,279,6,288
6103208,11,342,6,359
6103209,0,4,0,4
6103210,6,293,3,302
6103211,14,379,12,405
6103212,9,274,6,289
6103213,10,178,5,193
6103214,0,154,12,166
6103215,3,299,12,314
6103216,6,340,3,349
6103217,11,421,40,472
6103218,116,222,33,371
6103301,3,240,33,276
6103302,9,278,6,293
6103303,7,291,7,305
6103304,12,474,39,525
6103305,19,400,41,460
6103306,20,443,12,475
6103307,7,232,20,259
6103308,9,259,12,280
6103309,9,386,3,398
6103310,3,266,26,295
6103311,6,283,12,301
6103312,9,459,16,484
6103313,3,203,11,217
6103314,9,249,13,271
6103315,9,222,21,252
6103316,0,7,0,7
6103317,20,394,13,427
6103318,7,271,6,284
6103401,18,466,20,504
6103402,33,380,36,449
6103403,26,323,19,368
6103404,11,376,17,404
6103405,28,269,6,303
6103406,14,390,12,416
6103407,17,345,19,381
6103408,31,278,19,328
6103409,12,344,3,359
6103410,13,261,7,281
6103411,18,389,9,416
6103412,12,155,27,194
6103413,36,326,48,410
6103414,0,161,16,177
6103415,12,255,21,288
6103416,17,173,6,196
6103417,16,244,14,274
6103418,10,283,9,302
6103419,18,339,0,357
6103420,9,290,25,324
6103421,15,307,27,349
6103501,27,215,13,255
6103502,24,367,6,397
6103503,22,387,32,441
6103504,36,341,21,398
6103505,25,476,21,522
6103506,10,194,15,219
6103507,6,341,18,365
6103508,15,325,9,349
6103509,10,337,16,363
6103510,13,385,7,405
6103511,9,332,18,359
6103512,21,258,14,293
6103513,15,296,3,314
6103514,13,207,12,232
6103515,12,307,15,334
6103516,20,371,13,404
6103517,71,130,6,207
6103518,15,335,19,369
6103519,15,270,7,292
6103520,27,366,18,411
6103521,31,461,18,510
6103522,41,266,22,329
6103601,27,449,30,506
6103602,0,8,0,8
6103603,33,503,41,577
6103604,34,392,36,462
6103605,10,204,24,238
6103606,16,309,25,350
6103607,0,0,0,0
6103608,4,39,0,43
6103609,18,253,21,292
6103610,18,326,23,367
6103611,0,0,0,0
6103612,11,220,12,243
6103701,21,518,24,563
6103702,117,398,25,540
6103703,18,350,14,382
6103704,0,0,0,0
6103705,20,228,8,256
6103706,36,466,14,516
6103707,0,0,0,0
6103708,41,356,21,418
6103709,31,416,18,465
6103710,13,214,6,233
6103711,31,389,18,438
6103801,3,210,13,226
6103802,18,557,6,581
6103803,3,326,3,332
6103804,11,246,17,274
6103805,25,279,18,322
6103806,16,456,13,485
6103807,29,397,19,445
6103808,9,327,6,342
6103809,9,200,4,213
6103810,3,201,8,212
6103811,0,239,69,308
6103812,6,220,7,233
6103813,0,9,0,9
6103814,9,478,18,505
6103815,12,299,16,327
6103816,0,305,11,316
6103901,0,213,3,216
6103902,6,401,0,407
6103903,22,465,9,496
6103904,25,408,13,446
6103905,115,500,12,627
6103906,9,202,3,214
6103907,3,161,7,171
6103908,10,149,3,162
6103909,28,463,0,491
6103910,52,386,6,444
6104001,25,485,6,516
6104002,23,213,6,242
6104003,26,443,12,481
6104004,12,128,0,140
6104005,22,475,13,510
6104006,21,349,27,397
6104007,0,0,0,0
6104008,0,0,0,0
6104009,67,480,21,568
6104010,20,396,9,425
6104011,9,442,20,471
6104101,26,478,50,554
6104102,83,408,55,546
6104103,14,274,9,297
6104104,24,326,12,362
6104105,28,532,9,569
6104106,27,426,11,464
6104107,9,277,12,298
6104108,30,243,36,309
6104109,58,490,68,616
6104110,27,366,24,417
6104111,27,314,9,350
6104112,39,594,50,683
6104113,3,183,18,204
6104114,0,334,22,356
6104115,43,726,39,808
6104116,8,203,7,218
6104117,17,277,27,321
6104118,27,325,50,402
6104119,24,280,41,345
6104120,0,10,0,10
6104121,18,408,16,442
6104122,0,9,3,12
6104123,0,0,0,0
6104201,62,645,21,728
6104202,0,0,0,0
6104203,0,0,0,0
6104204,103,350,15,468
6104205,0,347,12,359
6104206,18,310,0,328
6104207,19,411,8,438
6104208,57,428,18,503
6104209,12,277,9,298
6104210,6,222,23,251
6104211,41,550,31,622
6104212,25,493,7,525
6104213,19,411,15,445
6104301,12,533,10,555
6104302,127,398,24,549
6104303,4,231,6,241
6104304,100,232,22,354
6104305,25,528,6,559
6104306,27,457,11,495
6104307,21,498,25,544
6104308,6,273,6,285
6104309,9,199,3,211
6104401,12,272,18,302
6104402,4,395,6,405
6104403,6,293,3,302
6104404,9,347,6,362
6104405,6,211,3,220
6104406,21,305,11,337
6104407,96,243,8,347
6104408,20,341,6,367
6104409,34,372,3,409
6104410,22,483,6,511
6104411,29,397,15,441
6104412,19,558,30,607
6104413,0,0,0,0
6104414,21,206,9,236
6104415,25,449,5,479
6104416,19,333,0,352
6104417,25,352,15,392
6104418,21,207,7,235
6104501,10,209,22,241
6104502,0,3,0,3
6104503,41,527,42,610
6104504,25,387,18,430
6104505,41,367,43,451
6104506,19,396,26,441
6104507,24,270,16,310
6104508,24,256,3,283
6104509,27,197,18,242
6104510,33,451,74,558
6104511,0,0,6,6
6104512,25,344,29,398
6104601,0,242,0,242
6104602,28,319,19,366
6104603,14,514,18,546
6104604,27,391,26,444
6104605,15,211,15,241
6104606,44,493,17,554
6104607,7,281,9,297
6104608,11,473,12,496
6104609,3,138,21,162
6104610,18,501,3,522
6104611,8,260,15,283
6104612,13,386,12,411
6104613,0,0,0,0
6104614,22,473,12,507
6104615,0,188,6,194
6104616,10,292,7,309
6104617,33,450,18,501
6104701,12,392,9,413
6104702,64,303,3,370
6104703,16,241,9,266
6104704,12,257,16,285
6104705,15,250,3,268
6104706,21,480,15,516
6104707,18,430,10,458
6104708,13,403,23,439
6104709,9,359,6,374
6104710,3,356,26,385
6104711,8,205,0,213
6104712,133,292,20,445
6104801,42,370,27,439
6104802,14,268,13,295
6104803,25,396,15,436
6104804,0,0,0,0
6104805,21,395,34,450
6104806,9,414,12,435
6104807,23,486,15,524
6104808,30,333,24,387
6104809,9,314,18,341
6104810,18,270,15,303
6104811,3,105,6,114
6104812,7,222,6,235
6104813,24,352,17,393
6104814,11,230,8,249
6104901,21,589,18,628
6104902,6,254,0,260
6104903,10,357,10,377
6104904,16,435,0,451
6104905,4,319,3,326
6104906,15,453,9,477
6104907,15,477,24,516
6104908,24,668,6,698
6104909,14,394,24,432
6104910,18,452,4,474
6104911,0,0,0,0
6105001,32,430,47,509
6105002,6,192,28,226
6105003,15,252,24,291
6105004,80,463,12,555
6105005,4,187,6,197
6105006,28,331,12,371
6105007,35,374,13,422
6105008,10,355,18,383
6105009,20,482,12,514
6105101,0,5,0,5
6105102,4,261,8,273
6105103,10,238,15,263
6105104,12,240,6,258
6105105,0,269,9,278
6105106,3,298,24,325
6105107,10,401,11,422
6105108,15,199,9,223
6105109,9,348,16,373
6105110,16,393,3,412
6105111,12,245,0,257
6105112,27,314,19,360
6105113,6,288,6,300
6105114,10,254,10,274
6105201,30,406,18,454
6105202,14,294,9,317
6105203,6,317,6,329
6105204,110,192,46,348
6105205,21,347,6,374
6105206,25,344,22,391
6105207,6,308,7,321
6105208,12,340,21,373
6105209,18,611,7,636
6105210,24,524,10,558
6105211,27,531,33,591
6105301,12,210,6,228
6105302,37,388,27,452
6105303,33,471,21,525
6105304,13,203,8,224
6105305,9,173,11,193
6105306,21,266,17,304
6105307,40,176,12,228
6105308,21,233,14,268
6105309,15,190,9,214
6105310,22,164,15,201
6105311,0,3,0,3
6105312,13,414,24,451
6105313,23,291,9,323
6105314,6,100,6,112
6105401,9,202,16,227
6105402,8,176,18,202
6105403,29,337,3,369
6105404,52,181,9,242
6105405,24,279,21,324
6105406,40,178,7,225
6105407,3,3,0,6
6105408,27,367,6,400
6105409,8,167,12,187
6105410,16,279,13,308
6105411,21,393,7,421
6105412,20,393,21,434
6105413,26,349,10,385
6105414,0,0,0,0
6105415,27,302,6,335
6105416,17,294,7,318
6105417,13,205,6,224
6105418,13,311,7,331
6105419,19,196,9,224
6105420,22,389,4,415
6105501,21,517,21,559
6105502,25,339,27,391
6105503,12,257,38,307
6105504,11,272,30,313
6105505,15,434,13,462
6105506,9,346,15,370
6105507,12,426,20,458
6105508,9,286,9,304
6105509,15,373,30,418
6105510,5,174,12,191
6105511,15,392,39,446
6105512,23,478,12,513
6105513,22,336,10,368
6105514,6,261,8,275
6105515,12,166,3,181
6105601,12,326,6,344
6105602,21,397,15,433
6105603,15,301,8,324
6105604,8,290,6,304
6105605,6,234,4,244
6105606,15,256,3,274
6105607,21,404,25,450
6105608,15,372,28,415
6105609,20,362,7,389
6105701,21,296,30,347
6105702,21,284,15,320
6105703,15,329,12,356
6105704,19,342,18,379
6105705,3,257,12,272
6105706,9,215,12,236
6105707,11,311,9,331
6105708,30,385,9,424
6105709,19,345,14,378
6105710,21,333,8,362
6105711,12,242,6,260
6105712,30,248,12,290
6105801,13,244,16,273
6105802,0,302,15,317
6105803,10,152,24,186
6105804,13,321,21,355
6105805,16,369,25,410
6105806,9,355,29,393
6105807,3,276,28,307
6105808,19,333,28,380
6105809,16,454,18,488
6105810,6,290,12,308
6105811,7,218,10,235
6105812,9,253,4,266
6105901,61,137,11,209
6105902,36,350,15,401
6105903,44,407,17,468
6105904,25,347,21,393
6105905,21,279,17,317
6105906,33,219,30,282
6105907,32,289,9,330
6105908,27,311,13,351
6105909,27,416,18,461
6105910,8,221,12,241
6105911,16,396,30,442
6105912,15,360,6,381
6105913,20,338,18,376
6105914,0,0,0,0
6105915,24,444,9,477
6105916,13,180,3,196
6105917,3,156,6,165
6105918,9,204,9,222
6105919,18,211,0,229
6105920,16,188,11,215
6105921,19,156,12,187
6105922,13,320,16,349
6106001,18,366,22,406
6106002,16,248,9,273
6106003,13,352,5,370
6106004,14,353,20,387
6106005,41,484,4,529
6106006,13,271,9,293
6106007,26,528,21,575
6106008,11,456,18,485
6106009,63,153,4,220
6106010,6,214,0,220
6106101,31,274,9,314
6106102,56,397,13,466
6106103,22,237,9,268
6106104,5,199,12,216
6106105,17,327,7,351
6106106,18,379,26,423
6106107,3,138,12,153
6106108,22,687,20,729
6106109,25,275,21,321
6106110,23,258,21,302
6106111,0,70,9,79
6106201,9,292,0,301
6106202,9,285,18,312
6106203,7,275,15,297
6106204,3,145,4,152
6106205,18,458,22,498
6106206,9,372,13,394
6106207,17,270,15,302
6106208,12,286,0,298
6106209,12,282,3,297
6106210,9,169,0,178
6106211,33,503,14,550
6106212,48,259,6,313
6106213,19,505,19,543
6106214,13,280,23,316
6106301,24,326,9,359
6106302,79,209,12,300
6106303,15,387,12,414
6106304,17,396,13,426
6106305,33,360,15,408
6106306,22,378,12,412
6106307,11,187,6,204
6106308,19,422,26,467
6106309,18,306,16,340
6106310,15,263,9,287
6106311,18,261,18,297
6106312,6,155,11,172
6106313,4,122,9,135
6106314,13,235,19,267
6106315,0,0,0,0
6106316,15,234,15,264
6106317,19,404,21,444
6106318,0,55,10,65
6106319,12,189,11,212
6106320,6,276,30,312
6106321,10,227,12,249
6106322,32,485,3,520
6106323,10,255,9,274
6106324,6,241,9,256
6106325,20,171,14,205
6106326,21,281,6,308
6106401,34,302,22,358
6106402,24,239,27,290
6106403,8,181,4,193
6106404,15,199,9,223
6106405,6,162,3,171
6106406,0,0,0,0
6106407,21,244,18,283
6106408,32,327,8,367
6106409,37,305,16,358
6106410,12,163,36,211
6106411,31,311,32,374
6106412,10,128,0,138
6106413,13,203,27,243
6106414,28,394,15,437
6106415,51,446,13,510
6106416,31,317,18,366
6106417,25,244,16,285
6106418,0,0,0,0
6106419,17,283,20,320
6106420,16,260,4,280
6106421,106,372,27,505
6106422,23,239,15,277
6106501,28,360,3,391
6106502,35,334,24,393
6106503,28,411,37,476
6106504,0,0,0,0
6106505,22,313,36,371
6106506,15,214,11,240
6106507,20,253,30,303
6106601,9,244,3,256
6106602,19,344,3,366
6106603,6,153,12,171
6106604,21,192,12,225
6106605,13,113,7,133
6106606,37,300,18,355
6106607,14,216,0,230
6106608,19,281,14,314
6106609,12,206,67,285
6106610,22,328,9,359
6106611,19,363,18,400
6106612,0,0,0,0
6106701,18,361,26,405
6106702,24,267,3,294
6106703,18,252,12,282
6106704,21,331,42,394
6106705,19,284,20,323
6106706,32,300,22,354
6106707,26,282,0,308
6106708,8,203,15,226
6106709,27,501,33,561
6106710,44,203,13,260
6106711,24,318,21,363
6106712,28,482,9,519
6106713,35,313,24,372
6106714,21,286,16,323
6106715,24,198,6,228
6106716,15,340,26,381
6106717,33,417,18,468
6106801,0,4,3,7
6106901,14,184,9,207
6106902,10,291,9,310
6106903,22,413,33,468
6106904,15,417,15,447
6106905,6,175,12,193
6106906,32,486,14,532
6106907,12,133,16,161
6106908,18,201,21,240
6106909,11,209,16,236
6107001,16,220,12,248
6107002,30,308,23,361
6107003,10,209,18,237
6107004,18,393,6,417
6107005,29,543,34,606
6107006,12,264,9,285
6107007,20,278,9,307
6107008,20,243,16,279
6107009,20,212,12,244
6107010,19,257,6,282
6107011,9,213,20,242
6107012,12,349,12,373
6107101,39,370,18,427
6107102,30,327,12,369
6107103,53,369,20,442
6107104,15,295,10,320
6107105,29,524,27,580
6107106,29,319,25,373
6107107,20,344,6,370
6107108,0,0,0,0
6107109,16,319,15,350
6107110,15,242,3,260
6107201,6,255,8,269
6107202,12,148,3,163
6107203,18,310,7,335
6107204,12,329,6,347
6107205,10,255,7,272
6107206,14,549,13,576
6107207,23,450,24,497
6107208,90,225,11,326
6107209,22,479,15,516
6107210,25,281,19,325
6107211,16,333,20,369
6107212,16,366,15,397
6107213,46,460,18,524
6107214,15,243,9,267
6107215,18,330,0,348
6107216,21,265,3,289
6107217,8,276,6,290
6107218,38,376,3,417
6107219,45,371,24,440
6107220,17,430,3,450
6107221,24,312,7,343
6107301,20,312,6,338
6107302,26,233,26,285
6107303,0,0,0,0
6107304,18,241,16,275
6107305,41,305,9,355
6107306,21,248,11,280
6107307,46,200,28,274
6107308,6,77,3,86
6107309,20,186,3,209
6107310,18,226,4,248
6107401,21,238,20,279
6107402,0,0,0,0
6107403,7,191,6,204
6107404,26,337,13,376
6107405,0,0,0,0
6107406,6,109,12,127
6107407,15,276,15,306
6107408,16,193,15,224
6107409,14,212,10,236
6107410,9,145,3,157
6107411,10,123,0,133
6107412,4,203,10,217
6107413,3,160,7,170
6107414,71,289,15,375
6107415,12,247,16,275
6107416,0,3,0,3
6107417,23,322,12,357
6107418,10,233,9,252
6107419,19,259,11,289
6107420,18,169,0,187
6107501,18,238,32,288
6107502,37,314,9,360
6107503,9,256,21,286
6107504,14,255,33,302
6107505,36,544,15,595
6107506,40,512,36,588
6107507,32,323,12,367
6107508,29,467,15,511
6107601,25,425,14,464
6107602,18,374,26,418
6107603,12,376,30,418
6107604,24,341,36,401
6107605,14,228,7,249
6107606,11,391,14,416
6107607,11,337,14,362
6107608,12,379,9,400
6107609,16,374,9,399
6107610,13,295,18,326
6107611,22,412,15,449
6107612,7,364,8,379
6107613,15,276,19,310
6107614,9,113,0,122
6107701,24,339,21,384
6107702,4,167,11,182
6107703,12,407,24,443
6107704,0,71,0,71
6107705,0,0,0,0
6107706,0,3,0,3
6107707,14,221,30,265
6107708,22,247,23,292
6107709,30,410,12,452
6107710,19,319,27,365
6107711,24,304,15,343
6107712,33,403,15,451
6107713,14,485,46,545
6107801,25,441,21,487
6107802,30,305,26,361
6107803,150,55,18,223
6107804,30,307,6,343
6107805,19,158,3,180
6107806,9,296,10,315
6107807,27,571,19,617
6107808,16,331,12,359
6107809,17,330,4,351
6107810,3,213,12,228
6107811,9,268,12,289
6107812,18,456,21,495
6107813,23,314,12,349
6107814,4,202,0,206
6107815,9,217,12,238
6107816,21,408,20,449
6107817,38,375,22,435
6107818,25,315,41,381
6107901,12,164,13,189
6107902,15,151,0,166
6107903,19,462,15,496
6107904,13,241,18,272
6107905,7,201,12,220
6107906,9,285,15,309
6107907,9,204,13,226
6107908,14,236,37,287
6107909,58,239,12,309
6107910,34,431,15,480
6107911,12,541,7,560
6107912,18,200,0,218
6107913,23,271,12,306
6107914,15,176,9,200
6107915,3,188,7,198
6107916,12,230,3,245
6107917,22,219,25,266
6108001,23,300,21,344
6108002,11,243,6,260
6108003,23,321,14,358
6108004,9,222,6,237
6108005,16,366,18,400
6108006,27,364,18,409
6108007,6,197,6,209
6108008,31,413,9,453
6108009,13,237,3,253
6108010,15,219,12,246
6108011,14,304,9,327
6108101,6,83,3,92
6108102,15,288,12,315
6108103,16,201,9,226
6108104,0,216,7,223
6108105,15,202,6,223
6108106,15,277,15,307
6108107,100,375,26,501
6108108,40,473,26,539
6108109,30,266,16,312
6108110,45,338,8,391
6108111,18,413,19,450
6108112,34,340,18,392
6108201,3,32,0,35
6108202,31,407,25,463
6108203,32,297,25,354
6108204,26,251,6,283
6108205,24,245,6,275
6108206,12,231,6,249
6108207,17,183,6,206
6108208,25,383,36,444
6108209,4,120,10,134
6108210,4,117,3,124
6108211,9,291,4,304
6108212,12,153,6,171
6108213,15,221,15,251
6108214,22,384,12,418
6108215,19,298,21,338
6108216,15,366,19,400
6108217,17,340,19,376
6108218,18,303,25,346
6108219,42,419,37,498
6108220,36,413,31,480
6108221,33,526,27,586
6108301,19,236,15,270
6108302,17,286,26,329
6108303,21,344,15,380
6108304,46,425,28,499
6108305,38,279,35,352
6108306,14,232,6,252
6108307,16,268,12,296
6108308,0,80,0,80
6108309,14,328,80,422
6108310,35,433,30,498
6108311,104,285,11,400
6108312,12,362,18,392
6108313,8,157,9,174
6108401,0,3,0,3
6108402,18,231,3,252
6108403,26,233,19,278
6108404,7,202,0,209
6108405,0,272,5,277
6108406,17,344,6,367
6108407,21,177,12,210
6108408,40,436,11,487
6108409,40,330,49,419
6108410,21,363,12,396
6108411,29,335,9,373
6108412,3,276,3,282
6108413,22,327,24,373
6108414,16,222,6,244
6108415,40,254,13,307
6108416,29,282,13,324
6108417,29,287,21,337
6108418,3,255,9,267
6108419,20,241,0,261
6108420,66,221,24,311
6108501,21,201,10,232
6108502,15,264,18,297
6108503,21,325,26,372
6108504,14,374,8,396
6108505,30,345,26,401
6108506,34,413,20,467
6108507,0,0,0,0
6108508,10,309,13,332
6108509,36,445,16,497
6108510,16,326,3,345
6108511,60,565,38,663
6108512,22,467,18,507
6108513,15,363,24,402
6108514,36,450,23,509
6108515,14,425,22,461
6108516,128,247,23,398
6108517,47,440,49,536
6108518,21,313,17,351
6108519,12,247,7,266
6108520,15,408,11,434
6108521,30,455,24,509
6108522,44,411,39,494
6108523,30,378,5,413
6108524,21,336,18,375
6108525,30,419,6,455
6108526,19,292,31,342
6108527,35,243,15,293
6108528,116,266,9,391
6108529,35,308,21,364
6108530,21,453,17,491
6108531,24,279,21,324
6108532,0,0,0,0
6108533,21,325,25,371
6108534,25,337,18,380
6108535,14,447,8,469
6108536,21,434,12,467
6108601,28,275,19,322
6108602,24,223,18,265
6108603,20,254,19,293
6108604,27,410,38,475
6108605,9,101,21,131
6108606,9,348,15,372
6108607,18,163,21,202
6108608,40,316,37,393
6108609,6,84,0,90
6108610,12,307,16,335
6108611,12,293,24,329
6108612,15,362,9,386
6108613,21,259,25,305
6108614,19,254,21,294
6108615,45,233,31,309
6108616,34,367,12,413
6108701,53,246,9,308
6108702,6,229,21,256
6108703,14,200,3,217
6108704,5,262,9,276
6108705,6,312,9,327
6108706,3,317,12,332
6108707,50,585,27,662
6108708,32,264,16,312
6108709,19,239,26,284
6108710,35,315,12,362
6108711,15,324,28,367
6108712,46,454,23,523
6108801,12,183,0,195
6108802,31,747,18,796
6108803,27,562,26,615
6108804,57,406,19,482
6108805,33,561,21,615
6108806,12,358,3,373
6108901,11,415,11,437
6108902,3,226,6,235
6108903,7,180,6,193
6108904,11,171,0,182
6108905,34,512,21,567
6108906,66,475,21,562
6108907,58,830,35,923
6108908,15,369,6,390
6108909,5,246,15,266
6108910,15,398,21,434
6108911,17,337,24,378
6108912,5,285,10,300
6108913,0,153,7,160
6109001,15,410,24,449
6109002,31,488,21,540
6109003,6,163,3,172
6109004,26,419,19,464
6109005,6,204,22,232
6109006,24,452,22,498
6109007,18,187,9,214
6109008,9,237,3,249
6109101,0,9,0,9
6109102,9,275,6,290
6109103,14,272,16,302
6109104,15,278,6,299
6109105,74,429,19,522
6109106,18,398,15,431
6109107,9,221,18,248
6109108,34,334,12,380
6109109,22,312,12,346
6109110,6,501,11,518
6109111,13,293,16,322
6109112,15,409,12,436
6109113,26,359,10,395
6109114,10,393,8,411
6109115,21,304,3,328
6109116,21,263,9,293
6109117,23,268,23,314
6109118,15,225,17,257
6109201,9,269,5,283
6109202,24,413,6,443
6109203,24,449,12,485
6109204,6,197,13,216
6109205,14,344,21,379
6109206,21,293,12,326
6109207,13,298,17,328
6109208,3,357,24,384
6109209,6,198,12,216
6109301,6,389,9,404
6109302,9,247,21,277
6109303,24,259,12,295
6109304,13,361,21,395
6109305,3,187,9,199
6109401,13,324,33,370
6109402,30,241,27,298
6109403,4,181,21,206
6109404,9,271,21,301
6109405,16,558,17,591
6109406,15,282,3,300
6109407,4,294,6,304
6109408,6,324,11,341
6109409,12,292,25,329
6109410,9,202,4,215
6109411,14,413,55,482
6109412,0,9,3,12
6109413,6,272,12,290
6109501,19,311,18,348
6109502,6,179,6,191
6109503,15,306,6,327
6109504,13,422,16,451
6109505,6,352,9,367
6109506,22,346,4,372
6109507,0,218,12,230
6109508,78,251,17,346
6109509,4,193,0,197
6109510,3,247,12,262
6109511,12,275,15,302
6109512,19,483,32,534
6109601,26,215,6,247
6109602,24,398,16,438
6109603,26,378,24,428
6109604,3,192,6,201
6109605,9,304,9,322
6109606,21,322,9,352
6109607,13,330,6,349
6109608,18,300,21,339
6109609,15,215,9,239
6109610,13,270,3,286
6109611,27,341,9,377
6109612,0,50,0,50
6109613,3,100,7,110
6109701,23,347,18,388
6109702,14,170,5,189
6109703,7,163,19,189
6109704,27,599,38,664
6109705,19,304,18,341
6109706,0,0,0,0
6109707,6,265,13,284
6109708,24,226,19,269
6109709,3,160,7,170
6109710,12,326,27,365
6109711,24,355,17,396
6109712,21,378,28,427
6109713,13,436,25,474
6109714,6,128,34,168
6109715,3,37,0,40
6109716,0,0,0,0
6109717,47,246,18,311
6109718,0,0,0,0
6109719,0,3,0,3
6109720,0,0,0,0
6109801,0,0,0,0
6949999,55,859,158,1072
6979991,0,0,0,0
6979992,0,0,0,0
6979993,0,76,11,87
6979994,0,27,0,27
7100101,3,43,406,452
7100201,60,989,228,1277
7100202,16,715,151,882
7100203,6,568,119,693
7100204,9,248,19,276
7100205,7,694,157,858
7100206,0,6,6,12
7100207,0,155,56,211
7100208,0,265,81,346
7100301,0,34,9,43
7100401,12,657,56,725
7100402,54,428,83,565
7100403,13,389,42,444
7100404,14,526,16,556
7100405,15,651,77,743
7100406,0,215,14,229
7100501,3,263,21,287
7100502,6,494,60,560
7100503,6,611,129,746
7100504,3,335,70,408
7100505,4,394,63,461
7100506,4,248,3,255
7100507,6,444,74,524
7100601,11,374,75,460
7100602,0,78,6,84
7100603,7,166,49,222
7100604,0,0,0,0
7100605,6,301,49,356
7100606,3,550,40,593
7100607,30,535,65,630
7100608,10,478,27,515
7100701,3,223,15,241
7100702,0,173,19,192
7100703,6,403,36,445
7100704,10,226,106,342
7100705,12,353,17,382
7100706,6,340,17,363
7100801,12,673,137,822
7100802,5,514,59,578
7100803,8,420,22,450
7100804,7,401,30,438
7100805,15,693,121,829
7100806,3,179,7,189
7100807,6,396,38,440
7100901,0,447,54,501
7100902,12,789,47,848
7100903,6,535,33,574
7100904,0,14,0,14
7100905,3,416,32,451
7100906,0,241,26,267
7101001,3,260,25,288
7101002,11,388,65,464
7101003,15,496,83,594
7101004,17,299,70,386
7101005,7,308,76,391
7101006,0,6,0,6
7101101,9,492,51,552
7101102,12,261,20,293
7101103,13,361,53,427
7101104,13,472,55,540
7101105,12,556,25,593
7101201,4,452,79,535
7101202,0,0,704,704
7101203,0,211,32,243
7101204,4,375,446,825
7101205,4,195,13,212
7101301,3,498,32,533
7101302,10,553,33,596
7101303,5,416,12,433
7101304,10,511,29,550
7101305,18,435,64,517
7101306,9,380,21,410
7101307,0,11,3,14
7101401,0,0,0,0
7101501,0,7,3,10
7101601,46,443,75,564
7101602,9,468,59,536
7101603,40,609,108,757
7101604,52,344,63,459
7101605,3,429,48,480
7101606,0,47,0,47
7101701,0,6,0,6
7101801,18,487,35,540
7101802,10,428,44,482
7101803,6,353,18,377
7101804,20,398,4,422
7101901,18,558,36,612
7101902,11,397,41,449
7101903,18,508,28,554
7101904,16,390,76,482
7101905,21,293,46,360
7101906,12,453,32,497
7101907,0,301,44,345
7101908,9,423,43,475
7101909,30,520,55,605
7101910,9,405,43,457
7102001,21,599,85,705
7102002,21,529,178,728
7102003,18,532,93,643
7102004,6,384,45,435
7102005,7,409,23,439
7102006,7,574,45,626
7102007,18,612,22,652
7102008,20,409,40,469
7102101,22,892,30,944
7102102,0,0,0,0
7102103,10,113,16,139
7102104,12,939,32,983
7102201,12,307,9,328
7102202,12,597,54,663
7102203,20,402,20,442
7102204,14,430,34,478
7102205,10,278,118,406
7102206,12,374,43,429
7102207,0,11,0,11
7102208,0,16,0,16
7102209,11,352,61,424
7102210,10,314,80,404
7102211,22,285,62,369
7102212,10,367,69,446
7102213,12,263,56,331
7102301,3,400,119,522
7102302,22,619,44,685
7102303,15,240,43,298
7102304,12,336,22,370
7102305,15,509,62,586
7102401,9,355,52,416
7102402,17,437,40,494
7102403,10,328,15,353
7102404,6,286,21,313
7102405,17,377,60,454
7102501,15,238,38,291
7102502,12,366,22,400
7102503,0,224,30,254
7102504,12,314,81,407
7102505,6,560,126,692
7102506,10,382,53,445
7102507,0,397,46,443
7102508,15,293,49,357
7102509,14,325,18,357
7102601,28,479,49,556
7102602,0,0,0,0
7102603,16,576,252,844
7102604,21,385,57,463
7102605,9,601,19,629
7102606,24,585,160,769
7102701,24,412,35,471
7102702,134,261,37,432
7102703,8,322,52,382
7102704,22,531,61,614
7102705,9,439,28,476
7102706,12,96,23,131
7102707,0,0,3,3
7102801,14,408,91,513
7102802,8,388,63,459
7102803,12,449,53,514
7102804,21,520,82,623
7102805,0,0,0,0
7102901,18,516,44,578
7102902,3,309,35,347
7102903,5,427,29,461
7102904,15,342,30,387
7103001,0,369,70,439
7103002,13,334,42,389
7103003,6,289,114,409
7103004,8,391,82,481
7103005,8,406,30,444
7103006,3,166,35,204
7103007,5,240,9,254
7103101,0,306,194,500
7103102,8,57,18,83
7103103,9,179,7,195
7103104,18,254,49,321
7103105,9,363,36,408
7103106,18,530,66,614
7103107,0,821,46,867
7103108,0,0,0,0
7103109,9,355,36,400
7103110,15,242,38,295
7103111,7,207,24,238
7103112,12,304,65,381
7103201,4,342,19,365
7103202,10,450,44,504
7103203,11,654,77,742
7103204,18,1048,63,1129
7103205,15,337,85,437
7103206,13,488,67,568
7103207,15,370,31,416
7103208,9,281,17,307
7103209,22,413,59,494
7103210,8,462,87,557
7103211,21,652,40,713
7103212,13,408,126,547
7103213,6,380,24,410
7103214,15,549,46,610
7103301,0,21,0,21
7103401,15,319,80,414
7103402,6,351,37,394
7103403,6,325,65,396
7103404,9,532,82,623
7103405,7,301,40,348
7103406,20,600,60,680
7103501,0,6,0,6
7103502,7,217,31,255
7103503,20,578,136,734
7103504,16,515,162,693
7103505,15,428,122,565
7103506,24,511,103,638
7103507,13,360,155,528
7103508,3,201,28,232
7103601,4,597,40,641
7103602,6,319,26,351
7103603,15,477,34,526
7103604,10,620,51,681
7103605,6,327,34,367
7103606,12,541,72,625
7103701,13,543,64,620
7103702,15,580,103,698
7103703,15,413,64,492
7103704,6,360,51,417
7103705,12,351,86,449
7103706,3,254,18,275
7103801,3,650,62,715
7103802,13,559,95,667
7103803,13,611,20,644
7103804,9,459,4,472
7103805,9,439,10,458
7103806,0,216,14,230
7103807,3,66,4,73
7103808,0,15,9,24
7103809,11,355,6,372
7103901,15,326,48,389
7103902,27,282,45,354
7103903,21,373,54,448
7103904,27,400,74,501
7103905,18,510,54,582
7103906,7,416,34,457
7103907,15,505,67,587
7104001,37,350,34,421
7104002,9,336,53,398
7104003,19,509,130,658
7104004,20,426,36,482
7104005,21,434,94,549
7104006,10,545,133,688
7104101,3,335,9,347
7104102,3,499,20,522
7104103,77,1274,52,1403
7104104,0,66,3,69
7104105,0,385,13,398
7104106,4,419,18,441
7104107,10,227,16,253
7104108,4,453,32,489
7104109,7,179,3,189
7104110,0,17,0,17
7104201,0,3,0,3
7104301,13,373,10,396
7104302,21,405,23,449
7104303,3,164,71,238
7104304,0,501,42,543
7104305,18,1062,67,1147
7104306,14,857,99,970
7104401,24,529,81,634
7104402,14,565,80,659
7104403,10,374,76,460
7104404,6,189,14,209
7104405,27,282,53,362
7104406,16,626,62,704
7104407,4,339,44,387
7104501,3,21,10,34
7104502,14,418,34,466
7104503,0,355,48,403
7104504,15,514,45,574
7104505,14,443,50,507
7104506,12,164,3,179
7104507,6,224,27,257
7104508,10,284,45,339
7104509,13,427,65,505
7104510,7,284,59,350
7104511,22,320,50,392
7104512,9,224,15,248
7104513,0,115,9,124
7104514,7,74,6,87
7104601,11,304,82,397
7104602,0,291,49,340
7104603,6,448,34,488
7104604,0,237,24,261
7104605,9,329,24,362
7104606,9,376,27,412
7104607,0,21,0,21
7104608,9,360,52,421
7104609,7,440,37,484
7104610,21,379,99,499
7104611,15,355,35,405
7104612,16,484,30,530
7104613,0,186,8,194
7104614,0,179,27,206
7104615,6,190,13,209
7104701,0,0,0,0
7104702,0,47,40,87
7104703,17,466,35,518
7104704,15,414,16,445
7104705,3,498,61,562
7104706,12,462,65,539
7104707,12,410,26,448
7104708,18,504,79,601
7104709,17,599,51,667
7104710,15,582,40,637
7104801,0,0,0,0
7104802,12,432,99,543
7104803,27,577,144,748
7104804,29,534,101,664
7104805,12,335,61,408
7104806,3,441,36,480
7104807,26,729,86,841
7104808,3,295,35,333
7104809,0,356,14,370
7104810,9,270,3,282
7104811,6,337,25,368
7104812,0,3,0,3
7104813,0,0,0,0
7104901,10,250,34,294
7104902,5,171,55,231
7104903,4,435,24,463
7104904,6,529,14,549
7104905,3,401,45,449
7104906,0,0,0,0
7104907,6,325,27,358
7104908,12,332,42,386
7104909,7,334,76,417
7104910,9,414,69,492
7105001,0,49,0,49
7105002,9,663,163,835
7105003,15,235,43,293
7105004,13,257,25,295
7105005,12,150,23,185
7105006,3,122,35,160
7105007,6,205,59,270
7105008,0,29,41,70
7105009,0,0,0,0
7105101,0,406,25,431
7105102,0,0,0,0
7105103,3,140,20,163
7105104,49,386,39,474
7105105,6,301,12,319
7105106,62,374,77,513
7105107,3,163,15,181
7105108,3,41,0,44
7105109,3,165,4,172
7105201,3,89,3,95
7105202,0,3,558,561
7105203,3,254,18,275
7105204,15,478,63,556
7105205,0,0,0,0
7105206,10,182,7,199
7105207,4,175,7,186
7105208,4,26,110,140
7105209,6,285,73,364
7105210,3,85,0,88
7105211,6,53,9,68
7105212,3,41,0,44
7105213,28,430,57,515
7105214,0,24,0,24
7105215,4,140,57,201
7105216,15,351,54,420
7105301,6,233,30,269
7105302,0,168,39,207
7105303,16,407,29,452
7105304,0,26,0,26
7105305,16,275,127,418
7105306,8,140,3,151
7105307,0,67,0,67
7105308,3,139,15,157
7105309,0,9,0,9
7105310,3,66,9,78
7105311,0,0,0,0
7105312,6,202,32,240
7105313,28,560,36,624
7105314,3,228,3,234
7105401,40,578,69,687
7105402,0,0,0,0
7105403,12,180,30,222
7105404,8,181,15,204
7105405,17,226,9,252
7105406,0,113,12,125
7105407,4,182,9,195
7105408,4,97,3,104
7105409,3,97,11,111
7105410,13,141,13,167
7105501,3,133,18,154
7105502,7,245,29,281
7105503,4,260,54,318
7105504,24,451,61,536
7105505,5,209,6,220
7105506,3,189,15,207
7105507,14,422,4,440
7105508,4,88,0,92
7105509,3,54,0,57
7105510,12,267,70,349
7105601,12,213,58,283
7105602,7,392,63,462
7105603,10,525,81,616
7105604,23,449,60,532
7105605,20,223,152,395
7105606,3,145,73,221
7105607,0,26,0,26
7105608,6,52,70,128
7105609,3,76,37,116
7105610,12,226,45,283
7105611,0,0,0,0
7105701,4,54,3,61
7105702,3,155,24,182
7105703,13,333,22,368
7105704,17,204,15,236
7105705,3,382,55,440
7105706,0,152,26,178
7105707,3,266,38,307
7105708,35,433,87,555
7105709,24,423,51,498
7105710,15,221,99,335
7105711,12,448,76,536
7105712,6,177,21,204
7105713,6,271,55,332
7105801,15,416,23,454
7105802,0,95,0,95
7105803,16,329,36,381
7105804,9,366,3,378
7105805,0,180,9,189
7105806,0,63,0,63
7105807,9,154,9,172
7105808,6,166,27,199
7105901,59,2020,32,2111
7105902,3,178,9,190
7106001,3,77,3,83
7106002,0,143,0,143
7106003,58,1429,43,1530
7106004,13,347,15,375
7106005,6,432,9,447
7106101,29,1082,59,1170
7106102,18,281,12,311
7106103,88,2139,67,2294
7106104,15,258,0,273
7106105,0,58,0,58
7106106,9,52,3,64
7106107,6,98,21,125
7106108,16,399,9,424
7106201,15,158,3,176
7106202,0,398,6,404
7106203,19,405,16,440
7106204,0,19,0,19
7106205,34,770,31,835
7106206,0,274,10,284
7106207,3,260,34,297
7106208,0,0,0,0
7106209,3,113,7,123
7106301,17,203,0,220
7106302,8,161,0,169
7106303,39,781,53,873
7106304,15,297,0,312
7106305,51,1013,16,1080
7106306,0,23,0,23
7106307,51,1963,110,2124
7106308,37,692,114,843
7106309,21,803,12,836
7106310,13,351,34,398
7106311,9,149,0,158
7106312,3,85,28,116
7106313,0,124,4,128
7106314,0,69,0,69
7106315,9,103,6,118
7106316,0,11,0,11
7106317,0,30,0,30
7106401,0,103,16,119
7106402,9,424,21,454
7106403,9,767,134,910
7106404,15,633,66,714
7106405,12,585,40,637
7106406,6,568,27,601
7106407,3,489,12,504
7106501,12,290,11,313
7106502,14,490,8,512
7106503,3,99,12,114
7106504,21,259,12,292
7106505,3,89,16,108
7106506,3,213,31,247
7106507,6,268,4,278
7106508,9,168,18,195
7106601,0,337,36,373
7106602,15,295,106,416
7106603,3,51,16,70
7106604,18,566,101,685
7106605,0,30,25,55
7106606,9,464,12,485
7106607,9,91,0,100
7106608,25,995,38,1058
7106609,0,0,0,0
7106610,0,4,0,4
7106611,0,246,10,256
7106612,0,165,20,185
7106613,12,199,9,220
7106614,0,15,132,147
7106701,32,376,36,444
7106702,10,502,54,566
7106703,17,308,40,365
7106704,22,356,145,523
7106705,3,336,49,388
7106706,13,273,59,345
7106707,8,517,41,566
7106708,34,423,36,493
7106709,0,149,12,161
7106710,3,28,3,34
7106711,12,299,18,329
7106712,7,280,12,299
7106713,0,131,12,143
7106714,15,216,9,240
7106715,6,313,36,355
7106716,18,263,14,295
7106717,3,679,59,741
7106718,4,286,25,315
7106719,18,649,18,685
7106720,3,313,98,414
7106721,0,34,18,52
7106722,7,389,86,482
7106723,12,311,41,364
7106724,11,344,21,376
7106725,6,179,51,236
7106801,0,69,37,106
7106802,6,207,20,233
7106803,0,79,9,88
7106804,4,115,6,125
7106805,9,164,21,194
7106806,21,293,32,346
7106807,30,588,40,658
7106808,3,112,26,141
7106809,15,235,18,268
7106810,9,110,15,134
7106811,0,73,0,73
7106812,0,150,9,159
7949999,73,1530,264,1867
7979991,0,0,0,0
7979992,0,0,0,0
7979993,3,102,6,111
8100101,90,217,27,334
8100102,9,325,42,376
8100103,6,282,6,294
8100104,8,438,37,483
8100105,22,505,12,539
8100106,16,423,20,459
8100201,20,415,68,503
8100202,10,286,45,341
8100203,6,416,28,450
8100204,0,9,0,9
8100205,0,0,0,0
8100206,0,406,79,485
8100207,6,452,121,579
8100208,3,346,60,409
8100209,14,258,35,307
8100210,12,334,23,369
8100211,15,489,44,548
8100212,38,323,76,437
8100301,3,321,40,364
8100302,24,456,129,609
8100303,7,604,61,672
8100304,0,227,6,233
8100305,3,583,79,665
8100306,9,369,12,390
8100307,0,225,18,243
8100308,3,820,480,1303
8100309,0,261,15,276
8100310,0,245,9,254
8100311,3,256,20,279
8100312,5,386,17,408
8100313,3,469,74,546
8100314,24,114,3,141
8100401,15,233,3,251
8100402,3,419,6,428
8100403,21,381,66,468
8100404,6,324,31,361
8100405,8,435,15,458
8100406,24,521,34,579
8100407,27,461,40,528
8100501,11,276,9,296
8100502,9,376,24,409
8100503,7,322,16,345
8100504,0,300,0,300
8100505,12,354,24,390
8100506,9,165,6,180
8100507,3,330,6,339
8100508,9,214,9,232
8100509,13,370,27,410
8100601,16,777,29,822
8100602,18,192,0,210
8100603,8,601,30,639
8100604,9,282,0,291
8100605,9,401,6,416
8100606,16,302,6,324
8100607,11,449,9,469
8100608,17,424,0,441
8100609,13,350,3,366
8100610,13,332,9,354
8100611,9,425,36,470
8100612,9,516,21,546
8100613,3,244,9,256
8100614,3,328,15,346
8100615,18,194,9,221
8100616,12,481,3,496
8100617,15,417,6,438
8100701,25,489,3,517
8100702,4,242,4,250
8100703,7,478,3,488
8100704,12,182,7,201
8100705,6,435,15,456
8100706,15,359,6,380
8100707,21,450,6,477
8100708,12,290,7,309
8100709,19,312,11,342
8100710,18,363,12,393
8100711,21,548,17,586
8100712,20,385,12,417
8100713,3,305,12,320
8100714,7,273,9,289
8100801,27,346,14,387
8100802,19,462,11,492
8100803,21,415,3,439
8100804,10,258,15,283
8100805,12,447,32,491
8100806,12,352,6,370
8100807,13,605,18,636
8100808,19,285,51,355
8100809,24,515,7,546
8100810,15,335,6,356
8100811,12,233,0,245
8100812,22,404,12,438
8100901,10,342,19,371
8100902,9,239,22,270
8100903,16,368,58,442
8100904,11,339,7,357
8100905,12,312,16,340
8100906,12,456,12,480
8100907,9,263,35,307
8100908,15,294,12,321
8100909,10,248,30,288
8100910,9,305,69,383
8101001,15,355,3,373
8101002,7,358,7,372
8101003,10,456,15,481
8101004,10,337,9,356
8101005,18,515,12,545
8101101,9,595,30,634
8101102,10,325,9,344
8101103,19,595,18,632
8101104,9,443,3,455
8101105,6,260,26,292
8101106,7,214,20,241
8101107,0,0,0,0
8101108,12,178,12,202
8101109,0,237,9,246
8101110,4,241,12,257
8101201,0,0,3,3
8101301,12,190,9,211
8101302,21,423,62,506
8101303,18,336,6,360
8101304,15,276,18,309
8101305,3,407,9,419
8101306,9,334,3,346
8101307,0,188,7,195
8101308,4,281,0,285
8101309,0,0,0,0
8101310,13,225,9,247
8101401,15,236,18,269
8101402,18,464,14,496
8101403,23,556,9,588
8101404,15,485,7,507
8101405,15,367,18,400
8101406,12,243,6,261
8101407,15,537,24,576
8101501,24,617,15,656
8101502,10,268,4,282
8101503,12,311,15,338
8101504,18,318,15,351
8101505,21,465,10,496
8101506,19,315,4,338
8101507,88,533,67,688
8101508,16,313,0,329
8101509,5,374,14,393
8101510,21,346,15,382
8101511,6,240,8,254
8101512,15,268,20,303
8101601,14,416,6,436
8101602,9,181,3,193
8101603,25,414,11,450
8101604,15,391,9,415
8101605,15,348,30,393
8101606,13,475,6,494
8101607,15,255,0,270
8101608,0,0,0,0
8101609,22,442,3,467
8101610,6,241,0,247
8101611,7,345,18,370
8101612,26,492,12,530
8101613,26,358,16,400
8101614,15,388,18,421
8101615,14,452,13,479
8101616,18,472,13,503
8101617,6,383,23,412
8101618,15,384,0,399
8101619,10,408,12,430
8101701,9,290,12,311
8101702,21,504,25,550
8101703,15,562,10,587
8101704,15,270,18,303
8101705,15,312,15,342
8101706,11,537,14,562
8101707,12,406,30,448
8101708,7,169,0,176
8101709,11,301,13,325
8101801,0,0,0,0
8101901,0,493,14,507
8101902,3,554,15,572
8101903,3,134,0,137
8101904,6,386,11,403
8101905,9,442,15,466
8101906,13,291,7,311
8101907,13,522,18,553
8101908,16,474,26,516
8101909,11,393,18,422
8101910,15,332,18,365
8101911,12,438,24,474
8101912,9,341,15,365
8101913,22,383,18,423
8102001,9,290,6,305
8102002,14,337,6,357
8102003,9,262,12,283
8102004,7,237,6,250
8102005,27,305,27,359
8102006,14,250,15,279
8102007,18,299,40,357
8102008,9,355,3,367
8102101,17,570,27,614
8102102,12,379,5,396
8102103,17,512,29,558
8102104,18,482,4,504
8102105,22,669,25,716
8102201,7,221,0,228
8102202,0,276,9,285
8102203,20,418,21,459
8102204,14,485,40,539
8102205,19,525,20,564
8102206,9,302,24,335
8102207,24,441,18,483
8102208,7,289,12,308
8102301,18,448,21,487
8102302,3,242,6,251
8102303,22,411,9,442
8102304,18,401,26,445
8102305,4,315,6,325
8102306,12,354,15,381
8102307,180,292,82,554
8102401,7,237,9,253
8102402,16,443,21,480
8102403,12,328,6,346
8102404,6,262,9,277
8102405,15,246,19,280
8102406,6,392,21,419
8102407,7,223,25,255
8102408,20,440,31,491
8102501,21,302,15,338
8102502,6,400,30,436
8102503,15,465,22,502
8102504,12,422,18,452
8102505,0,271,6,277
8102506,18,507,21,546
8102601,7,321,3,331
8102602,3,178,5,186
8102603,20,388,12,420
8102604,9,437,9,455
8102605,9,242,5,256
8102606,16,521,18,555
8102607,15,376,12,403
8102701,7,467,12,486
8102801,0,25,0,25
8102901,0,29,3,32
8103001,6,229,50,285
8103002,11,232,14,257
8103003,6,37,9,52
8103004,0,13,0,13
8103005,21,259,20,300
8103006,0,15,0,15
8103101,0,6,301,307
8103201,0,37,0,37
8103301,3,235,12,250
8103401,9,362,7,378
8103402,10,219,0,229
8103403,4,418,9,431
8103404,11,416,13,440
8103405,14,428,6,448
8103406,12,372,6,390
8103407,9,276,6,291
8103408,9,474,12,495
8103409,6,257,3,266
8103410,3,482,8,493
8103411,3,565,4,572
8103412,4,472,6,482
8103413,12,411,3,426
8103414,4,222,3,229
8103501,0,249,12,261
8103502,3,438,21,462
8103503,9,441,9,459
8103504,3,296,13,312
8103601,3,353,24,380
8103602,7,458,16,481
8103603,6,602,25,633
8103701,0,547,14,561
8103801,6,903,27,936
8103802,7,830,19,856
8103803,6,500,19,525
8103901,0,522,25,547
8103902,15,722,34,771
8103903,12,680,20,712
8103904,3,491,9,503
8103905,8,535,36,579
8103906,12,644,41,697
8104001,6,510,38,554
8104002,6,318,9,333
8104003,17,515,19,551
8104004,25,647,9,681
8104005,9,365,20,394
8104006,3,295,9,307
8104007,8,455,27,490
8104008,6,498,37,541
8104009,13,556,96,665
8104010,3,463,25,491
8104011,0,0,0,0
8104012,15,561,31,607
8104101,0,35,3,38
8104201,0,3,0,3
8104301,6,314,15,335
8104401,3,482,37,522
8104402,6,533,29,568
8104403,24,671,45,740
8104404,6,525,37,568
8104405,9,416,12,437
8104406,14,638,25,677
8104407,0,0,0,0
8104408,6,579,16,601
8104409,3,299,24,326
8104501,0,6,0,6
8104601,4,209,12,225
8104602,9,404,6,419
8104603,7,234,0,241
8104604,8,263,3,274
8104605,9,229,6,244
8104606,15,334,0,349
8104607,11,225,3,239
8104608,12,507,15,534
8104609,12,261,12,285
8104610,21,568,9,598
8104611,15,632,7,654
8104612,5,197,9,211
8104613,14,391,9,414
8104614,3,265,6,274
8104615,21,617,28,666
8104616,6,193,6,205
8104617,9,466,18,493
8104618,12,375,10,397
8104619,7,271,6,284
8104620,8,328,32,368
8104621,9,322,15,346
8104622,6,296,20,322
8104623,12,507,7,526
8104624,0,0,0,0
8104625,3,386,30,419
8104701,3,271,15,289
8104702,9,339,13,361
8104703,12,485,12,509
8104704,12,241,9,262
8104705,15,409,24,448
8104706,6,325,21,352
8104707,9,197,8,214
8104708,9,311,3,323
8104709,10,242,7,259
8104710,13,441,6,460
8104711,10,491,14,515
8104712,9,252,18,279
8104713,13,416,13,442
8104714,0,0,0,0
8104715,9,291,6,306
8104716,4,400,18,422
8104717,6,495,12,513
8104718,7,503,9,519
8104719,4,456,9,469
8104801,0,331,10,341
8104802,22,487,15,524
8104803,4,318,3,325
8104804,15,382,10,407
8104805,12,464,34,510
8104806,5,330,9,344
8104807,9,281,12,302
8104808,9,361,10,380
8104809,21,461,6,488
8104810,5,293,3,301
8104811,9,375,6,390
8104812,16,520,6,542
8104813,13,260,6,279
8104814,12,511,18,541
8104901,6,1807,149,1962
8104902,0,3,0,3
8104903,0,0,0,0
8105001,31,378,28,437
8105002,15,296,10,321
8105003,0,0,0,0
8105004,16,232,3,251
8105005,18,450,21,489
8105006,25,359,13,397
8105007,6,287,4,297
8105008,7,207,20,234
8105009,94,362,108,564
8105010,26,341,14,381
8105011,19,521,9,549
8105012,9,383,12,404
8105013,7,481,25,513
8105014,10,242,13,265
8105101,18,372,100,490
8105102,18,408,49,475
8105103,17,711,49,777
8105104,0,3,12,15
8105105,3,303,78,384
8105106,15,332,103,450
8105107,9,457,59,525
8105108,6,869,44,919
8105109,7,485,37,529
8105201,43,430,54,527
8105202,10,332,25,367
8105203,8,400,21,429
8105204,0,1624,88,1712
8105205,15,382,12,409
8105206,12,552,15,579
8105207,7,381,9,397
8105208,46,432,27,505
8105209,0,0,0,0
8105301,3,318,62,383
8105302,4,387,36,427
8105303,3,1299,125,1427
8105304,3,495,88,586
8105401,18,474,26,518
8105402,21,627,18,666
8105403,23,491,39,553
8105404,14,372,16,402
8105501,25,391,24,440
8105502,14,275,3,292
8105503,14,348,21,383
8105504,24,310,31,365
8105505,10,274,18,302
8105506,6,360,30,396
8105507,26,380,27,433
8105508,21,522,37,580
8105509,7,342,13,362
8105601,28,486,9,523
8105602,28,468,21,517
8105603,11,421,10,442
8105604,17,325,18,360
8105605,14,427,16,457
8105606,0,221,4,225
8105607,12,373,3,388
8105701,0,373,17,390
8105702,12,222,9,243
8105703,22,252,15,289
8105704,8,261,26,295
8105705,22,408,65,495
8105706,79,322,114,515
8105707,15,569,22,606
8105708,13,419,37,469
8105709,15,392,27,434
8105710,22,345,76,443
8105711,9,282,21,312
8105801,28,492,13,533
8105802,19,413,16,448
8105803,14,211,21,246
8105804,17,301,27,345
8105805,14,217,9,240
8105806,10,258,15,283
8105807,10,533,18,561
8105808,12,520,24,556
8105809,17,322,9,348
8105810,6,287,17,310
8105811,25,457,9,491
8105812,7,366,12,385
8105813,9,440,35,484
8105814,0,0,15,15
8105901,23,271,70,364
8105902,24,450,93,567
8105903,16,345,9,370
8105904,9,263,9,281
8106001,21,372,17,410
8106002,17,573,59,649
8106003,13,458,8,479
8106004,15,554,50,619
8106005,3,496,139,638
8106006,13,404,39,456
8106007,7,321,10,338
8106101,22,385,14,421
8106102,12,323,9,344
8106103,0,380,9,389
8106104,5,730,37,772
8106105,0,9,0,9
8106106,9,218,0,227
8106107,3,312,9,324
8106108,19,455,25,499
8106109,18,357,7,382
8106110,12,316,13,341
8106111,12,280,7,299
8106112,10,248,26,284
8106113,6,263,18,287
8106114,6,519,18,543
8106201,43,321,18,382
8106202,10,452,20,482
8106203,0,0,3,3
8106204,4,309,6,319
8106205,15,399,28,442
8106206,3,245,10,258
8106207,14,308,18,340
8106208,9,264,6,279
8106209,6,257,12,275
8106301,8,497,50,555
8106302,3,241,6,250
8106303,6,370,20,396
8106304,9,254,3,266
8106401,7,252,37,296
8106402,11,510,14,535
8106403,14,192,12,218
8106404,3,292,13,308
8106405,18,467,3,488
8106406,19,558,25,602
8106407,9,223,3,235
8106408,11,161,57,229
8106409,0,6,0,6
8106410,0,175,8,183
8106411,25,359,32,416
8106412,12,359,20,391
8106501,3,172,13,188
8106502,9,658,113,780
8106503,3,361,38,402
8106504,9,547,38,594
8106505,3,378,52,433
8106506,9,239,31,279
8106507,17,410,24,451
8106508,0,373,51,424
8106509,10,221,14,245
8106510,3,288,70,361
8106601,0,0,0,0
8106701,19,319,21,359
8106702,20,183,10,213
8106703,5,269,12,286
8106704,21,283,21,325
8106705,24,290,15,329
8106706,12,342,6,360
8106707,0,211,9,220
8106708,8,385,15,408
8106709,12,268,15,295
8106710,9,290,12,311
8106711,182,432,26,640
8106712,16,350,31,397
8106713,9,332,3,344
8106714,18,244,3,265
8106715,18,370,15,403
8106716,10,207,3,220
8106717,19,254,24,297
8106801,0,0,3,3
8106901,7,282,3,292
8106902,0,284,12,296
8106903,4,354,5,363
8106904,13,354,30,397
8106905,19,527,10,556
8106906,65,490,21,576
8106907,104,317,12,433
8106908,0,0,0,0
8106909,9,329,3,341
8107001,9,310,9,328
8107002,8,409,18,435
8107003,13,403,19,435
8107004,17,259,21,297
8107005,16,451,9,476
8107006,3,262,6,271
8107007,9,412,15,436
8107008,9,230,4,243
8107101,0,0,0,0
8107102,8,504,9,521
8107103,20,539,47,606
8107104,3,273,14,290
8107105,18,401,15,434
8107106,3,322,13,338
8107107,7,309,46,362
8107108,14,481,94,589
8107109,5,368,12,385
8107110,30,661,26,717
8107111,12,230,6,248
8107112,17,522,32,571
8107201,15,579,5,599
8107202,16,309,4,329
8107203,9,381,18,408
8107204,10,455,25,490
8107205,0,494,19,513
8107206,15,485,9,509
8107207,11,402,18,431
8107208,18,513,25,556
8107209,0,0,0,0
8107301,15,410,15,440
8107302,14,459,17,490
8107303,21,510,18,549
8107304,13,309,28,350
8107305,14,384,9,407
8107306,18,502,16,536
8107307,8,421,15,444
8107308,10,310,6,326
8107309,3,536,19,558
8107310,9,402,4,415
8107311,18,590,13,621
8107312,7,351,7,365
8107313,6,317,12,335
8107401,12,424,12,448
8107402,22,489,9,520
8107403,12,298,3,313
8107404,12,307,10,329
8107405,13,406,18,437
8107406,16,436,12,464
8107407,15,529,15,559
8107408,9,234,7,250
8107409,15,430,4,449
8107410,7,319,6,332
8107411,18,477,6,501
8107412,18,252,0,270
8107413,10,325,15,350
8107501,20,575,9,604
8107502,15,320,22,357
8107503,12,362,23,397
8107504,28,368,14,410
8107505,14,452,18,484
8107506,10,436,0,446
8107507,22,379,24,425
8107508,0,305,9,314
8107509,9,240,3,252
8107510,20,542,21,583
8107511,6,346,15,367
8107512,0,311,9,320
8107513,3,320,24,347
8107601,4,354,3,361
8107602,9,391,12,412
8107603,23,369,7,399
8107604,3,370,19,392
8107605,9,372,10,391
8107606,8,445,12,465
8107607,0,0,0,0
8107608,15,398,15,428
8107609,3,239,3,245
8107701,21,575,21,617
8107702,12,376,15,403
8107703,12,311,9,332
8107704,18,285,20,323
8107705,3,431,12,446
8107706,9,299,4,312
8107707,6,384,9,399
8107708,0,3,0,3
8107801,13,434,16,463
8107802,7,210,5,222
8107803,11,383,20,414
8107804,15,276,27,318
8107805,15,352,36,403
8107806,6,385,10,401
8107807,14,206,17,237
8107808,15,368,24,407
8107809,12,273,16,301
8107810,27,404,27,458
8107811,21,494,24,539
8107812,10,329,9,348
8107813,4,332,9,345
8107814,14,472,24,510
8107815,4,292,32,328
8107816,4,264,9,277
8107817,6,244,9,259
8107818,13,419,9,441
8107819,11,234,6,251
8107820,27,390,0,417
8107821,9,416,3,428
8107901,10,269,3,282
8107902,0,340,25,365
8107903,13,452,18,483
8107904,7,349,9,365
8107905,15,337,15,367
8107906,12,316,10,338
8107907,3,255,25,283
8107908,12,276,6,294
8107909,16,252,18,286
8108001,0,0,0,0
8108002,14,362,21,397
8108003,25,498,10,533
8108004,6,498,20,524
8108101,11,351,21,383
8108102,15,304,9,328
8108103,7,494,5,506
8108104,12,323,3,338
8108105,7,360,12,379
8108106,15,376,30,421
8108107,7,287,9,303
8108108,13,429,15,457
8108109,12,353,0,365
8108110,21,474,24,519
8108111,15,286,18,319
8108201,20,308,0,328
8108202,6,208,12,226
8108203,27,371,15,413
8108204,9,323,7,339
8108205,15,290,20,325
8108206,6,275,9,290
8108207,11,505,25,541
8108208,4,213,12,229
8108209,8,261,9,278
8108210,18,454,9,481
8108211,12,305,15,332
8108212,12,386,21,419
8108213,14,470,27,511
8108214,9,207,6,222
8108215,21,455,44,520
8108216,12,380,15,407
8108217,12,405,15,432
8108218,13,348,6,367
8108219,13,533,17,563
8108220,18,381,9,408
8108221,12,340,8,360
8108222,11,386,6,403
8108223,9,241,6,256
8108224,9,385,32,426
8108225,6,255,21,282
8108226,30,380,13,423
8108227,12,355,21,388
8108228,6,176,6,188
8108229,18,478,18,514
8108230,19,347,3,369
8108231,13,330,0,343
8108232,3,303,22,328
8108233,21,251,3,275
8108234,0,301,21,322
8108235,23,535,15,573
8108236,15,543,9,567
8108237,6,432,6,444
8108238,9,349,15,373
8108239,9,294,11,314
8108240,9,211,12,232
8108241,14,427,6,447
8108301,9,522,3,534
8108302,9,392,12,413
8108303,12,489,6,507
8108401,4,203,0,207
8108402,9,223,15,247
8108403,4,305,3,312
8108404,16,335,9,360
8108405,8,379,3,390
8108406,7,262,0,269
8108407,9,273,9,291
8108408,3,399,3,405
8108409,6,263,18,287
8108410,12,232,6,250
8108411,12,398,15,425
8108412,12,334,24,370
8108413,6,212,3,221
8108414,3,249,3,255
8108415,18,364,7,389
8108416,24,105,3,132
8108417,71,304,9,384
8108418,8,217,3,228
8108501,3,0,0,3
8108601,10,305,14,329
8108602,15,258,3,276
8108603,3,450,25,478
8108604,15,243,0,258
8108605,15,418,15,448
8108701,18,438,18,474
8108702,13,401,18,432
8108703,24,552,30,606
8108704,15,229,36,280
8108705,17,430,22,469
8108706,25,557,15,597
8108707,9,265,0,274
8108801,16,544,12,572
8108802,9,294,3,306
8108803,12,388,15,415
8108804,6,425,20,451
8108805,9,311,27,347
8108806,12,306,6,324
8108807,15,445,22,482
8108808,6,311,3,320
8108809,20,543,15,578
8108810,9,207,12,228
8108901,0,29,0,29
8109001,12,217,0,229
8109002,9,183,3,195
8109003,12,470,12,494
8109004,14,526,4,544
8109005,10,373,0,383
8109006,3,358,11,372
8109007,21,378,33,432
8109008,16,440,32,488
8109009,7,298,11,316
8109010,14,482,13,509
8109011,9,497,18,524
8109012,4,257,0,261
8109013,11,319,6,336
8109014,17,471,24,512
8109015,5,301,10,316
8109016,13,451,10,474
8109017,17,177,12,206
8109018,9,348,15,372
8109019,18,474,25,517
8109020,18,276,9,303
8109101,9,232,0,241
8109102,9,316,0,325
8109103,19,293,8,320
8109104,6,254,0,260
8109105,12,311,9,332
8109106,6,415,6,427
8109107,3,353,6,362
8109108,15,441,7,463
8109201,14,469,12,495
8109202,21,395,12,428
8109203,9,371,17,397
8109204,11,300,15,326
8109205,19,304,0,323
8109206,9,315,8,332
8109207,7,333,9,349
8109208,17,444,28,489
8109209,3,104,0,107
8109210,0,0,0,0
8109301,55,410,12,477
8109302,6,236,6,248
8109303,26,425,0,451
8109304,15,652,24,691
8109305,24,523,0,547
8109306,21,562,19,602
8109401,14,390,4,408
8109402,0,0,0,0
8109403,6,223,3,232
8109404,29,549,25,603
8109405,9,554,17,580
8109406,21,448,22,491
8109407,12,382,6,400
8109501,12,259,9,280
8109502,9,320,15,344
8109503,18,218,16,252
8109504,11,310,15,336
8109505,24,385,25,434
8109506,7,268,18,293
8109507,16,332,13,361
8109508,11,437,12,460
8109509,12,330,25,367
8109601,17,351,9,377
8109602,15,344,15,374
8109603,26,534,13,573
8109604,48,371,6,425
8109605,3,320,14,337
8109701,34,398,25,457
8109702,11,406,18,435
8109703,15,396,24,435
8109704,6,275,22,303
8109705,15,252,13,280
8109706,9,278,19,306
8109707,21,348,15,384
8109801,72,281,8,361
8109802,10,318,6,334
8109803,0,0,0,0
8109804,5,228,6,239
8109805,12,586,18,616
8109806,23,276,9,308
8109807,125,247,24,396
8109808,5,456,3,464
8109809,9,510,15,534
8109901,13,698,26,737
8109902,24,533,22,579
8109903,18,336,3,357
8109904,12,367,18,397
8109905,21,385,12,418
8110001,9,461,15,485
8110002,18,362,6,386
8110003,106,253,0,359
8110004,24,525,3,552
8110005,22,503,15,540
8110006,24,377,21,422
8110007,12,239,6,257
8110008,9,567,21,597
8110009,12,378,13,403
8110010,20,452,16,488
8110011,12,213,6,231
8110012,18,422,20,460
8110101,9,237,6,252
8110102,4,375,3,382
8110103,19,616,9,644
8110104,9,355,21,385
8110105,12,353,3,368
8110106,68,277,19,364
8110107,15,452,9,476
8110108,20,458,19,497
8110201,0,0,0,0
8110202,73,530,11,614
8110203,16,397,4,417
8110204,3,313,12,328
8110205,6,249,6,261
8110206,9,212,6,227
8110207,15,606,15,636
8110208,18,380,27,425
8110209,9,282,6,297
8110301,12,354,9,375
8110302,17,323,38,378
8110303,7,317,5,329
8110304,13,401,7,421
8110305,6,230,6,242
8110306,120,417,6,543
8110307,24,391,35,450
8110308,13,189,17,219
8110401,21,627,18,666
8110402,13,283,24,320
8110403,9,396,18,423
8110404,18,398,6,422
8110405,18,492,18,528
8110406,0,0,0,0
8110501,0,0,0,0
8110502,17,554,14,585
8110503,13,313,14,340
8110504,21,249,8,278
8110505,22,362,0,384
8110506,15,467,30,512
8110507,35,523,75,633
8110601,12,400,7,419
8110602,23,399,15,437
8110603,9,425,19,453
8110604,12,226,16,254
8110605,9,415,45,469
8110606,17,417,14,448
8110607,14,405,18,437
8110701,13,324,6,343
8110702,19,505,6,530
8110801,0,4,0,4
8110802,14,224,6,244
8110803,20,508,30,558
8110804,12,421,17,450
8110805,18,396,11,425
8110806,6,364,7,377
8110807,20,451,15,486
8110901,9,201,16,226
8110902,9,583,12,604
8110903,0,0,0,0
8110904,0,0,0,0
8110905,16,162,6,184
8110906,0,377,27,404
8110907,9,273,20,302
8110908,17,304,25,346
8110909,0,9,0,9
8111001,12,455,20,487
8111002,21,441,21,483
8111003,3,268,10,281
8111004,7,393,15,415
8111005,18,287,7,312
8111006,4,291,6,301
8949999,26,545,62,633
8979991,0,0,0,0
9100101,0,3,706,709
9100102,0,15,0,15
9100103,3,278,47,328
9100104,17,540,40,597
9100105,6,372,42,420
9100201,23,382,12,417
9100202,0,130,3,133
9100203,0,0,0,0
9100301,5,153,12,170
9100302,8,187,3,198
9100303,0,11,0,11
9100304,3,0,0,3
9949999,0,25,0,25
9979993,0,3,0,3
